28.241
29.938
27.256
27.635
29.514
27.256
50.852
44.471
28.15
28.468
26.923
41.38
35.682
31.439
27.377
31.969
32.833
28.165
27.817

32.318
29.241
30.651

36.409
50.17
28.847
33.151
47.957

27.786
43.759
39.91
51.321
31.757
27.832
29.029

33.439
34.091
32.727
35.924
38.47
51.852
47.715
29.878

46.563
28.559
30.59

25.998

27.923


28.484


29.12

46.048
36.046
34.939
34.485
42.426

32.515
28.908
27.453
28.574
27.665
28.105
27.62
33.454
29.09
27.408

28.196
29.347
29.65
39.486

52.928
35.849
34.06
60.778
30.181
48.139
30.817
35.318

33.272
28.696
28.408
27.938


27.923


29.014
27.529

44.593
37.985
27.65

35.076
30.469
28.105


33.06

34.045
29.378
51.852
46.138
34.273
45.275
48.457

30.954

29.832
26.983
28.65

26.771

28.923


32.121




46.548
41.107
55.625
51.079
42.229
28.802
28.605
27.589
27.347
27.544
27.877
28.287
27.559
29.969
27.983
41.471
52.928
48.578
29.65

28.453

27.104

28.135

27.165
30.726
35.515

32.53
32.227

27.695
28.347

29.135

26.953
27.938
26.741
27.695
26.498



30.802
26.877
26.923
31.226
40.243
32.984
55.519
36.864
51.579
35.303
29.014
28.787
27.695

29.787

27.347
32.075
28.771
34.06
28.65
33.197
29.605
53.337
35.258
31.575
63.672

64.672

46.972
33.181
29.014

28.635
28.908
27.847
27.999
30.029
29.029
27.953
28.211
28.226
29.938
36.728
29.135
28.499
36.94

32.909
44.29
28.696
30.696
27.498
26.892
39.334

27.241
27.301
28.362
28.256
28.347
28.408


44.941
26.195

26.604
29.635
29.211
48.26
32.227
32.969
26.892
40.562
28.332
30.423
29.378
31.681
27.544
35.955
26.316
27.726
27.892
35.712
31.681
47.972
47.002
30.666
35.121
37.652
27.695
27.271
47.987
46.517

28.014
29.484
28.984
37.364
27.438

29.135
31.151
28.893
27.999

28.559

36.591
39.637
46.76
37.622

27.559


30.696
28.908
30.257
28.893

27.226
28.665
27.347
29.347


38.425

27.832
27.68


28.62

32.727
28.832
42.016

29.802


35.636





46.548



47.502




39.955
46.623





38.182

29.12

27.529

26.225

28.302

27.938
28.711
36.682

44.168
27.771
27.135

32.53

28.317

36.121

43.82

28.332
31.12
30.348

41.85
47.715
28.893
42.365
29.029
28.711
41.713

29.499
42.592

35.985
29.029


37.879
28.347
28.317
32.015
35.151
28.544
27.756
36.182
29.605

36.955
28.529
43.486
27.862
43.653
30.12
29.878
28.287
53.761
29.12
34.651
27.892
42.001
28.089
29.332
29.756
27.256
31.833

32.136
28.787
27.953
31.711

27.726

45.214
30.469


28.484
28.453
29.438

31.954

34.909
43.183
41.759

34.227

29.544

28.802

27.786

28.18
42.698
28.999

29.393

49.033

27.938



28.514

41.441

28.605



32.909
29.544
29.878
29.181








45.608


31.757

42.123
28.089
43.259
32.651

28.089

53.822

37.697
28.089


42.168
28.362



28.453
37.955
27.483


27.211






49.412

27.635
30.469

30.09

49.518
34.424
39.607
27.271
29.044

51.185
29.044
27.468
28.241
28.18
33.378
34.682
30.817
27.999
32.378
30.59


28.18

28.802

32.227
27.377
30.817
28.938
33.545

34.53

29.165

43.88
27.544
48.76


27.559
32.181
26.771
26.589

29.332
28.089
38.652
36.561

49.291
42.41

37.303

33.803

28.241
28.802
33.788


29.165
28.862

27.18

34.894
27.741
28.302
28.18




45.79
37.773
26.332




32.015
32.742
35.303

28.802


27.832

32.515



28.347

31.484

40.895

26.832

38.955

32.969

28.559

28.635













24.665







50.7

31.272







28.317





30.575




41.547


32.59

41.638


27.468

28.574
27.377



28.605

28.029




26.574




31.333

29.029

32.878

33.121

28.741

33.075








31.575
40.289

48.412





29.256
29.514





28.847


33.439

27.317


27.559
28.241
29.711
31.787


26.923

27.059

42.88
28.544


40.456
41.501
28.014
30.151

44.668
28.953
28.711
28.862
37.743
28.029
28.15

31.802
28.059

26.938

28.893
31.53

31.924


28.362

26.62
27.423

26.832

27.408
28.408

27.711

31.59
33.924
27.892
32.242
28.544

27.089
26.953

28.059

28.362

55.489
28.635
28.711
27.802





35.258

28.817


29.696

49.897
26.574
29.105
28.226
31.787
28.408
28.65
33.166
55.125

28.726
27.559
33.985
35.621
29.09
30.454
35.697
63.445
29.802
28.105

41.138
28.559
36.925
28.377
29.756
31.166

29.044
26.907

27.65
27.983

27.514
37.561
28.423
28.347

38.349
38.576
30.06
31.196



34.485

28.574


40.107

28.938





27.862

27.665
27.256
28.635

27.786

31.984


28.12


30.378

28.438

27.044
39.713


37.91


27.529

36.015
40.137
28.347

29.287
27.711

27.756



48.639
31.302



31.287
39.44


31.711


38.198

57.686

34.47




29.999

28.984

28.453
45.063

28.362

28.165

27.877
37.849





28.377

28.074


28.196
27.832

42.562

27.862

39.516
27.999
27.605

28.938
27.771

48.76
34.47
29.529
27.135
27.711

28.938

27.847
28.287
27.559

28.12
29.635
28.484
28.923
27.65


28.453

25.513

28.862
35.515


27.817























33.121


30.181



28.362
26.771




28.256

42.168




29.499
26.423
27.68
29.923







27.968







30.939


28.18
28.135











29.105

27.983
28.135
28.438
29.09

27.968
35.47
58.974

28.908

27.392
28.332
27.453
27.862
35.636

31.575
30.317
27.014

31.802

29.969

42.289

46.745

26.544
29.347
32.939
28.681
28.423
27.832
40.622
30.378
27.544
30.666
53.67
30.272
31.802
28.817
27.968
34.076
27.953
31.939
28.832
27.301
30.666
28.256
39.561
32.984
43.441
28.196
31.408
31.136
37.137
28.059
26.923
28.408
28.453
26.771
27.377
31.666
28.302
27.832
29.029
39.88
49.609
25.437
27.317
27.392
37.804
28.756
46.123
27.498
27.468
38.258
27.953
27.65
27.741
27.15
28.544
27.271
28.302
27.544
38.682
28.968
28.393

59.99
42.032
43.759
28.529
27.635
37.607
29.484
27.953
28.18
33.181
27.877
28.544
25.968
28.681
28.302
35.803
43.032
26.18
27.347
27.165
29.681
27.104
35.636
29.226
28.544
28.332


45.623
27.726
28.893

35.849

27.786
27.908
28.59

48.942
31.257
37.167
42.426
36.576
28.211
41.865
29.499
28.044
26.589
28.514
28.802
28.862
29.559
28.287
30.393
27.104
28.468
27.62
29.408
28.15
35.045
48.351
32.469
45.396
38.561
28.332
30.802
54.958
27.544
28.256
33.045
28.423
28.377
27.665
29.241
28.938
51.927
32.818
35.242
36.091
32.606
27.286
27.983
28.423
27.908

27.241
44.487
29.15
28.726
33.06
28.62
30.363
27.726
28.453
28.559
28.059
34.257
27.241
29.12
33.833

27.862
31.59
27.968
31.999
27.498
27.65
28.499
27.862
28.332
26.741
26.71
45.381
29.272
28.923
29.075
29.802
28.453
28.014
28.59
26.316
27.362
27.12
28.226
28.484
27.983
27.605
29.484
36.909
27.059
28.377

33.363
28.377
29.226
54.58
28.605
28.65
27.392


28.878


27.923

31.029
30.635
29.165
27.392
28.468
28.984
33.106
27.847
37.455
36.637
33.394
38.364
30.393
27.377
29.059
28.938
28.287
31.423

47.881
27.468
29.666
57.686
55.277
28.287
28.847
30.635
28.862
37.228
28.211
28.332
26.892
27.362
30.044
30.499
27.408
29.165
40.683
29.272
31.605
28.377
27.574
27.665
27.483
26.998
28.802
26.862
26.059
38.213
29.241
48.002
46.714
28.741
43.138
28.908
28.484
28.62
27.498
27.423
28.211
27.256
27.635
32.348
27.195
31.999
28.377
30.681
27.241
28.059
27.68
28.044
27.029
29.272
26.983
29.347
29.378
28.287
37.273
37.046
30.12
33.606
27.665
28.12
27.635
27.908
27.483
29.332
27.12
30.257
30.044
31.484
31.53

53.579
37.925
44.79
29.832
31.711
28.62
29.044

26.665
31.348
27.999
26.877
30.378
54.064
28.544
27.559
38.94
28.211
29.378
29.514
31.53
29.393
43.396
28.484
26.923

28.271
30.711
29.666
27.938
28.923
44.835
28.408
31.317
36.985
35.061
42.638
28.832
46.654
29.044
37.591
28.832
28.423
26.468
29.165
41.592
29.575
29.12

36.682
31.969
29.681
61.278
37.425
27.286
28.999
29.105
28.014
27.453
26.438
33.545
29.453
27.968
27.544

29.075
28.453
31.242
30.317
29.802
28.241
31.727
28.241
27.983
34.485
27.605
28.029
29.499
30.454

28.862
28.62
46.048
34.318
27.786
28.968
28.635
27.544
28.817
28.211
29.135

29.075
30.272
32.909
35.03
28.756
30.999
28.878
29.938
27.832
33.757
27.498
27.089
39.789
28.044
26.801
49.366
30.196
28.468
30.044

29.741
28.226
28.256
31.272
27.802
27.362
29.893
27.438
28.574
27.711
37.561
35.394
31.666
28.423
27.68
27.726
27.62
28.999
31.287

41.91
27.953
30.893
45.82
35.833
27.286
30.999
27.347
30.59
38.001
46.927
38.031
35.091

38.47

28.953
29.226
39.516
31.242
28.211

27.968
28.605
30.09
27.65
29.544
28.984

33
27.347
26.544
26.832
28.923
27.377
27.408
26.65
28.65
27.529
27.514
47.775
27.12
29.211
38.243
27.802
28.18
27.862
29.605
27.377
26.953
29.105
27.771
27.317
28.347
44.108
26.529
28.62
28.468
33.879
42.289
39.243
30.302
28.074
29.181
28.605
29.469
27.817
28.438
26.438
28.544
25.619
27.392
30.908
29.347
35.455
27.271
42.153
30.832
36.076
27.695
28.771
26.589
27.635
27.68
27.453
29.559
28.165
43.971
27.392
28.12
35.879
27.589
35.318
26.862
35.682
26.771
27.286
28.014
43.305
30.12
30.166
28.878
27.726
51.049
30.12
28.135
30.348
31.317
27.165

27.892
27.044

27.392
46.396
29.741
28.302
27.877

27.832
27.756
28.59
28.953
27.574
26.817
28.756
26.953
28.105
42.001
27.18
27.999
28.529
27.771
36.076


29.878
36.046
32.499
26.65
28.484
48.321
26.923
44.062
42.107
27.559
27.983
35.121
27.605
36.652
27.968

27.756
38.97
28.938
29.15
28.377
29.969
57.383
47.593
32.196
46.76
57.201
32.06
28.953
29.135
27.953
32.636
28.226
26.953
26.953
41.744
30.878
42.168
29.241
35.5
37.485
29.711
33.924
40.031
45.911
51.7
36.758
32.302
28.953
41.092
28.893
29.105
28.802
27.195
27.18
28.438
31.287
28.287
28.665
27.786
28.211
31.454
28.878
28.256
31.075
63.869
50.942
31.696
43.471
28.377
27.999
63.278
28.302
30.287

27.483
28.999
37.485
27.802
34.545

35.318
29.135
39.607
28.226
29.469
39.774
27.802
29.605
28.862
30.848
29.347
28.347
28.802
36.364
37.47
28.787
27.711
27.12
27.908
29.438
27.968
51.306
39.834
29.241
28.014
27.877
33.09
28.196
38.758
29.59
28.287
30.696
35.242
34.485
27.392
32.196
53.352
43.108


34.242
28.908
29.105
28.559
37.091
31.12
31.787
28.12
28.817
32.545
28.908
27.892
43.183
26.756


41.607
30.014

28.499
28.362
27.271
28.423


31.863
28.908

48.215
33.818
33.575
28.711
30.09
35.743
28.802
28.165
27.832
55.231
38.667
29.196
37.894
46.411
29.438
29.241
35.091
32.909
27.817
32.393
28.756
28.893
29.711
29.196
30.772
27.999
26.892
43.79
27.453
43.411
34.091
30.272
54.383
35.348
29.544

60.02
28.665
29.756
27.938
27.908
26.938
33.333
27.953
27.529
27.786
34.091
41.319
39.137
29.469
30.954

34.379
28.681
28.302
32.621
28.347
28.665
27.317
42.41
27.241
28.468
33.863
27.983
50.351
31.029
30.908
40.88
41.971
33.136


35.197

32.454
29.484
45.987

28.574
29.484
30.302
49.851


33.015



38.334

37.031
55.686
28.347
31.954
33.818
29.484
41.031
32.09
28.923
32.757
28.817



50.321

43.714
40.546




39.592



29.165



29.681

28.423
39.122

48.73
27.786
32.439
37.849
27.68
26.741
27.62
27.908

28.105

37.561

28.923
34.697
27.347
26.998
30.408
29.847
27.089
27.635
27.362
29.302
28.514
29.893
33.803
29.181
34.379
27.014
28.165
28.968
28.029
30.863
28.211
34.545
53.534
28.347
34.333
27.605
26.847
28.029
30.545
31.06
37.288
57.065
45.35
33.697
28.665
29.484

27.665
46.911
25.741
26.423
28.059
28.074
28.287
29.878











34.5
28.59
30.044
28.347
26.771
34.576
40.213
34.106
28.271
37.697
36.758
27.938
30.529
32.272
27.983
35.591
29.756
29.059
47.608
29.62
34.424
46.229
28.105
51.837
36.985
42.365
27.529
27.408
27.574
28.665
26.726
28.574
38.016
27.574
28.484
40.865
53.094
34.076
28.165
40.546
27.514
56.05
28.893
27.574
28.529
27.377
27.211
28.271
27.786
28.135
35.697
42.698
39.046
57.838
28.15
29.378
37.91
28.59
32.045
28.787
34.03
30.59
28.681
28.635
34.06
43.896
27.423
28.862
50.927
57.474
33.954
28.302
27.392
29.635
33.772

34.864
27.211
27.332
29.272
30.044
26.953
28.287
28.681
41.213
28.302
26.65
54.201
28.605
35.03
27.847

30.044

26.832
27.392
29.469

26.135

28.514
28.605
28.453
28.65
38.531
27.711
34.788
37.288
31.075
27.999
27.847
27.938
39.531
37.106

59.823
47.411
28.938
28.287
41.895
34.879
34.53
27.211
34.97
28.377
34.636
33.424
28.787
28.453
28.832
27.211
28.408
28.393
27.074
47.214
37.061
33.985
29.969
28.711

48.533
53.807
27.892

30.59
28.514
29.181
27.226

31.272
27.271
27.377
27.605
34.667
29.499
28.393
40.713
30.984
35.879
27.68
32.772
27.453
27.453
28.696
27.756
43.835

27.104
28.832
27.498

26.332
26.801
27.226
27.711
27.938
34.242
26.938
27.211
27.574
34.742
27.211
27.817

26.892
27.089
32.666
27.438

25.24
29.893
27.014
27.347
28.044
25.862
30.196
28.908
28.12
39.213
28.771
28.393

27.332

27.741

37.485
54.261
27.877

29.575
31.893
29.014
52.867
39.516
26.574
29.666
28.362
31.605
33.818
26.165
30.969
31.423
31.711
29.711
29.09
64.506
33.788
29.484
28.377
28.65
28.635
32.105

27.741
27.923
28.074

28.817

52.458

29.256

28.756

28.393
29.105
27.286
42.501
40.85
28.18
49.457
43.32
45.047
28.938
28.681
28.771
28.089
29.953
28.014
26.544
27.408
26.544
28.878
39.683
27.892
39.486
48.548
38.895
31.317

29.12
26.756
31.984
28.832
26.892
28.484
49.321
33.242
42.577
27.498
46.76
44.259
32.636
28.271
29.499
36.667
28.787
27.968
30.105
27.332
25.831
28.529
28.681
37.516
27.301
41.577

40.122
27.695
29.393

27.635

27.559
29.605
26.71
25.847
35.833
27.544
26.21
27.983
27.483
28.135
27.695
45.654
28.089
27.726
28.302
26.119
28.696
26.832
27.605
58.52
27.408
56.004
56.292
29.923
34.5
52.382
28.499
38.076
29.181
27.211
28.529
26.332
28.468
28.377
39.849
28.347
38.425
37.97
36.227
38.955
41.228
41.244
26.862
28.65
26.332
29.302
30.984
35.818
27.711
62.126
43.077
34.394
42.517
36.485
59.565
30.317
28.771
28.514
30.226
28.544
28.287
28.893
30.105
31.272
29.09
28.529
29.923
41.335
38.349

27.589

43.062
28.635
27.18

27.892

34.363

29.438

27.68

27.377

26.953

27.574

27.832

27.226

27.847

26.741

50.276

32.939

27.271

34.606

30.514
27.529


29.287
30.363
33.318
28.726
46.29
27.241
35.833
42.638
29.863
27.908
37.182
41.865
28.605
29.726
50.124
38.986
31.727
27.483
31.651
26.362
27.498
28.211
28.771
49.366
28.726
28.468
28.362
27.544
28.029
27.695
28.241
29.484
29.347
34.379
27.847
40.44
48.184
30.348
29.499
29.12
28.726
27.059
28.999
28.59
29.999
30.135
27.847
33.242
33.924
31.999
26.392

28.074
28.665
27.256
27.468
28.059
28.241
28.105
28.12
28.968
27.968
29.059
28.12
34.924

29.711





27.726
26.998
28.347


27.104
27.726
31.272
29.105

34.97
51.17
27.301
26.771
28.817
27.468
27.771
27.953
54.489
33.045
27.514
32.818
27.392

28.59
55.731
29.226
41.35
27.923
46.411
37.425
47.518
43.941
27.968
31.908
33.969
28.923

33.212
31.787
42.729
33.985
38.773
28.999
44.881
28.711
27.665
27.498
27.529
27.62
29.302
28.787
28.938
28.968
34.106
27.544
27.559
28.984
29.65
27.771
58.429
34.591
30.893
33.333
37.667
27.544
31.469
28.332
28.484
27.286
34.606
31.363
31.393
30.408
27.347
29.878
29.317
33.681
27.241
31.454
27.271
29.332
35.955
43.759

33.015
43.88
28.635
38.834
30.711
47.275
28.044
32.227
27.711
27.559
28.423
26.165
28.665
27.271
29.135
28.741
27.892
31.817


27.392
27.665
26.71

28.438
28.105
27.332
27.483
31.878
28.938
40.895
28.377

29.362
34.424
28.938
27.544
28.453
27.726
26.256
28.044
27.211
27.938
27.665
58.308
36.258
38.152
28.332

29.832
37.667

39.713
54.049
28.317
46.714

34.485
47.169
40.774
27.089
40.88
32.893
43.987

28.438
35.03
27.104
28.074
31.939
50.139

27.438
32.363
28.438
26.877
29.938
27.15
28.302

27.211
27.12
28.287
34.045
39.471
28.923
34.121
28.953

28.271
50.139

31.09
28.574
49.912
41.38
33.742
34.621
28.862
28.377
29.044
28.574
27.574
28.241
29.893
61.475
35.727
27.423
28.574
32.621
28.559
30.969
27.529
27.817
27.453
29.12
31.075
34.045
49.685
27.559
26.301
28.65
29.878
27.423
30.726
40.334
42.032
46.335
31.469
33.56
38.864
27.862
35.924
28.574
27.635
28.499
29.135
29.256
31.348
27.968
28.18
28.787
53.064
28.605
27.968



34.394

28.317

30.484







30.196



29.211

28.893

27.665


33.53
30.726
28.65
45.169
32.515
28.089
29.241
26.953
34.182
27.695
28.787
29.317
30.908
27.741
37.243
33.106

48.427



28.923






26.21
29.044
29.181
35.439
29.044
28.574

48.215

37.728
28.681
29.332
30.651
27.862
30.226
27.62
27.301
27.68
35.818
37.046
29.226

34.621

31.181
26.62
33.879
31.393
27.605
32.833
46.184
27.438
56.383
31.348
28.074
47.957
35.47
28.256
49.518
29.135
29.181
48.169
27.711
25.725
28.711
38.031
33.5
30.423
28.802

27.817
28.438
28.771
28.711
31.878
35.636
27.256
27.847
35.121
26.983
29.544
37.879
28.15
48.002
31.605
27.802
44.684
28.65
29.741
27.483
38.213
28.832
27.908
31.287
28.59
37.091
28.953
39.304
27.423
35.94
32.606
26.468
49.851
27.923
38.698
27.983
31.09
31.666
28.408
26.347
26.71
33.606
28.135
32.151
28.165
27.377
51.412
27.392
30.878
27.968
28.665
40.531
26.635
31.136
32.121
52.337
35.121
27.983
27.923
28.12
43.396
41.592
41.047
33.848
38.349
28.605
45.79
28.302
27.195
28.999
34.954
29.696
27.726
28.135
29.499
27.65
27.635
25.998
31.196
28.044
43.244
52.988
27.195
27.301
31.075
34.227
28.62
29.559
28.605
27.453
30.469
28.544
32.454
28.605
27.286
51.412
58.792
27.741
28.287
28.59
50.321
29.893
27.438
63.324
33.575
29.438
26.832

34.318
27.498
44.35
40.016
49.533
49.245
28.574
26.15
31.12
34.409
28.393

39.243
31.545
27.226
29.181
31.848
26.271
33.772
39.592
33.348
27.862
62.627
28.196
28.574
40.334
26.332
27.605
27.241
34.227
30.211
57.429
34.576
28.665
36.955
47.078
37.955
65.415
34.773
34.924
28.953
30.044
29.756
29.878
27.999
28.878
44.714
30.62
43.502
46.957
31.59
27.832
28.605
30.545
28.287
27.544
27.317
25.604
28.817
27.635
28.135
28.014
38.804
27.983
29.559
34.894
28.726
28.908
50.958
45.699
41.926
38.698
29.165
28.529
31.242
30.105
29.014
27.377
27.392
26.301
27.786

28.438
28.696
29.317
27.983
28.393
49.745
28.241
44.835
29.741
28.832
27.983
28.984
41.819
36.743
29.014
33.409
44.956
53.337
37.713
30.696
48.957
33.257
41.289
41.683
28.256
28.468
27.574
30.014
27.665
29.241
37.349
44.562
37.667
27.347
35.955
36.758
42.759
28.817
27.256
64.9
27.286
27.983
27.771
48.472
29.044
29.362
28.574
28.999
28.347
35.061
33.697
39.137
27.317
28.62
27.847
26.544
33.106
27.241
33.181
28.923
28.802
42.077
32.121
28.65
31.924
29.635
29.059
27.877
28.893
27.559
32.105
29.832
33.757
29.332
29.499
27.695
34.879
28.059
44.259
31.439
28.256
27.877
30.802
27.408
28.241
27.68
31.848
28.362
29.059
38.152
26.983
27.665
27.301
45.623
28.241
43.88
29.044
27.574
27.392
28.423
30.348
27.559
26.862
29.969
30.196
34.242

27.498
51.321

34.545
34.197
39.046
51.806
37.212
27.999
42.001
28.196
27.62

45.244
29.044
38.107
29.241
31.09
26.771
27.953
30.726
31.711

29.938
48.427
29.863

30.135
28.287
28.135
27.286
39.304
28.711
30.545
29.135
37.303
48.548
30.06
37.106
34.197
35.061
43.441
48.093
38.561
29.378
28.605

29.499





28.59
27.802
29.923
27.953

31.136

38.304
36.834
30.802
55.11
46.381
28.014
29.029
28.135
28.923
27.059
26.726
29.878
27.802

29.135
28.984
35.288
54.595
28.059

36.94
44.214
54.367
41.122
29.302
41.486
28.908
31.939
34.394
55.64
26.832
30.681

34.606
32.015
28.484
28.287
29.12
27.423
26.907
28.302
28.196
27.847
30.848
28.878
31.681
28.423
37.728
29.196
30.378
30.469
31.893
27.559
26.832
27.574
41.85
31.045
27.589
37.864
58.05
32.045
41.38
30.226
28.332
35
28.726
26.741
28.635
25.922
28.847
25.953
27.165
28.453
52.579
27.408
31.757
28.499
32.424
37.379
27.468
27.65
26.907
39.652
28.574
27.923
27.468
28.347
35.151
35.394
35.273
45.305
52.246
33.56
28.211
39.698
30.408
32.863
28.605
29.423
28.241
27.605
26.62
27.12

33.227
37.531
38.698
30.878
36.576
29.378

32.939
28.453
34.273

26.529

29.529
34.076
45.684
35.894
34.667
37.864
37.288
28.665
26.968
45.517
38.637
28.302
27.211
32.181
27.726
28.665
30.984
32.105
27.468
27.741
27.877


28.362

27.362
28.029

26.453


27.953
28.438
26.726
27.726

27.498
27.923
26.756
33.015
27.559
26.407
26.801
26.968
27.074
26.119
27.62
28.059
27.559



28.256

28.059

27.786
29.302
35.955
35.015
54.201
27.574
27.256
34.182
28.408
29.938
34.53
36.091
45.729
30.529
36.788
30.302
28.12


30.438
28.029

29.135

28.074

28.029
28.226
28.393
26.635

37.106
34.47

28.347

27.862

28.468
27.741








30.696
34.682
29.317
28.559
29.484
34.742
31.499
32.287
29.559
28.105
28.65
53.231
35
34.227
29.635
28.393
29.347
29.832


29.923


29.499
28.908
28.423
26.998

30.363
37.576
33.227
26.316
27.301
29.15
27.635
37.228
28.787
35.909
26.923
29.12
28.014
29.317
27.135
27.968
27.68
54.14
28.908
28.635
29.529
48.442
41.835
55.534
28.453
29.59
37.91
37.682
62.217
54.792
30.59
43.926

28.256
36.955

34.06
27.423
29.741
28.711
32.606
41.001
54.928
32.954
71.401
26.286
44.229
33.015
33.985
30.029
31.302
29.272
27.559
41.259
28.059
40.668
34.848
35.5
27.271
27.317
57.035
28.574
29.544
28.65
27.453
32.196
54.458
28.484
28.256
32.227
26.832
28.105
35.712
43.032
30.514
28.499
30.514
28.014
32.833
27.529
28.15
29.09
28.847
26.453
27.832
31.408
28.802
27.953
27.589
27.574










32.818

27.089
27.453
32.287
27.483
55.004
59.126
38.41

28.559
27.983
27.786
28.62
27.165


29.332
46.199
32.03
42.274
27.044
28.953
27.408
29.484
28.211
27.559
27.362
26.847
29.272
27.059

26.953

36.864

27.771

28.878

28.438
28.393
35.364
41.789


29.014
29.408
27.68
35.985
48.912


27.923
36.334

29.105

49.942
35.909

29.211
33.151
52.215
29.711
31.802
27.711
27.877

28.347
27.104
27.62
28.135
29.181
27.847
31.62

28.787
29.105
29.499
32.924

29.575

31.681
35.955


46.608

42.168
38.592
36.046
28.393
28.559
39.986
43.305
28.12
27.195
27.014
29.514
27.999
30.757
30.257
26.771
28.741
28.362
46.335
27.665
33.287
28.847
26.847
27.741
28.317
30.287
38.925
28.453
28.271
34.803
43.153
29.075
27.756
27.12
35.045
29.181
32.136
45.457
29.135
27.256
29.666
28.453
28.802

28.711
27.605
50.26
37.197
35.455
29.938


28.271
27.771
28.453
27.483
26.544
27.18
26.316
28.605
27.983
30.575
28.135
29.772
28.923

41.941
53.352
45.35
33.939
29.105

27.135
28.271
27.347

27.347

28.862
35.576
28.893
45.123
55.61
28.014
28.559
32.409
29.514
27.286
31.454
28.196
29.469
35.909
58.308
30.757
34.363
31.272
33.378
30.014
27.817
29.059
29.908
27.635
31.924
32.212
37.076
28.362
37.637
28.468
27.877
27.059
26.756
27.377


26.498
29.226


34.257

34.03
29.787
29.332

27.241
26.71

26.923
29.135
27.999
29.044
31.226
28.923
28.635
27.165
33.409
34
27.968
27.195
29.438
28.044
28.468


58.914

40.986


30.605
31.59
28.908
34.894
29.923
28.226
27.377
26.119
29.908
28.453
26.089
29.347
28.15
28.938
30.484
43.517
37.288
37.243
27.135
28.999
31.09


34.257
26.847
27.665
28.847
28.953
30.014
27.165
30.529
28.726
36.621
37.591
32.727
28.059
27.68
27.756
28.862
39.895
40.683
52.973
29.15
36.864
31.12

36.879
36.864
29.423
35.743
33.909
28.65
27.802
47.608
38.773
39.319
38.47
33.818
30.317
39.349
32.287
28.635
28.332
28.196
57.595
38.91
27.953
27.498
28.377
44.365
29.014
36.137
36.197
43.987
29.923
35.394
29.075
31.302
30.423
41.031
27.771
31.863
28.393
44.199
30.817
28.771
42.532
28.332
27.635
29.984
27.771
28.559
33.015
34.954
33.681
33.378
44.502
29.953
27.514
27.877
62.126
30.06
32.363
28.468
46.987
33.954
30.241
40.546
28.12
30.681
36.288
33.06
27.362
28.908
29.908
27.923
31.62
30.196
28.802
28.62
29.438
28.438
32.212
30.56
49.472
33.333
28.15
27.908
41.668
48.76
28.756
28.59
29.499
33.424
28.802
27.074
30.257
47.139
30.226
34.5
27.832
39.743
46.911
36.03
57.686
31.696
30.226
46.851
28.968
29.226
29.772
28.908
34.485
29.272
27.135
36.834
29.469
31.317
27.559
42.653
27.877
28.832
27.408
28.878
29.165
34.303
31.999
34.076
28.605


30.954

52.973

28.18

30.332
43.456
43.062
28.302

28.771
38.789
28.196
27.862
46.426
35.364
38.046
29.044
31.166
29.756
27.817
51.064
30.423
31.681
28.059
27.12
37.637
31.257



40.986
28.711
31.393
29.62
29.802
47.396
36.985

32.636

38.44


30.272



30.802





43.562






27.999



29.181
28.499
35.743
29.317
28.044
29.772
28.226
33.121
42.456

35.061
28.771
39.986
30.484
26.483
57.58
30.969
29.484
29.544
41.774
29.09
29.393
57.732
43.335
37.031
32.212
32.363

36.303
32.257
30.514
28.862
31.378
31.151
28.089
29.272
27.938
29.347
27.892
34.954
28.514
26.665
26.938
30.529
27.392
27.12
52.958
28.362
27.074
27.695
26.801
29.969
27.362
32.53
39.849
26.847
28.211
27.65
28.226
32.348
30.014
31.333
31.651
40.88
35.803
50.503
29.165
27.074
30.787
32.53
30.605
28.499
28.453
29.484
33.772
27.605
29.075
27.241
27.877
35.515
29.893
31.09
35.682
29.211
28.878
59.277
44.199
54.216
35.015
27.968
30.848
29.15
38.198
28.923
29.923
29.105
28.726
39.986
27.605
28.59
27.104
27.408
27.271
28.787
28.635
28.741
28.635
35.803
32.651
28.211
29.984
28.711
32.333
63.475
28.484

36.091
28.438
27.392
27.059
26.468
27.014
26.726
28.453
28.135

29.226

61.475
32.409


60.687
43.35
28.317

28.165

27.802

31.893
33.697
37.288

39.955

37.349
28.681
28.726
29.802
28.908
28.938
27.15
29.605
48.836
64.581
41.653
42.638
35.894
27.605
27.847
53.17
26.529
37.697





28.18
32.499

34.106
29.787
30.514
28.696
27.771
28.271
28.362
29.317
36.258
29.241
30.014
35.273
39.698
43.396
28.681
33.53
46.684
31.317
28.165

32.939
29.984
29.256

30.014
27.832
27.408
48.109
27.135
50.503
31.12
28.605
28.423
26.574
36.894
31.014
43.729
31.454
30.166
28.771
29.287
42.229

33.939
27.756
28.089
27.029
27.15
26.241
27.317
29.059
31.969
28.044

48.124
27.211
26.953
42.35
30.075



28.832

27.832



37.682

57.125


30.848
29.256
28.226
34.242
28.711
27.256
41.729
38.455
34.97
44.441
54.155
29.196
34.985
28.393
32.075
28.756
26.559
26.998

32.378
42.759
44.79
33.757
28.105

29.423
26.771
27.089
28.984


28.165








27.256

30.257
28.074
28.484
28.923

36.546
35.455
62.93
30.378
28.847
28.711
27.802
26.65
29.09
29.181
37.773
26.574
33.136

36.803
51.139

27.923

27.786
27.68
30.044
30.666
32.287
26.665
26.559
27.483
29.438
31.136
28.317
29.181
28.681
46.517
28.711
29.605
28.423
47.336
27.877
30.151
27.741
29.635
30.681
27.468
27.362
29.105
30.135
45.744
42.547
28.635
53.019
27.544
27.862
28.317
29.438
29.15
28.347
35.561
28.726
35.515
30.12
50.533
36.152

28.544
40.895
39.061
34.727
28.65
29.847
26.498
28.105

27.483
37.319
38.41

43.259
27.453
28.544


27.104
27.12

29.453
34.985
28.105


55.504
27.68
31.727
29.378
28.559
28.499
27.711
27.15
28.771
27.938
27.423
26.574
33.106
37.288
47.533
47.214

29.362
27.953
29.438
28.499
27.014
29.15
31.029
29.863
45.744
27.605
29.953
56.292
27.211
30.832
54.019

62.293


28.938
32.651
28.408

46.684

41.092
32.651

48.472



29.09



25.65

33.409



40.471




30.681

30.726
26.498
29.059
28.968
36.318
45.29
47.124
27.301
29.211
28.423
42.335
27.468
26.544
27.847
28.817




28.741
43.865
43.471

30.105

43.926





28.665







30.666

31.393
32.575
38.925
26.65
32.409
26.923
27.892

28.12
38.016
36.455
29.165
29.029
30.181
26.195
28.484
31.545
41.077
29.938
31.757
30.878

29.09

39.061
28.332
28.18
42.168
26.604
27.847

31.636
27.301
26.877
31.12
48.093
27.862

28.287

29.165
27.589


31.575

28.62
27.771
39.274
37.122
30.044
33.424
27.195

28.18
35.818
31.696
28.211
31.742
39.349
32.242
28.908
30.06
29.075
29.12
33.985
28.211
27.135
36.728
27.574

29.908
30.241
31.469
40.834
42.289
45.457
28.756
28.468
28.499
32.575
28.741
44.199
29.787
28.847
35.03
28.59
27.498
28.847
30.151
30.787
27.968
27.983
28.65
30.939
27.514
37.031
62.869
29.544
28.62
32.681
44.471
38.849
42.486

30.378
27.362
27.377
29.544
31.045
28.711
29.332
27.999
25.922
27.802
28.984
40.425
51.943
28.514
27.271
28.923
29.332
34.121
28.756
48.457

27.832


27.65
43.259

33.5
35.288
28.165
51.064

27.12

37.394
29.196
43.108
28.408

48.29

65.263


34.015
28.089

27.589
44.775
26.316
26.301
45.335
34.5
30.802
29.802
28.938
39.834
30.196
28.438
29.59
26.968
27.529
27.953
28.984

32.393




30.317
27.423
27.892
28.014
26.892
26.847
26.332
28.347
29.772
29.938
32.227
47.912
35.288
28.15
46.214
30.802
44.623
28.438
46.745
28.18
33.287
57.11
30.196
41.865
29.787
28.862
35.667
27.862
47.502
28.059
45.153
30.848
28.12
28.18
33.879
27.756
28.226
30.545
28.756
28.635
40.137
42.895
28.862
42.653
50.852
31.393
28.256
31.484
34.97
41.092

30.757
28.62
27.544
28.59
26.665
27.62
27.908
29.241
28.968
34.333

28.362
28.362
31.984
36.697
29.105
26.968
40.168
45.578
38.198
39.046
26.968
28.044
29.302
50.139
64.521

27.483
42.729
46.123
38.849
28.211
31.893
35.606
28.65
27.408
28.65
37.864
31.53
28.741
32.621
39.092
35.47
27.953
31.014
36.258
37.197
35.258
49.957
27.241
27.923
31.681
37.91
32.212
48.018
33.803
50.473
29.181
38.182
28.832
40.137
47.957

40.88
41.759
36.227
39.319
53.625
28.862
30.908
29.453
28.12
26.559
27.362
26.225
28.953
28.938
29.741
27.044
34.318
28.165
29.681
34.864
28.241
55.989
46.154
31.12
27.544
27.817
41.228
27.453
49.7
28.696
26.544

39.789

49.488
30.59
28.12






28.165





28.302
35.197

29.514

37.97
53.049
47.078

32.318
42.092
32.363
29.196
28.878
39.046
51.852
48.503
28.408
33.879
52.7
37.212
41.835
32.818

48.957
38.395
36.591
38.001
35.833

29.893
31.029
42.047

27.438
27.574
34.091
27.999
27.301
26.423
28.514
27.529
27.089
30.666
29.12
29.863
29.029
31.333
27.605


32.439
39.319
32.499
30.105
33.484
31.696
28.65
27.605
26.377
28.953
27.392
27.089
27.68
28.741
27.877
28.968
41.441
37.819
43.214
28.681
39.516
58.308
31.53
30.332
29.226
29.12
52.852
29.453
29.802
49.063
35.97
27.877
33.348
28.165
28.105
28.499

35.47
31.378
35.5
28.453
28.18
27.029
27.62
37.894
32.787
32.075
33.969
28.62

30.545

29.12
32.302
28.256
38.228
29.165
44.381
32.681
27.892
29.302
44.911
27.256
27.468
26.756
28.847
29.893
31.908
29.014
43.547






35.894

36.818

29.62



36.788

50.73
52.564
54.716
38.122
27.498
39.925
28.029
26.741
28.105
30.241
38.713
39.804
28.347
31.727
30.06
36.955
27.832
27.241
29.529
41.471
27.923
26.741
36.955
31.545
27.18
42.623
43.062
36.106
36.364
37.031
27.938
31.439
28.423
29.256
26.362
27.711
28.196
25.756
27.135
37.591

41.501
28.923
30.62
27.468
33.985
28.574
29.135
28.287
42.683
40.637
30.711
29.696
29.514
38.804
30.787
28.681
27.483
32.878
28.12
28.423
36.197
46.987
31.302
31.393
41.926
28.984
49.503
31.348
26.968
28.999
31.514
53.443
33.348
28.135
29.559
29.529
32.257
27.165
30.939
28.15
29.832
29.666
32.409













31.727
29.908
27.574
27.938

34.606

42.289
32.757
28.302
33.712
27.741
27.953
27.726
27.317
27.165
27.362
38.516
29.317
30.438
42.456
39.925
58.989
48.548
34.212
30.848
29.105
30.317
26.377

32.196
31.105
28.211
29.241
27.514


28.938



28.408

30.984

34.394
32.924
30.105
40.88
32.136
28.817
28.923
35.348
28.211
41.244
35.833
28.408
47.033
27.983
32.06
33.378
27.286
28.089


29.408
29.226
30.62
28.12
52.67
26.817
28.862
29.12
42.047
31.711
28.029
28.635
42.016
32.484
32.484
28.211
28.196
32.03
35.773
36.515
33.621
28.165
40.653
28.241
28.196
29.756
27.695
33.621
29.605
27.014
28.362
26.741
29.287
28.287
27.286
28.817
26.877
28.029
26.71
28.226
46.351
22.316
27.271
32.924
30.454
32.378
28.044
27.104
27.847
26.271
29.969
30.393
28.756
28.802
31.53
29.559
39.258
34.636
27.468
31.681
29.181
27.756
27.044
27.286
27.226
27.786
29.499
37.228
32.454
28.514
59.99
51.064
28.726

29.196
27.589
27.529
27.999
30.423
28.196
31.363

28.726
29.65


31.833

27.483
26.604
27.256
28.287
38.258
37.713
31.12
28.165
37.925

41.395
43.365
28.832
30.59

26.983

48.351
34.227
30.923

27.408
29.196
26.559
48.684
29.938
28.453

45.108
33.439
27.62
26.347

32.863
30.257
27.226
29.256
30.954
29.878
29.181
32.545
27.453
29.423
41.077
26.665
28.832
27.862
34.121
35.652
48.457
31.075
34.076
44.365
41.365
38.743
27.862
37.879
28.681
27.362
27.226
28.544
25.907
27.165
28.089
46.851
31.878
28.999
26.271
30.56
44.168
43.365
27.711
29.347
28.62
27.862
27.362
29.635
27.786
28.696
26.892
29.362
26.953
37.758
28.62
37.485
29.938
30.802
29.302


27.15
42.562
28.423

38.516

46.123



34.576
29.075
28.468
49.76
36.531
27.377
54.746
28.999
33.909
41.865
30.135
34.318
27.074
36.121
26.574
28.665
28.817
27.453
31.802
34.273
32.666
59.05
34.257
35.909

35.94
28.681
29.711
27.074
27.12
27.165
43.092
39.44
25.695
28.65
28.105
42.668
27.68
38.531
28.605
26.559
28.287
34.939
26.589
28.423

29.12
27.332
39.046
36.167

61.611
37.212

31.257
59.399

28.105
27.786


40.668


38.228
28.999
29.544

33.909
39.94
46.335
35.424
44.411
57.535
29.575
53.989
27.802
32.727

30.545
46.487
28.499
27.408
29.893
28.211
53.64
30.181
28.938
31.226
26.665
27.726
54.261
29.15
28.847


27.892
32.833
27.574
40.456
30.196
32.499

36.561
27.423
48.018
29.165
52.837
29.408
27.65
26.256
31.954
26.847
29.15
37.955
28.317
29.544
44.502
28.059
32.727
38.501
29.029
50.715
34.106

29.65


29.014
40.046
32.439
56.656
29.484
60.702
48.518

29.469
26.832

28.862


31.136
28.999
39.183
39.804
29.075
29.347
28.393

31.09
35.985
27.453
28.377
51.109
29.681
46.972
28.544
28.423
27.923
35.182
27.241
26.135
27.059
28.544

27.226
28.423
27.104



40.137



53.594

27.438

30.848

30.893
27.938
28.756
29.044
28.696
27.514
26.15

47.533
28.029
29.59
29.923
27.605
29.029
42.092

38.804





30.605

30.469
27.62
34.545
30.302
28.953
29.438



28.605
39.41

50.382
48.76
58.004


34.197
40.607
29.666
27.589
44.199
36.561
30.635
43.759
28.196
43.653
47.336
27.756
56.474
40.986
46.442
26.923
29.332
46.532
30.438


31.696
44.168
30.742






37.379


36.015
30.029
27.589
30.332
26.423
30.575
28.271
28.196
29.756
32.136
41.168
30.469
32.984
42.607
47.518
28.302
28.908
27.317
37.425
32.787
42.471
33.788
37.819
30.241
30.044
27.65

34.636

28.029
28.635


29.847

29.181
28.923
34.091
26.347
31.423
39.41
33.469
32.227
34.985


35.955

42.865

37.94
29.984
33.469


26.786
27.65
28.893
36.864
29.893
51.018
49.654
28.681
28.15
38.698
29.332
30.317
29.635
29.438
31.06
30.969
27.65
29.241
28.984
28.165
27.438






31.999

29.272

27.468
27.256
29.378
29.772
29.302

29.438
37.425
26.044
28.408
29.287
29.302
28.438
30.757
36.925

29.135
28.984

38.561
33.333
28.423
29.15
33.197
61.626
29.362
34.47
35.394
30.484
41.926
29.817
30.014
28.605
26.998
27.211
27.529
26.998
28.059
27.438
28.18
28.317
27.832
32.545
29.544
27.923
61.975
40.577
33.515


36.379
32.075
36.606
55.246
30.635
27.62
28.938
29.226
28.332
39.334
27.332
32.893
34.848
31.408
48.306
32.636
30.029
35.015
27.377
27.408
28.135
27.726
27.605
28.089
27.695
27.468
39.44
28.347
30.969
50.67
32.727
30.893
35.348

39.258
40.152
32.848

27.771

28.074
31.302
47.124
34.212
28.302

31.924

34.03

30.09

29.696
46.563
33.227

27.923

27.726
27.377
34.833
27.938
38.379
27.559
28.544
27.377
27.862
28.423
33.333
26.953
37.167
41.789
57.338
27.983
37.97
33.03
37.137
27.711
27.301
29.499
29.135
27.438
28.878
28.089
30.742
28.726
30.529
28.771
29.15
35.424
27.68
34.166
29.075
34.848
39.395
33.833
43.714
44.638

39.88
45.517
30.408
27.362
29.029

29.681
60.005
31.014
35.788
38.228
28.135
48.866
26.271
31.348
29.075
34.742
27.317
34.515
45.941
29.999
38.607
35.364
31.484
26.483
35.076
27.529
38.682
27.62
41.835
27.62
32.09
44.608
32.939
33.606

27.983
34.015
35.015
27.392
33.954
27.377
29.438
31.53
28.438
29.09
30.438
27.832
39.546
29.014
41.047
26.635
27.256
27.741
29.196
44.941
27.953
32.484
52.534

26.862


26.726
29.105
29.075

28.544

38.425
29.605
29.105
38.895

56.853

27.983
27.847



31.378






28.635

28.953
28.423

29.423
27.529
26.877
27.423
27.877
28.15
35.955
28.211
34.273
28.938
28.847
29.196
29.423
27.635
27.423
38.091
26.453
29.272
28.438
26.938
30.226
28.332
46.032
37.394
42.986
63.445
28.302
29.938

31.257
31.772
26.907
49.2
48.275
45.79
27.589
39.061
48.927

29.196
28.499
28.302
41.016
28.302
28.12
30.029
31.166
36.03
28.165
37.349
37.985
27.817
36.061
40.88
28.893
53.989
32.666
27.605
27.453

32.909
31.151
30.62
28.544
39.774
35.394
28.347
27.862

32.787
28.938
28.529
41.259

42.198
35.455

39.425



28.317
28.665
28.468

33.166
39.91
29.878
42.835
37.455
29.362
28.438

32.318
27.226
34.894
27.923
28.423

40.865
29.514

29.726

50.942
50.67
49.548
45.047


36.349
28.18
27.377

29.635
28.226
31.196
37.015
28.089
35.955
39.061
40.319
30.06
46.335

27.726
29.044
28.135
30.438

27.332

28.711
28.908
27.408



34.257

34.333

35.53
27.756
29.165

34.439
27.059
31.408
59.05
37.258

28.287
57.626
33.227

35.394

27.832
49.73
33.727

28.59
33.424
27.968
58.914
28.332
29.226

28.862
30.605
27.529

29.832
29.393
28.787




32.287




28.893
39.198
43.623

28.044
31.439
29.878
27.847
36.121
30.56



28.741
27.968
29.241
28.862
28.908
31.696
39.758
28.817
31.302
42.335
26.862
28.62
29.165
28.12
30.211
28.559
29.65
43.668
35.773
27.938
28.423
27.301
26.665
28.787
28.044
28.302
28.574
28.923
28.408
28.968
58.383

28.893
27.862
27.771
25.771
27.438
27.771
30.454
27.483
29.741
28.802
28.347
48.881
30.954
31.408
29.256
43.623
29.059
29.287
29.12
28.726
27.923
28.12
27.423
27.711
27.074
29.287
28.165
40.107
28.059
29.756
29.165
38.364
30.666
57.292
35.803
30.999
28.984
40.395
30.075
41.274
28.59
28.165
33.303
40.046
28.529
40.122
28.256
27.392
28.044
30.075
41.516
28.938
30.575
28.347
29.681
29.408
62.914
27.423
29.135
36.212
30.09
26.635
26.953
28.908
28.468
26.756
31.029
27.301
28.711
29.544
41.577

30.09
26.862
27.923
29.499
27.983
28.029
28.817
28.696
34.091
26.71
27.786
27.908
28.999
27.968
29.514
40.683
52.246
32.772
27.892
32.287
45.881
40.819
29.469
30.12
29.408
27.65
27.983
28.741
28.893
27.908

27.983

39.001
43.214
41.107
28.393
30.317
35.333
32.742
30.469
30.12
29.09
33.136
28.211


39.334
29.014
34.576
29.59
27.241
29.135
26.635
29.332
27.862
37.561
33.681
26.892
38.91
28.014
32.393
43.426
44.578
28.65
33.106
27.605
27.15
35.136
27.605
30.499
27.453
29.165
28.089
30.181
54.686
27.453
27.695
27.802
27.317
26.468
29.332
62.733
49.73
29.559
27.438
27.574

28.014

27.923
37.758
27.438
27.741
28.18
27.862
28.135
28.241
28.605
28.62
29.09
26.923
30.484
29.499
36.925
37.228
54.261
28.878
35.394
39.88
31.56
30.514
29.696
25.528
27.635
53.11
30.817
28.802
41.259
33.879

35.758
34.439
28.62
45.047
45.426
38.304
45.987
64.203
33.257
28.968
39.774
34.818
38.97
31.333
28.741
26.847
34.757
28.196
27.968
29.59
37.364
27.756
35.455
38.288

39.986
39.955
59.111

48.624
36.591
32.545

36.773





27.862
29.317

28.332
37.819
43.653
33.075
49.215
35.909





31.954
30.984
36.849
56.034

29.15

41.789

29.575
28.514
32.121
30.12
29.12
40.683
49.882
51.352
51.837
31.53
47.502
33.742
36.985
31.727
26.862
29.423
27.271
48.518
29.529
60.262
45.063
30.151
37.47
39.561
34.939
31.484
51.185
32.606
29.484

26.968
26.044

28.135
44.471

35.576
28.544
27.317
30.62
27.953
28.059
39.289
27.908

28.302
29.863

28.908
30.423
27.741

40.198
46.305



28.878

27.605
28.377
29.969
28.014
28.271
28.287
27.862
29.711
51.7
29.65
29.196
27.301
35.076
33.272
33.394
59.08
27.923
27.68
27.938
33.181
26.347
38.773

26.301
28.393
34.379
27.877
40.274
50.124
28.105
27.089
50.624
36.697
62.733
44.608
44.562
28.968
64.688
38.682
45.184
27.938
47.472
28.787
28.165
29.287
27.408
28.044
32.909
56.14


45.623
29.514
28.029
29.044
32.424
28.044
30.923
27.741
30.044
37.334
26.771
30.848
31.211
37.697
57.974
42.638
28.256
31.408
29.605
27.923
27.832
29.832
26.968
32.151
28.241
26.938
34.606
34.727
28.347
38.228
46.851
30.363
27.665

28.756

28.771
47.305

28.59
42.001

29.575
27.483

33.56
32.696





28.484

31.317





61.945
30.469
28.256
32.515


27.301
27.226
28.544
28.211
40.94
44.805
29.575
30.287
28.484
31.742
28.256
31.711
27.362
26.498
31.348
27.892
49.109
35.955
35.5
35.333
48.624
34.924
29.635
30.529
42.592
32.318
32.121
27.12
34.182
28.15
28.438
27.892
34.303
28.635
29.908
47.942
47.684
29.484
29.181
46.654
26.953

29.772
49.442
46.32

29.287

32.212
28.726
47.351

31.029
29.938
28.059

28.514
32.03
48.821


41.88




28.468
28.135
32.318
41.698
27.711
29.408
28.665
35.106
40.486
28.787
27.65
27.089
28.484

27.014



30.666
30.105
37.122
27.392
29.469
28.105
27.332
27.483
28.362
29.12
41.425
43.577
28.287
43.926
33.06
30.666
45.138
32.651
33.863
27.453
37.607
50.912
27.362
54.17
28.832
29.378
29.135
48.533
28.878
29.135
29.075
27.726
45.926
37.5
39.334
35.621
48.487
28.832

33.803
39.41
28.317
33.439
28.741
29.347
35.515
27.756
29.241
30.605
28.908
51.7
28.105
44.699
53.382
28.105
35.197
30.332
42.183
28.741
35.015
37.106
29.105
34.151
27.817
32.727
29.923
27.802
28.089
27.332
28.014
26.877
28.953
27.559
28.438
35.955
28.605
27.983
34.454
28.029
31.757
38.364

36.212



37.167



33.242


26.377
27.514


56.671
47.26
28.059
28.938
52.125
32.515
29.256
43.638
48.927
28.544
28.029
30.044
34.848
37.713
27.68
28.105
29.438
38.364















41.547
29.893





















34.288
27.574
28.468
27.665
27.968
28.605
27.968
28.665
29.196
29.787
44.593
27.665

31.257
38.228
36.849
28.453
28.468
50.185
30.954
30.196
34.136
35.303
37.091
28.999
28.544

53.155
29.044
32.015
27.392
27.999
34.924
64.203
29.696
27.574
28.635
30.757
33.242
28.938
26.468
33.409
27.044
29.378
28.18
29.15
27.529
33.09
30.499
45.669
32.803
37.243
27.574
27.65
25.695
27.741

28.165
28.484



27.695



30.09
31.014
28.423

28.696


29.484


27.226



32.196
32.757
29.165
28.271
31.56
29.165
31.333
30.287
34.242

31.742
27.589
30.272
27.892
27.938
29.787
27.938
28.241
27.559
28.984
28.029
33.924
28.574
27.741






27.892

32.863



27.271



27.165

28.862
28.347
28.529
28.999
27.574
27.089
31.62
27.286
48.684

28.559

37.561








29.044
57.035
27.483
62.884
28.211
34.5
29.241
38.031
29.287
31.287
28.393
29.105
27.423
28.256

28.923
29.241
56.034
42.653

29.393











33.136
29.272
41.335











27.377


26.392





37.97
28.317
28.074
30.378
28.696
27.726

28.271




28.256
35.576

41.668


40.804
26.513
36.03
54.473
30.302
26.847
28.211
38.834
34.757
30.635
28.574
40.122
34.151
27.317
26.741
33.56
27.514
40.092
27.908
31.181
29.044
28.18
29.347
26.938
26.983
27.544
27.104
28.105
29.256
28.468
28.271
35.364
32.545
33.833
28.544
30.817
26.347
28.211
27.286
29.105
28.771
27.12


29.438
37.288
27.347


















35.576
48.002
29.393
40.88
34.682
28.544
29.393
28.711
28.862
54.595
32.302
53.413
51.124
28.074

30.135
29.211
30.166
28.787
28.18
26.877
29.453
30.363
29.529
27.62
77.629
30.438
27.15
29.938
27.529
34.257
37.167
29.635
28.711
28.468
27.498

28.302

28.908
27.135
30.954
34.333
26.62
27.726
28.302
37.212
38.046
28.696
30.757
30.075
28.12
27.832
42.229
27.408
27.741
29.908

31.257

32.545

28.302

27.574
29.362
27.453
29.287
40.107
27.014
27.029
27.665
28.074

28.408
30.302
29.802
31.151
29.65
28.968

39.092

28.893
47.275
32.681
30.56
29.029
30.257
33.166
38.334
39.94
29.969
28.12

29.272
34.909
31.742
40.637
29.15
46.745
27.468
28.65
27.362
28.211
34.651
59.429
30.696
26.756
38.031
29.453

30.135
29.332
38.288
32.196
27.605
33.788
26.438
61.217
29.287
27.802
43.623
49.957
54.049
36.076
30.802
58.05
44.108
26.892
31.105
29.847
48.533
27.226
28.771
28.817
27.089
33.894
28.726
27.968
28.574
29.863
40.683
29.953
31.893
34.742
36.561
30.166
35.455
30.757
40.092
35.682
27.892
28.438
30.378
28.165
30.696
61.929
27.211
45.214
32.484
48.73
32.651
33.272
30.62
27.271

42.032
27.256

27.589
29.969
35.409
49.836

28.241







27.559










27.65
30.484
27.908
26.65
28.756
27.665
30.908
28.862

30.287
28.529
28.847
34.636
42.168
31.863
29.362
33.439
28.771
27.711





27.226

27.999
26.559
30.151

43.199
27.771
49.366

32.015

27.453
28.559



45.547
32.984
26.316
33.575
34.303
42.835
27.726
34.363
36.849
27.695
37.607
28.226
38.182
39.076
47.442

38.592
27.392
45.729
27.514
29.847
28.089
32.606
51.715
30.408
29.362
43.229
33.333
28.711
28.423
28.271
35.015
27.923
27.832
27.574
28.908
39.137
32.696
30.954
26.604
27.438
28.681
28.347
31.833
29.59
30.772
34.045
28.999
30.408
33.697
28.605
30.757


49.003
50.761
42.213
46.82
28.59
31.287
30.681
49.003
37.516
41.198
28.741
56.08
31.863
26.907
33.727
29.984
48.321
26.938
27.559
34.303
31.226
29.953
46.396
41.638
28.014
35.652
28.271
28.059
29.347
27.301
28.074
29.226
29.12
27.347
27.756
36.637
35.394
33.985
28.832
30.014
47.078
34.697


28.847



32.954

29.938

28.711
28.893
27.514
28.029
26.544

36.864
30.166
31.333
46.517
46.184
26.817
43.411

53.049
27.635
49.988
28.574
30.166
32.302
29.226
59.747
32.666
40.001
28.211
28.968
30.166
28.529
28.696
36.788
31.575
29.135

42.016
29.12

28.968
29.12
40.213
34.227
36.318
28.438
47.093
29.772
28.135
26.65
29.272

27.999
26.529
30.226
34.545

27.195
30.62
31.666
27.953
32.136
49.866
45.472
40.789
56.186
30.241

28.165
28.18
29.969
28.302

29.453
29.59
33.424
27.059
27.938
33.985
29.726
33.348
50.548
43.668
28.726
29.211
27.195
31.029
37.091
34.454
35.045
35.455
33.636
28.984
46.138
28.377


49.866
28.18
30.181

39.274
29.772
27.665
27.862
28.287
34.788
27.271
28.074
28.302
39.44
28.908
30.499







57.792
32.757
30.272
33.591


35.97
28.484
52.306
29.878
28.817

27.635
28.62
29.12
27.574
29.181
27.832
27.074
27.574
28.59
26.756
32.378
32.318






35.212



35.803

51.2



27.862

61.111

35.697

26.665
43.486
34.742
41.759
27.317
29.105
37.788
42.471
34.894
28.605
49.579
27.589
44.002
29.272
28.287
44.578
40.38
36.379
44.578
32.242
29.044
33.394
27.15
28.347
27.832
27.059
45.987
30.075
27.12
33.409
25.938
41.122
32.636
27.423
29.272
28.15
27.741
26.119
28.332
47.957
50.685
46.957

35.818

27.877

36.803

29.332








29.696
29.635
31.757
44.441
28.953
33.636
28.787
27.286
35.061
27.301
27.483
27.68
28.165
28.271
31.196
29.984
28.544
29.029
27.832
27.453

26.407
27.014
28.18
35.333
28.711
25.498
28.696
30.757
27.089

27.559
26.21
34.242
28.15
45.396






46.426
28.62

28.499
27.711
30.408

48.139

38.031



42.107

38.485

32.151

34.879

27.559









28.362

26.832

25.756

28.12
27.15
29.529
28.12
35.409
39.91
28.226

28.468

62.642

31.105










36.47
28.074
27.711
28.074
27.559
47.124
27.862
28.074
27.862
26.71
27.029
27.786
28.393
28.287
29.059
27.741
26.862
28.968
28.893























28.696

31.727

40.137

27.483


33.454
32.863
35.288
37.197
52.746
36.288
30.923
28.105
28.468
27.938

29.635
30.135
35.758
38.364






29.362
42.698
50.488
34.424
52.958
44.956
28.362
35.985
41.047
44.153
55.186
50.079
30.287
28.696
29.044
27.983
35.197





28.817
37.031
27.574
41.88
30.999
32.454
44.305
48.684
40.001
39.319
34.03
28.438

28.362
28.802
27.847

27.408




31.151

30.499

33.833

30.029

27.089
26.695
27.104
28.862

37.713
26.544
27.802

36.409
47.639
28.105

35.561
28.968

38.243
27.514

40.016


30.12
34.803
36.606
45.214
34.06
41.698



































27.135
28.241








29.544
27.665
32.606
27.635
34.091




33.833
28.408
28.862



29.09

27.468

47.336









29.287

61.202




27.711
29.605
32.833

28.423

27.301

27.938


28.817
28.756
40.637
46.532
27.195
27.453
29.863
28.756
30.651
35.242
31.848
46.957
48.957
30.302
27.135
30.105
27.362
27.559
27.044
26.089
27.286
27.029
26.529
38.531
27.953
35.788
55.049
27.938
28.862
27.18
27.392
36.137
32.681
27.195
35.121
28.226
33.136
38.137
28.18
27.771
29.347
27.62
25.513
28.089
27.847
26.801
29.484
28.074
28.847
27.786
29.347





41.941

30.545

29.256
27.771

28.574




33.636
30.499



29.438
28.15
28.484
27.999
27.999


52.049
35.636
42.729
33.712

36.606
28.862
28.681

29.302
27.377
27.468

39.561
44.578

40.395

37.379

28.271


28.908

29.453
27.574





27.923






31.317





35.015
53.807



37.773

27.514
38.243

27.286
30.939
39.092
30.545
30.287
38.682
49.533
29.984
31.12

37.516
38.546
29.014
40.38
27.089
28.544
36.061
29.772
37.516
30.12
34.015
27.029
30.954
28.271
27.968
28.044
45.699
30.166

43.471

30.105
42.077
30.287
39.713
37.288
27.15
49.033
42.835
38.182
27.741
29.438
27.771
28.923
26.741
25.847
28.12
40.546
39.91
33.287
33.53
26.635
27.014
26.938
36.227
29.726
39.061
26.817

32.242
30.272
32.166
33.424
28.256
28.908
44.426
29.499
28.65
28.574
39.501
29.256

27.908

27.286
28.484
30.151
39.577
32.575
48.457
28.65
35.227
30.135
29.817
28.393
27.559
26.286
27.104
45.275
28.756
28.817
28.484
33.166
29.226
27.65
27.15
29.529
28.908
27.892
27.635
28.256
39.107
34.515
26.786
27.074
35.712
27.468
27.271
26.998
26.71
28.832
27.999
26.862





32.181



27.605

32.227

36.515

28.12
45.063
47.427

29.499
31.181
29.12



31.393
29.635



29.332


















45.729
28.362
26.18




36.743
29.226















40.577
















36.576
32.242








38.531
35.591
27.908
29.802

30.923












27.332
28.317


30.681

27.529

27.362

27.923

28.165
27.968
27.12

28.953



29.105




















31.863

33.075
32.742



27.832

28.362
27.377
29.984
30.817
27.059
26.923
27.104
26.832
26.968
26.604
27.226
27.362
27.423

26.529
29.15
27.65
28.165


48.396













27.741
34.03




27.817
29.635
29.317
28.953

28.847
43.835
27.15
35.348
28.635

32.318

28.196
33.151
27.241

27.65

26.544

28.817
28.559
34.242








40.91



36.515




26.513
27.862
26.407
26.892
26.377
26.877
28.908
29.711
27.68
28.074
28.377
29.272
27.574
27.771
27.953
28.65
29.317
29.256
29.059
34.257
37.576
33.333
33.5
27.938
28.044
27.665
27.62
27.832
27.317
26.892
28.165
28.226
41.85
33.424
27.953
31.984
27.059
35.53
28.287
28.15












27.301


27.392
30.772
31.211
28.665





















49.397


35.743
27.877
28.453


30.848










28.817
28.832

32.909













26.104

26.877







34.454
37.106



28.878


26.544

27.635










28.059

26.877

43.699

41.819
53.867
37.607
29.514
29.969
28.347
28.196
27.635
38.804

32.121
31.999
27.711
29.029
31.045
45.366
58.626
34.924
40.092
37.94
37.379
27.832
29.044
28.453
36.394
37.228
28.393
35.455
29.453
27.665
36
30.151
36.288
28.499
29.135
36.879
27.514

28.65
30.241
28.605
28.014
26.938
27.756
31.53

28.711
42.229
33.833
36.455
28.696
33.287
32.681
33.621
33.197
27.392

36.591
36.576







28.029





61.126






















37.152

29.09

37

29.165
44.941
43.229
43.683
45.426

44.759
27.711

49.639
51.533
27.514
31.348
26.923
26.801
27.559
27.498


32.636
28.211

33.439
40.137

36.167
50.67
32.954

29.696
28.059
29.681
27.408
28.089
32.166
27.18
35.773
30.62
44.881

34
59.581
36.424

47.245




31.605

49.776



27.892


27.014
35.045

31.545
27.65


27.498



27.286
28.817
27.211
27.695
30.878
37.288
26.832
27.544

35.136
63.915
28.832
28.847
26.968

27.923

27.165
29.09





36.94
33.606

28.726
27.574

36.409

28.105
59.459
43.577


29.453
28.62
27.226







36.046
34.379
30.075
43.108
29.196


29.802

29.544
45.108
28.029




28.044
31.09
28.377
29.241
29.226
32.545
27.165
28.832
29.317

30.378








27.544
28.362
28.241








32.56



33.985




27.104

28.484
27.635
28.771
29.953
27.438
29.317
27.392
26.756
28.681
27.756
27.089
38.031


27.817







27.301












33.424
31.787
31.56
38.046
37.682
38.137
29.544
39.122
29.938

42.41
57.823
37.137
45.002

28.105
27.301
29.014
27.605
29.802
28.029
27.135
50.458
40.668
31.636

29.514

26.953





26.983





30.545

30.423

28.559



29.014

28.317





28.105
42.426

35.333
30.832
48.321
29.847
46.972
31.287
39.258
40.607
41.228
33.833
33.833
31.317
35.364
30.332
43.653
27.938
27.301
34.182

28.211
37.379
26.529
29.196
28.074
28.771
28.862
28.226
29.105
28.802
26.877
28.862
31.045
37.849
52.064
27.802
29.423

28.196
27.741
32.666
27.408
34.015
28.711
29.15
36.121
29.65
29.741
47.411
31.423
27.605
26.938
28.271

27.286
27.65
30.075
29.362

49.897
34.848


28.984
29.999


28.862










27.968






28.15



28.18


28.574
28.332

26.892
35.894
29.014
28.089
35.606

28.832

27.089

27.726

29.438








28.984
37.394
61.96

40.865
33.848
43.608

29.165

27.135
26.741
26.953
26.332
26.953
28.832
27.226
29.287
28.362




32.469

32.181

32.151

32.575
32.439
26.559
27.211
38.743
38.91
30.196
28.832
27.802
26.983
33.318
26.392
39.349
28.802
50.942
28.756
35.985
29.347
32.136
51.382
39.758
28.953
60.035
29.453
27.044
26.362
28.453
26.013
41.289
36.515
31.863
37.349
59.611
29.438
51.155
55.716
52.958
30.499
36.909
53.307
57.459
42.547
28.241

35.439
28.287
27.029
26.695
28.468
32.727
26.377
27.286
28.089
27.711
28.12
41.138
28.18
31.257
27.423


48.487
35.061
30.893
54.761
40.971
31.878
27.756
62.945
46.184
28.15
36.561
34.485
29.135
37.985
28.089

27.68
50.094
33.803
36.015
33.318
31.151
27.438
30.12
29.787
49.018
43.987
34.939
28.287
27.468
26.968
46.093
27.059
27.635
27.135
28.332
28.605
27.074
27.817
27.786
34.667
40.546
27.756
30.211
29.741
26.726
39.971
27.317
28.226
28.362
28.438
28.756
28.771
29.893
29.317
37.834
29.226
28.211
31.075
27.968
27.271
32.984
26.756
26.998
27.877
28.271
26.589
37.955
27.104
29.408
27.817
32.939
30.272
30.332

33.985
32.151
32.272
27.665
64.203
28.574
28.347
27.271
27.635
27.044
28.726
32.075
27.514
28.15
27.498
27.786
26.832
27.286

27.15
27.271
31.878
28.287
26.453
27.999
43.456
33.394
62.869

28.408
31.727
32.454
28.681
37.091
28.847
43.638
28.847
37.713
28.847
34.5
27.195
26.695

28.711
33.333
36.394
27.892
40.001
30.62
36.44
29.847
30.317
38.546
27.362
28.135
29.62
29.181
28.165
29.756
28.574
28.423
27.999
29.256
37.091
36.909
27.908
29.256
29.423
26.165
28.847
31.711
32.575
28.484
27.301
28.984
29.953
29.62
27.877
29.15
33
38.319
27.938
35.091
27.271
27.756
28.514
29.408
29.09
28.196
34.227
28.18
33.424
27.635
27.271
48.381
33.409
50.988
32.53
55.58
39.137

44.911
27.589
27.498
29.469
28.211
28.59
30.363
27.726
30.438
48.927
48.715
29.181
27.301
27.968
42.653
27.923
28.862
27.908
42.38
33.515
48.184

34.651

35.015
27.711
31.605

38.001
37
50.048
46.381
28.817
28.438
27.241
29.878
27.544
30.332
29.287
57.065

34.47
27.65
31.211
31.742
28.196
27.892
28.089

33.272
33.348
32.818
29.211
28.438
28.908
27.211
27.771
28.605
28.074
27.362
29.802
29.802
40.168
56.913
41.622
28.681
28.999
29.605
47.639
28.893
28.15

28.423
27.574
27.786

38.622
28.302
42.471
27.832
28.287
27.559
28.423
27.559
28.12
28.089
29.317
27.559
27.726
35.924
37.5
30.014

47.745
29.302
27.15
27.301
34.954
33.924
33.09
29.393
32.242
28.211
27.529
40.516
30.545

32.939
49.169
32.712


40.637
28.059
35.849
32.545
27.908
28.726

39.289
45.214
29.393
62.096

27.695
27.817

28.635
29.226
38.228
29.696
35.015
33.242
31.514
30.12
27.938
27.544
27.468
29.256
28.377
32.939
35.545

32.242
27.544
28.878
28.862
29.09
30.545

28.832
29.029
29.726
28.65

30.378

33.636

28.362
28.241
26.316

34.848
35.121
36.197
28.847
27.999
29.196
44.85
30.59
50.988
31.545

27.877
41.592
36.03
30.848
30.62
45.123

33.151
30.499
28.408
28.605
29.12
28.499


28.377


41.122
27.999
44.047

36.697
42.229
29.59
28.696

40.152
54.367
27.999

48.063
32.393

29.196


31.378
34.636

45.29
40.016

33.697

33.136
48.624
29.287
30.348


36.728
27.786
29.317
44.547
29.332
30.984
40.683
30.984
34.242
29.181
32.651
27.468
28.756


31.014

38.743
34.06
28.256
28.999
33.863
29.726
36.015
28.377
31.211
26.741
34.515
28.271
38.288
28.271
34.333



29.014
27.999
41.425
40.38
48.609
32.06


31.696
46.639
28.332
42.971
30.726

48.518
42.077
29.378
30.393
28.059

28.574
30.272
29.332




37.788
40.122


28.332
39.531
30.196
28.211
29.241

28.211
33.045

31.908
49.533
46.32

28.271

28.135
29.09
47.351
38.849
27.635
27.68
36.849
31.939
29.605
27.877
33.924



36.44
29.453

29.378
27.347
28.696


32.712
28.408
38.698
27.514
36.561
47.139
28.953
41.971
29.544

28.847
39.971
33.121
30.151

41.547
28.014
28.635
28.089


32.257
38.879
36.849
29.863

27.62
37.804

38.652
28.211
28.074
26.241
27.392
28.544
27.226
27.756
27.741

28.105

34.318
28.059

27.029
27.438
31.105
27.953
26.756
28.377

28.074
27.589
29.984
27.392
27.589
53.307

26.983
27.589
29.938
25.998

28.499
26.832
26.968
29.832
56.504
37.622
28.044

50.094
29.893
28.377

46.669
28.681
31.211
28.241
52.428
29.135
41.532
28.059
28.468
42.062
29.165

37.622
28.044
28.15

30.575

28.362

34.333
32.969
44.487
30.044
33.939


36.697
27.892
30.605

27.574
41.698
28.105

31.636
32.666
27.786
29.499
29.605

27.726
27.317
27.574
28.741
28.953
27.529
27.211

28.544
32.454
28.105
51.7
30.62
27.438
28.287
30.423
41.956
29.287
44.517
40.046
44.987
30.257
28.65
27.786
25.316
41.077
28.953
31.06
28.226



27.771
34.348
37.182
30.423
29.287
27.377
28.635
26.907
32.56


29.696
28.135
27.301
30.332

55.671
37.349
33.409
48.321
28.847
28.665

31.711

27.877

27.65

30.014





33.666
28.847
27.241

29.059

27.953

28.423
31.711
28.484
37.394
28.953
27.453
30.211

27.468
29.09
32.212
29.317
28.089

30.044
43.88
29.772
40.562
28.287



29.499

46.063
26.286

29.953


44.911
29.014
28.908
33.287
34.879
36.697
31.12

33.985
29.241
40.183
48.245
55.671
28.438
33.666
49.942
29.211
33.681

29.802

28.665
43.896

30.317
28.18



31.802
39.152
34.363
40.304
29.499
39.183
29.09
40.456
36.894
43.956
30.469
28.665
33.833
34.727
27.983
28.059

29.272


29.453
30.196

31.59
34.394
28.771
29.969
30.681
56.247

29.953

28.393

27.877
28.847
28.196

28.059

35.167
42.82
36.546

40.107

49.624
37.713
46.063

34.288
41.031
27.271
31.56
29.635

35.273
35.924
27.014

46.548

31.287
26.907

36.531
33.287
48.109
28.832
28.029

33.409
34.439

36.849
28.529

39.122
57.05

27.968
30.196
28.347

28.196
46.972

33.636

47.608
33.318
29.529

35.53
32.878
42.986
45.047
53.17
37.046
28.847

35.045
29.923
38.531
29.635
44.911
65.188
41.744
38.167

47.608
31.514
44.093
33.151
29.014

38.41
28.923


27.908




47.699
28.089
28.878

27.544


28.165
42.32
28.893
45.911
36
29.423
35.743

27.786



27.877
32.742
52.064
33.697
40.228
56.762
31.969
29.999
40.395
38.91
42.001
29.575
30.787
37.743
30.423
28.377
30.848
33.333

28.12
28.741
35.788
30.09
35.394
40.971
38.198
48.912
29.559
36.955
34.757
62.202
36.364
29.226
36.561
38.773
28.105
28.271
35.561
43.092

29.681
30.923
37.106
28.059
38.682
30.802
29.817
41.622
29.211
30.363
27.574
32.651


28.241
28.302
28.484
39.895
45.941

31.802

28.484

42.395
34.045
30.939
31.817
44.699

28.832
62.854
28.681
27.392

27.771
29.196
27.665
27.635
26.998
26.71
28.135
28.317
27.392
27.014
34.197
26.362
27.559

38.107
28.787
28.893
27.377
26.165
28.453
26.938
27.271
28.029
29.575
26.256
27.498
28.347
35.515
40.698
27.438

29.438
29.347
39.395
28.347

37.607

32.787

45.699

28.332
31.075
35.606

37.258
46.063
31.226
28.165
39.546
30.56
28.62
33.348
28.12
30.757


31.045
34.424
28.256
27.332
52.67

27.953
28.15
47.078
28.756
40.743



34.848
65.309
34.53
36.076

28.317
28.287

27.968
38.804
44.168




38.425
28.256
31.09
26.892
28.302

28.074

38.879
30.135

27.892
28.347


27.771


34.121


26.923

54.186
26.589

28.105
28.423
39.986

30.302

44.987
27.741


26.877
27.165
27.908
29.15
27.468

49.927
28.211

27.756
32.803

28.256
27.62
26.953

28.408
34.515
28.196

30.363

36.712

28.999



29.347
29.514
40.319
28.18

30.408



49.76
28.559
28.014
27.847

33.151
30.075
29.135
39.531


42.895

31.984
27.044
29.09
30.802


27.65

48.866

37.94




32.818
32.045
28.938


54.413

29.438
34.454
34.939
57.671
33.969

28.817
43.259
34.939
39.425
28.938

28.771

26.15
30.09

33.621


37.849
28.862
29.332

28.15

26.635


32.439
27.665
27.135

35.258

27.514
30.272
27.362





31.423

52.14
57.322





27.605


44.032
28.014

52.049


32.939
40.834
28.787

27.953

39.046
34.257
53.913

45.017
33.287
27.241
33.636
41.319

34.273
27.498
35.652
28.756
50.033
33.697


35.182

38.94
28.468

29.438
28.726
29.726
28.923
48.669
28.014
35.167

38.531
51.397
49.851
27.195
35.667
41.441
27.408

28.893
27.574
36.061
34.424


27.771
26.62
31.651
29.15
28.105
28.165
29.135



30.241
27.862
28.271
27.377
28.044
27.514
29.438
41.107

39.198
33.636

28.908

51.973

27.271

27.786

35.5
28.165
30.802
30.484
39.076
37.819
28.893

62.536
29.09
29.847

27.423
27.877
30.09
30.605
28.074
34.97
27.256
28.074
32.105
28.393
28.665
27.468
28.514
27.362
36.137
39.986

33.742
38.47
27.498
40.395
33.212
39.364
40.243

28.953

27.18
29.529

43.062
28.696

27.605
27.332
30.787
29.984
38.561
33.333
34.909

27.695

27.756
41.713
34.985
29.772
27.408
43.547
26.483
34.273
36.803
28.802
26.998
26.756
27.726
33.53
29.075
38.364
55.337
30.742
29.65
42.926
47.699
27.468
30.908
28.059
28.499
30.893
27.241
27.438
28.499
28.271
32.545

30.075

35.545
28.574
52.473
27.953

32.393
28.347

30.529
28.089
35.712

60.793
28.711
27.559


37.516
37.485
31.939
29.226
27.074
39.531
32.787
28.044
29.044

43.759

28.377
30.393
38.789



26.847
30.499
26.907
28.984
36.121

28.605
27.726
30.484
36.152

29.832
30.454

28.862
31.651
45.366
37.091
31.166
29.741

38.349

30.939
34.697
26.544
27.468

50.685
33.03
33.075
30.196
42.562

45.76

31.348
29.605

28.226
27.635
31.484
27.953
44.138
27.923
26.271

27.68

38.061

26.801
27.195
28.347
35.409
28.12
42.486
36.818
30.317
30.014
28.453
29.256
25.983

27.62
28.059

29.075

27.999

60.884

27.544
26.817

27.847
35.924

29.469
28.014
29.741
27.301
27.423
32.454
28.984
34.515
44.608
27.468
29.09
28.211
45.184
28.196
27.286
27.241
39.349
28.423
28.347

34.879
27.286
27.695
28.089
27.983
26.71
35.106
27.089
28.559

35.561
28.741
27.347
28.317
27.029
28.256
29.605
28.332
28.741
38.198
30.575
28.044
59.808
27.983
31.257
34.788
26.589
28.862
28.15
42.941
27.256
32.833

28.65
28.287
47.154
29.09
38.319
50.821
30.499

32.939
28.438

26.665
27.817

26.332
29.499
28.029

38.349
26.271


27.408
27.165
28.923
27.377
27.877
29.029
27.892
29.666
31.439

27.271





44.82
33.697
32.666
27.999
28.832

27.908
36.894
28.044



27.135

30.166

28.771

28.893
27.695
27.741
27.847
27.226
26.832
28.832
27.635
36.015
42.062
28.802
28.105
66.855
29.969
26.347
28.984
63.475
28.802
33.106
29.575
28.514

41.35
27.423
26.62
26.074
27.498
28.726


34.773

31.666
28.438
35.121
27.544
29.044
27.392
28.832
28.12
28.893

32.378
27.074

32.136
33.197
47.548
29.802

56.156


47.821

37.94

28.787
28.408
44.835
30.969
29.302

29.847
31.272
29.12
31.226

32.651
33.394

28.211
37.97
28.317
40.107

28.605

30.454
28.529
53.776
35.545

36.803
43.729
61.429
28.12
29.15
36.803
29.984
30.635
30.514

28.044
33.575





33.985

38.076
28.741
30.332

32.696
30.317


45.244


38.682
29.817

33.121
28.468
27.726
27.014
28.438


29.453
29.908

29.756
34.621
31.893



33.09




60.96


39.364

30.135
28.332

28.317
46.26
28.438
28.771
28.681


26.119
28.968
32.56
27.286


29.211
31.545
36.985
35.576
29.59
40.698
65.688
41.622
28.287
29.362

28.059
28.938
27.559
28.574
27.923
27.468
32.348

34.833
38.213
28.059
29.741

28.362
27.832


28.65
33.666
28.711

39.91
28.15
28.089
27.665
34.47


39.228
28.847

28.696
29.029

27.741
29.438
37.137

46.063

34.076
42.304
35.091
35.591
27.923
28.044

29.408
35.727
27.559
32.651
27.438
28.62
31.272
28.226
28.499
29.196
27.438

30.211
28.802

31.226
43.289

27.559




33.106
29.605
38.152
33.151
31.878
36.167


40.365



28.196


34.712


28.12



28.953

27.15

27.059
27.695

34.833
51.488

26.983

34.636
27.195

27.65
27.211
27.453
28.059


30.408
29.969
27.68
45.517

31.272

29.302
28.984
30.666
29.332
27.771

43.774

29.362

34.257
27.498

27.559
31.393
31.711

30.514
27.559
35.091
45.547
28.241

30.241

32.499

34.848



30.772

29.544
29.105
31.242
27.68

28.211
28.62
28.574
33.469

28.59
34.97
28.681
50.639
34.742

28.559
43.017
28.044
54.61
29.772
31.999
33.212

47.078
55.11
37.47
36.364
34.394

63.581
36.015
33.136
27.877
38.531
35.318

30.757


38.016
28.362

27.605


29.453
30.787
27.635
27.695
34.318
30.302
36.137
29.196
41.577

47.502
29.423
49.442
29.332
27.877

30.696
27.817
42.835
41.865
31.317
54.731
30.272

28.332

31.848

28.574
29.484
28.074

40.41
30.939
55.004


35.288
34.485
33.803
30.832

28.347
29.438
27.014
32.893


29.014

29.726
40.243
35.076

28.62



28.847
29.696


31.075

29.196
28.12
27.544

32.166
38.046
46.836
42.289
36.985
39.683
34.485
28.968

30.908
44.108
27.044
28.711

27.301

47.169
33.924
38.319
52.852
30.605
33.985

37.394
49.457

30.09
28.059

28.938

36.273
27.15


37.531
40.38
45.381
44.184
33.469

27.286
52.018
29.029
29.211
29.529
31.439
28.726

44.82
30.166
28.393

28.362

27.847

28.984


28.984
44.365
28.635
28.302

32.121

27.423
41.274
33.075

28.787
28.453
27.62
27.726
26.938

27.832
28.302
27.165

28.574
27.771
28.226

28.044
31.53
26.665

26.847
28.12
27.347

30.696
32.227
27.438
33.863

28.953
29.863
50.351
26.574
27.953
30.408

30.075
33.015
34.454
42.562
39.804
38.895
27.498
32.666
37.152
29.256
44.396
33.151

28.65

38.031

34.257
28.999

30.711

36.379

28.984
33.363

34.939
28.377

31.105
27.423
26.695
32.53
56.231
36.349
50.958
28.499
27.226
27.241

28.241
44.835
30.014
31.969
29.787
27.741
30.014
41.047
30.726
28.347
27.286
30.575
29.09
38.061
36.652
28.908
27.15
28.226

29.605
28.59
29.484
28.468
29.317
29.575
28.605
28.453




62.702

28.802




29.302
41.941
29.287

27.802


34.03
27.605
28.681
27.726


28.605
29.332

38.304

28.862
32.378
29.529
28.893
34.273
33.394
28.074
57.823
35.864
29.211
29.196
50.427
28.135
34.151
27.423
27.877
27.423
26.438
31.105

29.105
29.181
26.604

29.696
28.681
27.029
29.832
39.758
49.927
28.15
27.544
35.227
37.106
43.547
27.605
35.985
29.984
35.894
29.635
42.077
28.074
40.259
27.377
47.305
28.832
38.44
29.287
26.983
33
42.668

32.499
40.425
27.665
27.68


42.88
29.12

48.427


27.711
25.907

27.332


27.468

29.863
27.711

28.741


28.756
26.468
27.044
29.287
30.196


27.953


27.999
27.771
25.983
28.135
32.105
31.242


43.79
27.226
27.711

28.893
27.498
27.195
27.605
27.877
27.135

27.726
29.044
28.65
35.136
34.015
35.212
28.453
29.544
29.12
53.943
28.665



31.939
26.938
27.892
37.637
39.425
28.893
29.181
29.393
30.454
56.928
35.045

28.681
30.332
43.047
45.138
35.182
44.305
34.424


36.697
45.32

27.589

28.711

29.181

34.136
28.332
65.294


27.62
29.938

29.484
36.303

29.423

29.347
28.408
41.713

30.12

30.969
28.908

27.347

30.742


32.59

34.591

35.5
30.726


49.094
32.696
33.591
28.317



41.122
34.909

37.531
40.819




43.683
31.787
30.393


43.396
42.38


28.468
28.771

28.029



28.893
27.726
29.378
28.878


35.727
29.09


31.59
36.227
29.12


52.503
34.591



28.741
28.999
32.484

26.604

27.771
27.877


27.574
29.332
30.348
29.287
26.695
29.302
33.181
52.519
28.741
28.544
28.438
62.187

33.06

31.984

28.408
34.454

48.624
28.59
27.771
50.063
28.756
28.226
30.56

27.529



28.756
43.79
33.772



31.848
43.971
38.425
28.014
29.135
49.457
29.15
33.621
53.625
35.242
41.653

28.893
39.88

27.741
45.896
34.621
59.656
38.152
45.941

33.606

30.757
29.908


31.151
27.802

28.226

30.226
28.089

32.742

38.304
32.757
29.272
26.998
27.741
29.241

29.09
28.074
28.226
41.819
33.257
27.695
37.849
28.211
33.742
27.726
28.741
36.546

37.955
27.211

39.94
28.862
42.198
34.667

27.908

29.514
28.59
52.609

28.408
28.468

30.923
26.801
38.849
29.605
65.006
27.589
30.62
28.408
28.15
28.62
36.152

27.423
28.681
30.226
27.589
44.168
28.574
35.606
46.957

27.483

28.499
36.409


39.622
33.848

28.771
26.832


30.06
34.136



29.302
39.167
41.638
29.317

47.79


34.56


33
28.15


28.499

28.408
28.696
27.908
30.332

28.393
34.333
28.756
46.699
38.637
62.884


56.307
28.347
29.514
29.62
31.393
29.575
28.953
28.574
27.847
32.318
47.533

29.272
50.215
27.438
28.756
28.938
27.377
30.635
29.923

48.26
36.682




29.302
27.605

30.923
43.35
33.772
41.592




27.756


29.256
27.347

26.968
26.786
27.029
28.62
28.665
28.226
35.712
28.196

27.802


28.014
27.892
30.469

26.726


42.335
31.802

27.195

44.123
32.454
27.741
28.968
27.226
30.802

31.772
33.651

37.925

37.637


28.862
36.152

43.456

30.393

35.333
33.681
39.092
35.803











29.105

46.26

28.574

37.243
28.499

28.514
27.286
29.878


31.151
28.302
27.574
28.12
52.458

32.954

29.62
29.105
27.241
41.501
53.322
34.833
36.47

48.503


27.908
28.317
26.983
26.513
26.513
31.651
28.938

28.484

28.908
28.12

43.774


28.423
31.211

27.999

47.957
28.847
30.545
30.726
39.304
31.833




27.514
44.062
27.938

49.7


26.983


31.196

44.987
34.409
42.698
45.76

27.135
33.454
61.293
29.075
28.226
31.242
35.333


38.728


29.287
32.333






28.211
28.787
44.032
28.468
28.999
32.136



44.426
32.348
39.561
49.533
41.456

31.196
28.468

31.62
27.605

30.241


27.65
28.802
27.165
27.741
28.756

32.939
27.726
26.771
27.438

31.514
28.817


30.151

29.817

34.985


28.529
27.12
24.922
27.029

32.287

28.847
28.802

28.817

27.726

40.683
30.06
30.863
28.787
27.347

28.18

51.776
42.653
44.926
31.257

27.999
28.65
35.591

29.196

28.468
27.756
28.453
28.711
28.105
42.744



54.276
51.018
43.502




41.729
34.288
32.515
49.851
46.335
30.772

31.287

54.746
28.635
27.377
28.347
28.574

29.453

35.712


30.332
41.759

29.484
41.122
30.166
29.075
28.605
26.953
32.136

40.137
32.818
27.862


28.453
31.924
31.62

28.271
29.559
27.741
44.608

30.075
28.635

39.637
27.953
44.29
27.256
49.791
29.832

29.529
44.835


37.652

28.514
43.941
29.226

28.468

27.559
38.516
65.082
28.362
28.059

43.911
31.59
30.196
40.607
32.803
36.667
32.818

28.696
31.484

26.513

28.468
42.426
27.953




28.014
29.347
31.166

28.832
27.12

27.559
28.287
28.741
27.968
28.696
28.968
29.317

27.968

27.362
28.362
29.196


40.107

27.817
48.487
29.014
27.908
27.241
27.832
27.695
27.65
28.317


30.241

28.074
32.015
27.044

33.727
32.696
32.984
29.711
30.317

31.136
28.893

37.228


32.272
27.377
28.635
34.454
44.896
30.393
27.408
33.591
42.88

34.515
44.956
35.212
57.535
37.379



31.984
35.091
39.092
49.836
31.59
29.332

46.896
28.59
28.756
38.97
31.545

36.076

37.364

41.38
28.468
29.666
29.241
29.196
29.847
30.575


43.865
32.151
53.958
28.726

46.836

57.732

37.485
34.833
28.453
27.362
39.183
29.09
49.306
44.926
29.302

31.408
29.12
30.969
27.377
31.984
28.18
28.393
26.423
46.502
28.256
32.696
29.378
30.575
27.135
51.837
28.089
27.771
28.12
30.09
34.848
28.665


31.545
30.06
27.195

27.635

30.62
28.256

27.15
38.425
40.046
40.819
34.773
27.68
32.651
30.545
28.574
36.152
28.696
27.62


35.455

47.305



27.559
29.287
27.771
30.09
28.438
39.955
35.258

28.544
29.135
27.104

27.741

27.62

27.392
28.044
29.393

29.666

28.62
30.378
33.378
29.014


28.878
34.121
27.104
28.15
27.923
36.137

28.12

30.984



28.529
50.154
32.409
26.165
29.014
28.862
31.181

28.953


54.064
51.564
43.608
28.211
31.014

29.393


28.832
27.62



39.849
30.226
29.09
44.047

38.698
29.378
29.59
26.847
29.165
27.483
27.847

26.801
28.878
27.953
28.271
31.045

33.121
30.499
33.939
26.241
27.877
31.62

28.438

37.591
37.031

28.393

31.151
30.332


27.62
29.165
36.379
34.591
28.529

33.075




37.273
30.014
45.335
29.317

29.241
37.743
44.729
27.847
32.06

59.474
27.423

29.65
28.211
27.438
30.499
30.742
32.378
27.847
36.758
29.772
27.695
37.319

27.817
34.212
30.408
29.044
28.832
45.214

29.984
28.271
27.059
33.015
29.059
28.499


29.241
27.999
27.559

26.665
30.166

28.302
29.514

28.226
28.938
27.211
27.771
29.362
27.438

27.635
31.848
28.226
28.317

29.302
56.61

27.453
56.428
53.852
29.378

37.182

25.468

41.092

28.044
28.135
39.016

29.029
29.272
27.514
33.348
33.742
27.332

27.741
44.532
28.287
28.696
37.288
31.954
34.803
28.953
28.089
45.093

37.864
36.879



31.105
64.976

41.895

30.787

28.62
29.863
30.832
33.53
39.319
28.62


45.941
37.122

28.211
28.135
54.216
28.847
50.927
40.152
28.862
36.818
28.908
27.771
27.574
27.514
33.575
27.195

30.772

31.605
31.787
29.62
43.683
32.909
62.657
42.198
53.2
34.576
34.5
27.892
62.475
42.123
52.276
58.065
29.438
63.718
27.771
28.741
33.045
31.393
28.059
26.771
27.983
30.393
26.998
39.486
41.001

31.514
27.15


30.696


28.802
49.382
28.499

29.696

27.968





28.332
36.364
48.851
45.047

28.878
31.423


29.787

28.362
28.802
49.518
28.135
28.559



46.714
43.88
30.484
28.089
28.453
28.726



28.211
35.424
27.726
42.41
28.029
27.605

27.074
49.109
27.877


38.94
28.408
29.135
29.529
52.276
38.001


30.832
62.278

27.847

28.014

27.635
40.607
37.91
27.256
26.665
29.408
31.757
30.317
28.241
30.363
34.424
37.925

29.741
54.504
34.576
42.668
30.499


28.65
39.895
50.079
41.774
31.62
27.771
32.121
32.212
28.423
27.256
40.304






30.12
29.469



28.211


36.864
28.938

29.029
28.089
29.302
40.107

28.377
28.18
27.574
30.423
30.711
28.362
28.756
42.244
34.288
27.089
36.803

59.778



47.23

28.302
29.469



35.106
41.607




31.605



59.383

28.044
28.18
38.379




31.211
28.15

39.274
28.408
28.953


28.499
28.226
30.484

34.56
27.968

30.332






28.18
52.276

28.287


28.908

27.529



39.319

62.096

26.983
37.713
28.484
42.683


28.938
27.104

28.711
34.212

27.408
28.12

43.183

37.955
41.577

29.378

37.697

35.061
45.35
45.138


28.089
35.591
50.003

28.332


31.211
28.302
27.347

28.468



28.241
61.384
28.938
27.771
29.044
29.923
27.559
28.984

27.923
28.196
27.332
28.271
27.695

26.589




35.773
41.532




36.925
37.015

28.832
27.756

28.908
44.881

27.741
51.958
28.574
28.65
29.044
41.577
40.622


33.287



30.848
48.472


28.044
55.155
31.924


28.953

29.272
31.06
28.347

30.181




37.485
28.756
43.759
29.817
27.983

28.014

28.014
26.923

60.096
27.908
43.699
32.56

28.302

27.104
28.226
27.029
41.153

32.53


27.908
28.62
29.438
30.499
29.362
27.862
44.699
27.377
29.075
28.984
30.317
42.577
51.973
33.818
58.126
33.681
26.332
29.241
62.611
46.26
46.775
45.229
32.515

27.892
37.637
28.984
33.212
33.863
28.878
27.877
27.498
33.833
29.772
29.044
30.848
38.516
47.472
33.06
32.151
41.183
40.713
44.396

34.439
37.97
40.956

28.105
30.605

46.593
28.862
53.003

36.485

28.044



34.076
27.68
28.377


29.756
56.292

27.817

48.563



46.684

47.578

34.363
29.378


33.06


35.061
30.848
28.317

29.059



27.165

27.862
33.212


40.365

41.077
30.605
26.907
38.743
49.321
27.059



28.665



28.287


28.241

27.999
33.424


30.423
27.408
27.589
27.165


29.726
41.183

49.033

27.908
28.787



27.377

27.271

28.635


27.62



30.605
37.728
27.483

37

27.695

30.135


27.68
27.468
27.074
28.302

28.559

26.71

32.651

34.03
28.484
30.545

29.211
30.378
31.469
28.317
28.029
27.362
27.832
29.544
28.726
32.803
27.014
26.983


27.423
27.635
26.18
28.681

31.045
36.773
26.438

36.561


51.715
38.016
27.847
42.426
27.544
28.938
29.09


42.729
28.317
51.17
29.984

31.166
28.468
28.468
27.877
29.529
31.848
27.726
28.544

44.744
28.832

31.833
38.44


29.075
27.559
27.968
27.529
27.089
27.408
29.393

27.62
27.938



28.893



28.377

35.212
26.953

36.197

29.272
30.287
30.575

31.908

28.999

28.165
27.786

27.529
39.349
28.287
28.938



29.09
32.772
33.287

29.075
45.563
34.773



28.741



33.5

27.968




27.104
31.545
43.305

33.363
30.044
34.106
29.938
28.741
26.71

30.393

26.529
30.939
30.287
33.772
44.471
41.804
28.681

50.291

31.302
31.393
29.317
27.999




36.03



29.059


29.575

28.65


30.939
28.711
26.847
30.59

38.258
34.803
29.408
27.908
32.439
27.12

28.423
33.378
33.757
30.954
40.834
27.408

51.73
46.245
28.711
29.378

26.877


29.408
27.771

30.514

32.545
28.817
28.559
28.211
29.105
27.559
26.286

26.604
28.635
27.877
39.713
28.196

30.514

35.273

27.165
57.686
29.559
28.347
30.454
30.105
29.696
27.423
27.211

27.195
33.348
32.09
44.517



26.786
43.82
30.666
45.153

27.408


40.334

52.928
28.089
32.818
49.382

27.862
27.68
30.863

27.18
29.423
26.529
28.681
29.12



34.333



28.529
29.196
29.15
38.091

29.908

37.849

38.107
31.802


34.924
29.696
26.983

30.635

29.029
27.953
28.211

29.953
27.165
26.968

27.529


32.575
49.851
40.759
32.984


39.516
59.732
37.894
28.938
31.226
26.968

34.591

49.942

26.604

28.696
30.484
28.196
41.895
27.953

53.352

54.004
42.486

43.744

32.893
31.014

43.138


51.7



30.832


28.196
37.47


33.454

45.32

27.059

28.908

38.167
40.259


33.06

28.135


28.241
31.105
36.728
29.893
27.301

30.196

59.838
28.12
51.806
28.696
36.818

45.881

29.09

28.681



32.818
41.153
55.655
28.635
41.228
38.182
27.12
47.351
30.438
39.789


27.453
30.12
57.156
28.317
37.425
31.211

47.427






27.574
26.847
33.106
28.423
44.411
29.332

28.332
27.908



26.983
31.09

28.226
27.135
54.958
28.241
27.195
48.351
29.272
45.063
58.232
55.565
46.532
31.196
34.106
51.518
38.425
28.256

33.272


40.91


29.347
29.075
31.484
34.894
28.196
33.166
28.317
26.801
31.181


31.09

27.711
27.968
29.711

27.605

26.983
28.241
29.575
28.908
26.968
30.348
29.726
37.091
28.468

30.711
39.471

43.092
30.454
27.771




26.271


28.302


29.681
28.044
30.726
28.741


32.681
33.181
27.771
44.638


54.261
28.393



28.771

27.65
31.166





28.681
29.529

38.44
28.771

27.999

27.074

32.803
32.302

28.347
42.501






27.483
36.091
54.761
43.774
28.544
28.18








27.923


28.529

30.635
28.65


38.97
27.65
33.242
39.471

44.608
31.848
27.514





29.332






28.332
33.954

42.941
28.832
27.832
35.364

51.746
27.256









38.925
40.85










28.044



28.347

27.832


35.545
45.381




27.498
41.183

34.954
36.652


31.863
27.968
31.014

27.741
35.652

28.453



28.377
41.425
29.953

40.122

29.605

30.711
30.984
29.15




28.029
29.393

27.392

37.031
32.863
28.559

28.468

31.802
29.029
29.12



28.787
31.06

26.832
28.393
26.438
40.562
32.348
46.32
44.441
28.878
29.256
27.408

36.637
53.579
29.969

51.518
34.454
28.135

28.211
26.665
35.773
27.256
29.544
27.408


31.454
29.635
28.832
52.928
39.774

59.171
30.241

33.242
55.064
50.791



28.362
30.802
33.606
32.909
56.928

32.924

60.49

35.955
28.105
28.529
38.864
27.695

33.166
29.438
37.788
30.029

40.44

29.044

28.271
28.029
28.484

28.635

26.665
26.544
30.332
38.728

51.215
41.395
32.833

28.271

27.711
26.907
27.044

28.499

28.468
34.439
37.349
41.304

30.999

33.5
37.167

28.65
28.12
33.045
37.197
29.181
36.44
27.544
27.62



29.12

29.514

52.897



35.515

37.031

38.895

28.559



32.787
26.741
27.241
26.68

36.561
28.408
50.488

30.166
28.999

44.032

28.514

29.317
28.59
28.544
28.029
29.575
37.288
50.473
44.244
37.925
55.989
29.09
29.529
64.218
28.938
28.15
31.317
35.576
28.574
28.893
29.226
32.909

27.544
29.878
43.35
32.333
26.347
32.59
28.787
35.364
28.681
38.728
37.137
28.105
52.564
31.696
60.914

37.182
28.271
33.287
32.196
33.742
28.135
30.802
32.878

32.393
28.438

27.62
46.866
41.259
28.635
27.999
31.075
28.029
44.153
27.529

30.969
31.045
28.726
30.984
26.68
50.109
28.59
28.211
30.226

32.545

33.454
29.832
51.291
28.211
30.075
29.908
27.892
44.987
42.85
49.76
33.257
32.075
29.165
29.65
43.259

27.802
39.577

31.439
31.12
34.166
27.695
28.999
29.499
29.711
29.15


28.332
27.605

39.061
33.712
33.166
26.923

30.848
28.726
35.076
31.454
28.726
29.529

42.926
26.847
28.074

28.241


27.983

34.424

27.059

27.983
34.773


28.408
28.756
28.499




28.014


28.241

31.59

31.757
32.56
36.728
37.591
28.332
34.682
56.686

28.771
41.471
37.44

29.453
28.18
25.68
26.513

33.5
27.923
27.453
27.453

27.665

30.317


40.698

30.742

28.377
43.047
37.516
30.302
29.726
29.696
29.317
27.029
27.695


26.635
29.226
28.15
29.696
50.761
45.123
29.802
38.061
34.621
59.52

39.001
28.105
28.044
29.863
30.348
30.742
29.484
27.635
28.317
27.514
29.15
28.908
43.138
28.711
54.61
27.847
29.226
28.438
33.272
29.044
28.499
28.302
28.089
31.651
30.06
28.726

30.348

27.165
26.62
43.259

40.637


35.5
28.847
32.348
28.893
29.999
42.623


27.498
28.165
27.408

27.514
27.892
28.59
27.938
27.726
52.882
27.938
46.29
28.696
37.288
27.15
29.393
42.698
32.136
41.926
27.771
28.938

29.878
42.183


29.029


27.756
28.271


28.059
28.771




28.544

33.985
28.605
28.65
40.349
27.999
44.35
38.576

33.712
25.786
29.12
28.574
41.289
32.742

29.211
28.044
28.044
28.347

27.711
28.484



26.286

38.516
40.668



33.636
33.303
30.499


27.756
35.348
32.56

27.483
46.79

55.928
39.561
28.847

28.241

26.438
30.696
27.923
26.483
35.379

28.044
33.969

27.574
28.514
30.954


46.123
28.18

57.641
27.226
30.651

42.123
28.953
30.923


29.514
37.152

27.301

28.574
27.862
30.029
58.792



28.377
44.684


49.654

49.018
27.892






29.332
30.196
32.287

33.742

37.031
30.56
37.243
31.408
46.805
31.242
28.938
29.408

26.544
32.136
27.802
29.878
28.893
29.347
32.015
30.241
62.687
29.135
28.453
37.713
33.151

35.288
47.139


29.226
40.774
37.167
47.214


35.849


28.635


30.635
27.999
34.03
27.741
29.529


29.741

29.226


28.317

32.318
29.014

28.559

46.578

27.468
33.075
27.68
28.908

28.999
30.272
34.803

29.014
47.033
35.318
30.06
58.989
32.015
27.999
63.293
49.003
28.665
41.183
35.348
35.667
41.092
39.258
30.135
30.196


49.366
41.607
28.226

26.862
27.241
34
57.792
28.514

31.287

52.549

28.544
41.85

28.029

26.938
27.15
28.711


48.745
58.914
29.347
29.863
27.999

28.196

26.953
29.635

28.65
33.924

38.485
41.638
28.438
38.637
29.014
30.151
35.318
27.317
30.014
29.15
29.059
26.241
27.271

30.651
28.65
31.833
37.44
27.65
28.332
28.832
30.878
28.484
27.483
31.408
30.12
35.758
48.563
32.439
47.593
31.878
27.968
27.741
31.045

26.544
28.923
34.318

37.819

28.196
39.577
30.211
26.513


29.878
57.838
30.787

27.62
44.623
34.576
43.517
31.772

27.953
46.76
28.499
27.695

29.059
30.787
28.377
29.165
37.197
27.711
27.635
27.802
29.529
27.423
29.438


27.862
30.151
30.832
48.124
35.045
39.258

32.53
34.53
31.893
28.65
35.348
38.713
39.274
28.968
27.529
38.501
27.892
27.377
27.377
28.62
27.559
29.923
28.317
28.544
28.605
30.817
29.332
46.184
51.109
28.559
50.033

36.955

30.075
61.929
31.999
27.18
28.12
35.833

27.968
28.62
29.393
27.362
29.484
27.301
41.153
34.667
27.756
30.241
57.914

32.333
26.256
27.999
30.363

29.075
31.09
37.258
58.383
28.468
34.454
61.899
29.681
29.408
34.682

27.362
57.035
27.771
33.287

29.863
43.987
28.302
28.696
27.029

27.605

27.529
26.513
28.484
27.423
29.044
36.364
30.499
30.969

28.302
31.393
61.748
41.031
30.469
57.883
41.895
50.23
38.334
45.699

30.332
28.196
49.321

49.306
33.757
29.681
27.529
26.635
27.12
27.817
27.423
28.468

39.319
28.771
59.732

28.256

28.014



29.802
29.514

30.969
29.362
29.105
28.226
35.985
34.803
28.332
27.377
28.665


46.623
54.67
30.681
30.514
38.122

35.515
33.015
46.79

37.864

27.999
31.454
28.681

28.014
32.03

27.029
31.742
29.378
30.287
33.212
29.075
45.926

50.003

28.741
40.486


31.833



29.681
57.914

34.515
32.515
39.546
52.958





31.045

27.514
30.787
27.498
28.696
32.105
32.59
28.453
28.408
29.181
34.273
27.165
26.892



30.499

30.12
31.469
27.332
27.074

34.894
29.999
30.014
28.165
40.137
40.365
45.305
52.382
27.589
28.423


29.302

30.166
28.802
28.62
33.03
27.529
26.741



27.559
27.953
43.623

34.242
27.968

27.771
31.636

32.424
55.716
29.029
53.549
35.743
29.484
29.469
28.347
28.893
31.469
29.059
28.484
32.121

28.317

31.287
39.986
29.726
30.969
28.681
27.68
33.954
41.107
41.713
26.953
38.986

31.863
28.696
33.015
26.862
27.392
28.377
34.56
28.62
34.985
28.787
41.107
28.074

52.185

45.184
27.392

28.832
36.152
29.529
35
40.653

28.029
33.136
32.151
31.651



64.354
61.247

51.609
28.529
27.771
26.938
27.256

28.074
28.453
29.347
29.863
27.241

29.923
42.335
34.576

40.94

31.863


33.272
27.771
29.635
29.272
27.089



34.742
32.302
27.544
29.181
31.272

54.822
29.863
35.97
27.332

49.291
30.06
30.696
29.711


31.408
42.229
33.439
29.756
30.044
29.863
27.802
62.248
38.107

30.211
50.579
32.151


34.242
28.832
27.195
28.074

29.802
41.213
52.049


46.305
49.882
38.743
32.621


28.847
37.212
31.56

29.893





28.332






27.817
27.68
28.377

28.999



27.756
32.121


35.697
34.53
28.923
51.185
28.696

39.031

33.863
37.773



28.635
28.12

33.712

31.742

44.593
27.892
46.487



45.32
37.425
27.968








31.211
32.318
28.529

28.62

27.711

28.135
28.044
28.044
26.407

27.877

28.756



44.487
46.548
50.185












34.621
30.226








33.121

40.759



30.014

29.347






33.212


29.847
28.65
30.196
31.696

52.079
34.515
29.681
60.793
48.609




28.226




27.665

28.559




35.379


47.548

32.666



29.256



49.094



27.695

27.438

28.847
28.377

64.9
29.514
29.393



40.653

29.559
44.881
36.743


30.438
36.364
38.986

28.211
28.18

35.303
29.575

28.211

29.165


43.911
27.953
28.089


38.107



27.999
36.409
33.924
43.971
28.211
28.332
37.819
35.97
30.075
30.939
55.11

27.756
28.317
34.591

27.589

29.029
27.908
38.789
28.999

57.898

39.713
33.833



34.773
47.578
48.73
29.014
27.938


28.453
29.984
28.862

27.483





27.408
27.574
40.41

34.5

45.078
33.788

42.138
27.423
29.075
28.968
36.409
57.55
29.696


28.074

29.423

34.151
41.819
28.271
35.197

41.122

28.635

27.65

41.031
27.256

28.029

31.196
44.229


38.501
28.59
27.968
32.681
46.335
27.953












44.759

29.499

29.393

36.788
28.499


42.517




27.468

28.938
28.862

37.106
29.029
28.287



28.953

27.665
27.847
37.258
30.984

29.65
33.454

30.393
56.383



29.423

27.847
29.165

29.029


28.574
34.015
28.029

27.832
32.621
32.136
28.908
32.606
29.544
33.939
28.635
28.332
27.832
31.878
31.423
35.773
31.302
28.65
28.317
29.317
30.499

28.423
44.047

29.075
27.286
41.319

49.321
27.514
30.06
27.756
27.256

27.665
28.287
27.18



28.317
27.968
36.697
27.165
26.923
26.726
26.892
33.287
38.076

30.393


38.395

36.258

32.803

39.94
29.059
35.136

32.954


32.454
30.317
27.968
31.363

29.832


28.332

43.289

29.938

30.923
56.156
27.847
30.499

28.938
56.747
39.092


37.182

28.711

27.695
26.741
33.09

28.256
28.135


38.682
26.635
33.272
37.046
38.213

31.848
54.443

30.499


33.697
27.301



28.347
33.5

53.185

34.591

27.605







40.546
39.274









41.85

28.984
28.862





33.378

41.638


29.514

29.302
29.105

40.046


34.273
30.984
29.135
34.682
28.771
27.635
31.196
33.378
30.363
29.938
28.726
28.074

39.546
30.029

28.014
30.863



29.438
36.091
32.06






42.471

37.834




30.999


27.756
28.832

44.699

29.211
27.923

27.938
29.196

27.074


29.15
28.014
27.938
36.046
34.757
49.472


28.211


29.908

30.802


28.908
42.789

43.714
29.059
29.999

39.955

28.241
32.545
31.317
45.275
36.44



39.076

28.271




44.35
37.485



28.226
27.529
28.862
28.287
30.817
53.276



43.562

29.226
26.68


34.394
40.198
34.56
27.786
27.892
27.605
27.589
26.907
40.531
27.135

28.226

27.847
27.62
29.347
27.498
30.832
27.195
28.014
26.392
28.287
27.923
30.575
28.499

33.788

52.655


28.12
31.954
33.484
27.059

29.711
31.545

28.65
36.303
38.091

33.469
60.914

40.107
54.595
32.272

30.484
38.44

27.786
29.317
29.393
25.756
28.559
28.711
29.059
28.029
27.802
31.363
34.894
31.969
50.67
28.377
27.498
28.074
34.727

26.665

28.302

28.12
29.878
31.045
38.319
37.561

28.741

29.635
28.226
50.882
56.565
26.513
36.621

27.165
59.944
57.201
37.288
33.454
32.606
29.044
32.242
27.468

32.015

29.438
27.726
30.378
27.892
45.623
48.775
28.453


36.015

51.321
51.124
30.545
28.059


63.718



28.817
28.393
30.272
27.756



29.029
27.65

29.999
27.514
27.286

29.59



28.393




29.226
39.274

32.121


29.62




29.256
28.968

29.635

47.396



33.985

28.317

28.984



30.135



34.454
28.999
31.62
44.229
37.622
28.635


36.728

29.12
28.256
28.15
27.832
27.468
36.046
31.757
48.078
27.605
38.152


28.862
30.06
32.227
30.969
29.378
27.241
29.62

28.347
27.847
27.195
28.711

28.135
27.923
28.438

29.181
28.62
54.413

33.727

40.819

27.635

28.271



29.211



28.377

29.65
29.15


27.953







45.563

27.817
28.756


41.274
32.484
28.089
27.817


40.44
56.565
31.666
28.696






29.014



36.834




42.183
26.832

40.289
28.256
28.741
30.166
30.848
29.317

35.424
28.302
29.165
39.622

29.165
35.803
33.894
28.544


30.029
40.698
29.181
28.968
29.484


60.172

31.136


30.863



28.711
28.165

28.923





28.256



32.075
28.862
27.347

38.061
27.408
30.484
27.877
34.318
37.788




40.183

40.319

30.348
28.665
56.792
31.59

29.347

29.469
28.302





28.574
29.408

29.09
28.62
30.514
33.651

36.879
49.745




30.393

39.092


35.212




28.605
46.517




41.304
50.67


49.563
37.228





37.652
31.105





27.665

30.742
27.574
35.076

27.12
28.074

32.227
37.319
49.609
28.074
36.334
37.258
28.832

27.695
31.924
27.498
27.044
34.015
27.711

28.074
29.287
50.185
31.348
33.363
32.863
28.59
28.256


26.665

28.468

49.321
34.348
28.923
29.105
27.195
29.529
27.059
28.514
28.938
45.699
33.56
27.271

