5.631 
5.548 
5.594 
5.628 
5.582 
5.594 
5.482 
5.554 
5.558 
5.531 
5.567 
5.607 
5.585 
5.521 
5.556 
5.556 
5.563 
5.601 
5.563 
5.613 
5.571 
5.559 
5.542 
5.554 
5.577 
5.583 
5.538 
5.525 
5.579 
5.564 
5.662 
5.595 
5.560 
5.516 
5.621 
5.527 
5.535 
5.532 
5.540 
5.535 
5.555 
5.557 
5.572 
5.552 
5.536 
5.554 
5.545 
5.531 
5.560 
5.542 
5.525 
5.550 
5.542 
5.565 
5.571 
5.549 
5.621 
5.577 
5.581 
5.593 
5.590 
5.534 
5.594 
5.551 
5.628 
5.578 
5.561 
5.527 
5.607 
5.598 
5.609 
5.542 
5.577 
5.608 
5.558 
5.576 
5.555 
5.561 
5.564 
5.593 
5.637 
5.589 
5.598 
5.580 
5.591 
5.573 
5.567 
5.575 
5.589 
5.570 
5.592 
5.572 
5.562 
5.568 
5.543 
5.576 
5.570 
5.594 
5.593 
5.588 
5.562 
5.559 
5.521 
5.582 
5.612 
5.577 
5.582 
5.592 
5.488 
5.525 
5.528 

5.585 
5.556 
5.569 
5.576 
5.526 
5.540 
5.563 
5.574 
5.589 
5.540 
5.587 
5.569 
5.573 
5.536 
5.558 
5.590 
5.557 
5.582 
5.558 
5.559 
5.550 
5.604 
5.550 
5.607 
5.576 
5.588 
5.591 
5.587 
5.562 
5.560 
5.524 
5.610 
5.565 
5.592 
5.566 
5.620 
5.568 
5.579 
5.564 
5.597 
5.591 
5.570 
5.552 
5.567 
5.586 
5.552 
5.559 
5.576 
5.539 
5.552 
5.553 
5.498 
5.539 
5.552 
5.545 
5.572 
5.590 
5.550 
5.565 
5.553 
5.593 
5.541 
5.591 
5.592 
5.579 
5.555 
5.569 
5.571 
5.559 
5.595 
5.571 
5.640 
5.578 
5.604 
5.560 
5.578 
5.607 
5.569 
5.570 
5.545 
5.572 
5.576 
5.546 
5.619 
5.531 
5.524 
5.528 
5.618 
5.540 
5.518 
5.566 
5.546 
5.556 
5.543 
5.540 
5.555 
5.543 
5.562 
5.555 
5.512 
5.528 
5.549 
5.542 
5.525 
5.569 
5.548 
5.536 
5.570 
5.627 
5.542 
5.542 
5.617 
5.588 
5.582 
5.549 
5.641 
5.568 
5.563 
5.564 
5.609 
5.576 
5.549 
5.621 
5.568 
5.592 
5.608 
5.600 
5.551 
5.592 
5.617 
5.572 
5.578 
5.575 
5.604 
5.578 
5.594 
5.583 
5.554 
5.576 
5.532 
5.551 
5.528 
5.559 
5.614 
5.527 
5.592 
5.679 
5.618 
5.558 
5.551 
5.549 
5.511 
5.545 
5.531 
5.610 
5.541 
5.541 
5.558 
5.520 
5.565 
5.560 
5.566 
5.533 
5.561 
5.573 
5.567 
5.553 
5.554 
5.559 
5.580 
5.597 
5.557 
5.589 
5.563 
5.607 
5.598 
5.571 
5.558 
5.622 
5.598 
5.556 
5.580 
5.591 
5.595 
5.584 
5.574 
5.601 
5.566 
5.578 
5.539 
5.584 
5.531 
5.551 
5.601 
5.573 
5.551 
5.564 
5.571 
5.544 
5.573 
5.592 
5.548 
5.569 
5.575 
5.532 
5.578 
5.576 
5.516 
5.590 
5.571 
5.592 
5.523 
5.536 
5.576 
5.563 
5.555 
5.584 
5.539 
5.571 
5.547 
5.581 
5.595 
5.575 
5.591 
5.531 
5.568 
5.586 
5.520 
5.579 
5.583 
5.557 
5.634 
5.571 
5.563 
5.597 
5.605 
5.573 
5.573 
5.608 
5.568 
5.579 
5.558 
5.573 
5.575 
5.549 
5.552 
5.588 
5.587 
5.545 
5.577 
5.556 
5.587 
5.563 
5.569 
5.572 
5.501 
5.559 
5.578 
5.575 
5.567 
5.569 
5.595 
5.582 
5.538 
5.567 
5.510 
5.588 
5.572 
5.634 
5.601 
5.604 
5.559 
5.538 
5.592 
5.557 
5.595 
5.587 
5.604 
5.543 
5.612 
5.569 
5.574 
5.602 
5.597 
5.547 
5.554 
5.584 
5.602 
5.589 
5.572 
5.550 
5.590 
5.552 
5.586 
5.527 
5.557 
5.582 
5.544 
5.600 
5.566 
5.583 
5.564 
5.549 
5.531 
5.616 
5.589 
5.559 
5.552 
5.561 
5.517 
5.584 
5.570 
5.576 
5.579 
5.593 
5.567 
5.590 
5.589 
5.598 
5.582 
5.599 
5.579 
5.571 
5.574 
5.567 
5.580 
5.552 
5.591 
5.576 
5.581 
5.576 
5.573 
5.557 
5.572 
5.625 
5.548 
5.579 
5.548 
5.539 
5.511 
5.583 
5.551 
5.550 
5.602 
5.585 
5.528 
5.579 
5.571 
5.556 
5.557 
5.572 
5.572 
5.545 
5.589 
5.545 
5.556 
5.600 
5.574 
5.542 
5.626 
5.536 
5.562 
5.563 
5.561 
5.534 
5.542 
5.558 
5.598 
5.545 
5.582 
5.563 
5.574 
5.574 
5.553 
5.567 
5.533 
5.540 
5.536 
5.560 
5.546 
5.577 
5.578 
5.594 
5.601 
5.568 
5.518 
5.571 
5.564 
5.546 
5.570 
5.522 
5.586 
5.576 
5.593 
5.574 
5.564 
5.602 
5.535 
5.568 
5.574 
5.549 
5.545 
5.592 
5.561 
5.591 
5.572 
5.567 
5.539 
5.601 
5.562 
5.574 
5.550 
5.553 
5.574 
5.584 
5.551 
5.561 
5.585 
5.589 
5.555 
5.609 
5.583 
5.612 
5.558 
5.537 
5.561 
5.623 
5.575 
5.597 
5.589 
5.587 
5.571 
5.600 
5.578 
5.526 
5.507 
5.544 
5.582 
5.573 
5.618 
5.602 
5.603 
5.623 
5.544 
5.589 
5.564 
5.574 
5.605 
5.525 
5.539 
5.562 
5.553 
5.554 
5.560 
5.528 
5.590 
5.537 
5.590 
5.586 
5.534 
5.573 
5.564 
5.567 
5.560 
5.558 
5.552 
5.549 
5.520 
5.574 
5.577 
5.533 
5.566 
5.553 
5.590 
5.597 
5.577 
5.572 
5.609 
5.594 
5.592 
5.521 
5.585 
5.600 
5.580 
5.570 
5.577 
5.555 
5.560 
5.582 
5.582 
5.587 
5.532 
5.587 
5.626 
5.571 
5.546 
5.539 
5.549 
5.566 
5.577 
5.536 
5.541 
5.560 
5.561 
5.551 
5.545 
5.600 
5.581 
5.554 
5.593 
5.562 
5.588 
5.547 
5.541 
5.541 
5.527 
5.579 
5.580 
5.505 
5.574 
5.556 
5.564 
5.528 
5.586 
5.541 
5.511 
5.611 
5.558 
5.553 
5.580 
5.557 
5.579 
5.592 
5.545 
5.563 
5.570 
5.603 
5.610 
5.582 
5.537 
5.586 
5.583 
5.612 
5.551 
5.575 
5.583 
5.571 
5.588 
5.581 
5.567 
5.581 
5.581 
5.510 
5.561 
5.552 
5.537 
5.511 
5.564 
5.530 
5.539 
5.578 
5.582 
5.548 
5.550 
5.536 
5.616 
5.492 
5.546 
5.588 
5.652 
5.565 
5.568 
5.565 
5.546 
5.581 
5.635 
5.479 
5.563 
5.588 
5.557 
5.573 
5.578 
5.590 
5.648 
5.573 
5.550 
5.561 
5.628 
5.631 
5.573 
5.593 
5.620 
5.591 
5.574 
5.558 
5.619 
5.610 
5.568 
5.602 
5.576 
5.592 
5.609 
5.550 
5.537 
5.594 
5.583 
5.643 
5.603 
5.624 
5.568 
5.554 
5.601 
5.568 
5.561 
5.545 
5.582 
5.551 
5.578 
5.557 
5.564 
5.550 
5.548 
5.531 
5.544 
5.542 
5.551 
5.582 
5.586 
5.568 
5.538 
5.542 
5.526 
5.531 
5.551 
5.554 
5.600 
5.615 
5.600 
5.561 
5.534 
5.586 
5.596 
5.577 
5.570 
5.557 
5.546 
5.588 
5.566 
5.572 
5.597 
5.587 
5.554 
5.569 
5.591 
5.560 
5.553 
5.571 
5.547 
5.573 
5.582 
5.576 
5.545 
5.510 
5.580 
5.538 
5.561 
5.517 
5.578 
5.526 
5.553 
5.571 
5.516 
5.577 
5.568 
5.571 
5.592 
5.545 
5.577 
5.598 
5.564 
5.582 
5.565 
5.610 
5.606 
5.607 
5.553 
5.596 
5.584 
5.575 
5.586 
5.582 
5.561 
5.616 
5.560 
5.621 
5.572 
5.559 
5.559 
5.602 
5.575 
5.576 
5.544 
5.571 
5.563 
5.584 
5.541 
5.579 
5.579 
5.549 
5.602 
5.564 
5.568 
5.557 
5.571 
5.577 
5.567 
5.563 
5.541 
5.562 
5.529 
5.549 
5.544 
5.553 
5.601 
5.571 
5.552 
5.602 
5.626 
5.596 
5.604 
5.588 
5.553 
5.552 
5.636 
5.579 
5.550 
5.592 
5.600 
5.592 
5.573 
5.584 
5.583 
5.557 
5.592 
5.546 
5.575 
5.530 
5.562 
5.517 
5.567 
5.566 
5.551 
5.559 
5.540 
5.539 
5.525 
5.533 
5.567 
5.560 
5.553 
5.538 
5.504 
5.582 
5.544 
5.552 
5.593 
5.572 
5.562 
5.588 
5.601 
5.601 
5.574 
5.535 
5.580 
5.604 
5.550 
5.568 
5.594 
5.560 
5.583 
5.554 
5.609 
5.575 
5.601 
5.549 
5.534 
5.559 
5.553 
5.534 
5.566 
5.572 
5.607 
5.589 
5.584 
5.562 
5.557 
5.587 
5.535 
5.588 
5.522 
5.571 
5.557 
5.566 
5.542 
5.579 
5.591 
5.572 
5.552 
5.588 
5.532 
5.569 
5.559 
5.502 
5.572 
5.566 
5.556 
5.548 
5.595 
5.578 
5.604 
5.564 
5.611 
5.562 
5.555 
5.514 
5.553 
5.569 
5.603 
5.583 
5.540 
5.624 
5.557 
5.556 
5.573 
5.530 
5.584 
5.576 
5.566 
5.548 
5.594 
5.569 
5.574 
5.568 
5.599 
5.519 
5.598 
5.592 
5.587 
5.580 
5.556 
5.564 
5.530 
5.566 
5.570 
5.599 
5.577 
5.608 
5.565 
5.560 
5.584 
5.545 
5.535 
5.544 
5.589 
5.552 
5.548 
5.538 
5.574 
5.549 
5.574 
5.572 
5.536 
5.576 
5.548 
5.570 
5.504 
5.581 
5.513 
5.553 
5.535 
5.554 
5.536 
5.604 
5.587 
5.572 
5.567 
5.534 
5.535 
5.571 
5.534 
5.528 
5.561 
5.570 
5.590 
5.560 
5.547 
5.536 
5.579 
5.539 
5.585 
5.558 
5.584 
5.522 
5.570 
5.588 
5.599 
5.543 
5.584 
5.583 
5.555 
5.536 
5.577 
5.509 
5.530 
5.567 
5.552 
5.555 
5.538 
5.551 
5.565 
5.522 
5.559 
5.569 
5.536 
5.563 
5.555 
5.538 
5.554 
5.540 
5.558 
5.573 
5.605 
5.577 
5.572 
5.576 
5.549 
5.588 
5.558 
5.634 
5.570 
5.571 
5.596 
5.598 
5.603 
5.611 
5.620 
5.604 
5.570 
5.617 
5.553 
5.612 
5.563 
5.559 
5.592 
5.575 
5.612 
5.544 
5.564 
5.577 
5.581 
5.604 
5.580 
5.575 
5.567 
5.604 
5.567 
5.579 
5.479 
5.518 
5.559 
5.593 
5.542 
5.536 
5.566 
5.594 
5.558 
5.542 
5.619 
5.563 
5.568 
5.580 
5.588 
5.565 
5.556 
5.596 
5.567 
5.573 
5.583 
5.589 
5.557 
5.590 
5.614 
5.540 
5.603 
5.576 
5.588 
5.535 
5.603 
5.596 
5.542 
5.557 
5.567 
5.586 
5.584 
5.565 
5.544 
5.519 
5.583 
5.550 
5.535 
5.576 
5.556 
5.543 
5.568 
5.579 
5.556 
5.586 
5.584 
5.587 
5.544 
5.571 
5.531 
5.572 
5.574 
5.587 
5.606 
5.561 
5.610 
5.591 
5.568 
5.572 
5.602 
5.570 
5.576 
5.574 
5.568 
5.520 
5.556 
5.543 
5.579 
5.562 
5.540 
5.602 
5.544 
5.591 
5.570 
5.568 
5.562 
5.533 
5.582 
5.538 
5.601 
5.595 
5.582 
5.592 
5.565 
5.586 
5.560 
5.617 
5.553 
5.593 
5.597 
5.598 
5.600 
5.594 
5.633 
5.593 
5.578 
5.572 
5.655 
5.617 
5.615 
5.580 
5.563 
5.550 
5.562 
5.615 
5.592 
5.605 
5.575 
5.577 
5.597 
5.584 
5.523 
5.590 
5.607 
5.555 
5.630 
5.556 
5.629 
5.621 
5.609 
5.562 
5.558 
5.574 
5.608 
5.577 
5.573 
5.563 
5.594 
5.515 
5.570 
5.605 
5.558 
5.564 
5.579 
5.572 
5.549 
5.564 
5.630 
5.591 
5.562 
5.600 
5.625 
5.594 
5.577 
5.629 
5.594 
5.566 
5.561 
5.615 
5.596 
5.563 
5.555 
5.597 
5.576 
5.591 
5.556 
5.580 
5.571 
5.623 
5.607 
5.578 
5.551 
5.573 
5.583 
5.545 
5.593 
5.550 
5.546 
5.539 
5.573 
5.560 
5.590 
5.553 
5.565 
5.560 
5.539 
5.551 
5.556 
5.584 
5.526 
5.589 
5.611 
5.589 
5.556 
5.590 
5.598 
5.596 
5.585 
5.571 
5.547 
5.581 
5.542 
5.583 
5.567 
5.573 
5.578 
5.577 
5.580 
5.553 
5.521 
5.578 
5.508 
5.565 
5.557 
5.584 
5.552 
5.584 
5.555 
5.611 
5.598 
5.574 
5.598 
5.571 
5.601 
5.592 
5.588 
5.566 
5.557 
5.558 
5.550 
5.573 
5.489 
5.548 
5.567 
5.587 
5.545 
5.560 
5.545 
5.562 
5.564 
5.566 
5.620 
5.562 
5.619 
5.574 
5.557 
5.583 
5.597 
5.540 
5.604 
5.602 
5.579 
5.599 
5.594 
5.574 
5.598 
5.599 
5.594 
5.591 
5.605 
5.592 
5.553 
5.583 
5.571 
5.530 
5.539 
5.593 
5.590 
5.538 
5.595 
5.568 
5.579 
5.589 
5.548 
5.598 
5.598 
5.603 
5.557 
5.544 
5.582 
5.595 
5.617 
5.554 
5.547 
5.619 
5.601 
5.576 
5.563 
5.619 
5.595 
5.607 
5.595 
5.597 
5.583 
5.553 
5.556 
5.589 
5.569 
5.537 
5.568 
5.592 
5.599 
5.590 
5.563 
5.564 
5.564 
5.586 
5.535 
5.571 
5.566 
5.583 
5.542 
5.578 
5.555 
5.540 
5.556 
5.581 
5.575 
5.595 
5.539 
5.576 
5.565 
5.531 
5.565 
5.562 
5.539 
5.596 
5.588 
5.562 
5.578 
5.579 
5.519 
5.574 
5.599 
5.539 
5.560 
5.557 
5.580 
5.572 
5.560 
5.571 
5.568 
5.584 
5.563 
5.493 
5.592 
5.575 
5.556 
5.544 
5.587 
5.560 
5.566 
5.556 
5.546 
5.595 
5.555 
5.581 
5.594 
5.582 
5.605 
5.586 
5.588 
5.529 
5.571 
5.573 
5.603 
5.539 
5.559 
5.563 
5.564 
5.569 
5.565 
5.585 
5.532 
5.506 
5.589 
5.582 
5.571 
5.593 
5.563 
5.535 
5.601 
5.584 
5.537 
5.579 
5.585 
5.567 
5.575 
5.567 
5.571 
5.564 
5.599 
5.574 
5.603 
5.559 
5.566 
5.564 
5.561 
5.593 
5.592 
5.576 
5.542 
5.597 
5.563 
5.579 
5.560 
5.585 
5.553 
5.602 
5.595 
5.592 
5.591 
5.583 
5.545 
5.628 
5.541 
5.574 
5.574 
5.562 
5.540 
5.594 
5.574 
5.538 
5.457 
5.536 
5.499 
5.546 
5.612 
5.551 
5.589 
5.555 
5.587 
5.601 
5.544 
5.547 
5.562 
5.572 
5.600 
5.565 
5.603 
5.580 
5.585 
5.545 
5.573 
5.544 
5.593 
5.560 
5.598 
5.565 
5.572 
5.597 
5.598 
5.572 
5.579 
5.560 
5.583 
5.545 
5.579 
5.583 
5.564 
5.553 
5.554 
5.546 
5.544 
5.580 
5.560 
5.527 
5.556 
5.554 
5.546 
5.565 
5.573 
5.570 
5.596 
5.596 
5.630 
5.573 
5.628 
5.568 
5.611 
5.581 
5.594 
5.546 
5.585 
5.579 
5.613 
5.598 
5.580 
5.578 
5.592 
5.620 
5.573 
5.609 
5.599 
5.585 
5.587 
5.595 
5.617 
5.622 
5.612 
5.574 
5.580 
5.579 
5.570 
5.585 
5.593 
5.582 
5.554 
5.554 
5.561 
5.581 
5.595 
5.608 
5.577 
5.620 
5.581 
5.545 
5.597 
5.568 
5.529 
5.566 
5.551 
5.608 
5.599 
5.597 
5.597 
5.600 
5.584 
5.598 
5.621 
5.590 
5.593 
5.582 
5.637 
5.577 
5.573 
5.594 
5.588 
5.578 
5.604 
5.596 
5.610 
5.608 
5.659 
5.624 
5.624 
5.566 
5.600 
5.614 
5.572 
5.565 
5.577 
5.604 
5.621 
5.536 
5.560 
5.570 
5.603 
5.539 
5.554 
5.550 
5.545 
5.572 
5.558 
5.598 
5.579 
5.592 
5.600 
5.538 
5.592 
5.603 
5.568 
5.590 
5.580 
5.567 
5.558 
5.576 
5.609 
5.582 
5.565 
5.589 
5.608 
5.595 
5.587 
5.580 
5.584 
5.582 
5.610 
5.593 
5.564 
5.561 
5.617 
5.577 
5.576 
5.584 
5.548 
5.594 
5.520 
5.550 
5.541 
5.564 
5.547 
5.561 
5.549 
5.528 
5.561 
5.560 
5.558 
5.586 
5.597 
5.550 
5.624 
5.554 
5.569 
5.549 
5.581 
5.547 
5.615 
5.586 
5.581 
5.607 
5.580 
5.598 
5.595 
5.576 
5.548 
5.601 
5.596 
5.589 
5.556 
5.604 
5.599 
5.568 
5.594 
5.583 
5.599 
5.577 
5.595 
5.589 
5.554 
5.573 
5.534 
5.560 
5.545 
5.541 
5.571 
5.606 
5.549 
5.551 
5.589 
5.587 
5.550 
5.574 
5.608 
5.607 
5.599 
5.591 
5.629 
5.585 
5.642 
5.585 
5.616 
5.597 
5.547 
5.624 
5.578 
5.575 
5.587 
5.616 
5.668 
5.600 
5.575 
5.624 
5.606 
5.620 
5.584 
5.608 
5.643 
5.569 
5.622 
5.584 
5.504 
5.602 
5.564 
5.569 
5.577 
5.498 
5.565 
5.542 
5.555 
5.549 
5.577 
5.558 
5.586 
5.542 
5.600 
5.573 
5.580 
5.590 
5.579 
5.623 
5.572 
5.601 
5.570 
5.580 
5.598 
5.593 
5.583 
5.590 
5.593 
5.561 
5.551 
5.557 
5.578 
5.581 
5.570 
5.559 
5.580 
5.542 
5.576 
5.568 
5.556 
5.545 
5.652 
5.533 
5.585 
5.595 
5.575 
5.574 
5.577 
5.571 
5.551 
5.580 
5.595 
5.620 
5.558 
5.593 
5.584 
5.563 
5.599 
5.609 
5.648 
5.611 
5.588 
5.589 
5.555 
5.606 
5.606 
5.569 
5.577 
5.522 
5.544 
5.590 
5.598 
5.598 
5.610 
5.601 
5.628 
5.585 
5.573 
5.628 
5.555 
5.564 
5.647 
5.609 
5.584 
5.586 
5.581 
5.564 
5.546 
5.569 
5.597 
5.595 
5.590 
5.591 
5.545 
5.577 
5.589 
5.588 
5.614 
5.581 
5.628 
5.653 
5.597 
5.606 
5.619 
5.624 
5.623 
5.638 
5.628 
5.620 
5.615 
5.667 
5.609 
5.625 
5.607 
5.626 
5.646 
5.600 
5.564 
5.587 
5.604 
5.622 
5.595 
5.549 
5.565 
5.623 
5.613 
5.603 
5.603 
5.594 
5.563 
5.556 
5.552 
5.608 
5.585 
5.584 
5.591 
5.545 
5.586 
5.558 
5.561 
5.583 
5.592 
5.577 
5.565 
5.558 
5.605 
5.627 
5.552 
5.584 
5.610 
5.554 
5.603 
5.633 
5.562 
5.613 
5.606 
5.579 
5.569 
5.614 
5.598 
5.583 
5.592 
5.579 
5.557 
5.595 
5.595 
5.618 
5.554 
5.595 
5.571 
5.558 
5.593 
5.527 
5.559 
5.535 
5.582 
5.575 
5.533 
5.556 
5.544 
5.574 
5.538 
5.576 
5.588 
5.585 
5.547 
5.560 
5.584 
5.536 
5.596 
5.595 
5.603 
5.563 
5.550 
5.586 
5.583 
5.592 
5.594 
5.565 
5.555 
5.608 
5.583 
5.595 
5.563 
5.593 
5.579 
5.539 
5.561 
5.540 
5.591 
5.529 
5.609 
5.579 
5.548 
5.549 
5.563 
5.568 
5.583 
5.553 
5.536 
5.558 
5.565 
5.573 
5.527 
5.583 
5.596 
5.579 
5.565 
5.559 
5.586 
5.557 
5.561 
5.597 
5.653 
5.577 
5.593 
5.568 
5.601 
5.615 
5.535 
5.608 
5.572 
5.605 
5.525 
5.585 
5.564 
5.577 
5.584 
5.524 
5.609 
5.586 
5.559 
5.584 
5.590 
5.569 
5.599 
5.588 
5.568 
5.572 
5.572 
5.565 
5.577 
5.574 
5.572 
5.570 
5.567 
5.590 
5.558 
5.515 
5.566 
5.543 
5.588 
5.559 
5.566 
5.555 
5.542 
5.575 
5.556 
5.576 
5.539 
5.563 
5.570 
5.609 
5.598 
5.575 
5.585 
5.557 
5.574 
5.578 
5.585 
5.558 
5.530 
5.569 
5.574 
5.559 
5.576 
5.601 
5.531 
5.575 
5.560 
5.563 
5.540 
5.592 
5.514 
5.557 
5.565 
5.588 
5.571 
5.572 
5.565 
5.556 
5.583 
5.566 
5.538 
5.539 
5.535 
5.541 
5.548 
5.523 
5.529 
5.550 
5.542 
5.581 
5.584 
5.537 
5.557 
5.575 
5.584 
5.602 
5.517 
5.579 
5.577 
5.561 
5.582 
5.520 
5.535 
5.594 
5.591 
5.520 
5.598 
5.576 
5.559 
5.600 
5.609 
5.567 
5.555 
5.543 
5.551 
5.605 
5.587 
5.543 
5.550 
5.578 
5.588 
5.562 
5.563 
5.523 
5.588 
5.507 
5.574 
5.553 
5.591 
5.571 
5.594 
5.570 
5.558 
5.553 
5.591 
5.586 
5.582 
5.599 
5.579 
5.608 
5.590 
5.592 
5.625 
5.589 
5.624 
5.624 
5.578 
5.572 
5.598 
5.585 
5.596 
5.617 
5.600 
5.567 
5.585 
5.614 
5.621 
5.615 
5.567 
5.586 
5.527 
5.562 
5.592 
5.555 
5.575 
5.541 
5.553 
5.573 
5.559 
5.578 
5.539 
5.594 
5.569 
5.560 
5.574 
5.616 
5.578 
5.614 
5.567 
5.557 
5.551 
5.601 
5.597 
5.594 
5.578 
5.574 
5.605 
5.598 
5.597 
5.604 
5.590 
5.586 
5.593 
5.592 
5.600 
5.658 
5.583 
5.594 
5.615 
5.577 
5.596 
5.596 
5.565 
5.582 
5.587 
5.601 
5.606 
5.567 
5.612 
5.598 
5.549 
5.575 
5.631 
5.577 
5.571 
5.589 
5.573 
5.609 
5.571 
5.587 
5.591 
5.613 
5.593 
5.593 
5.636 
5.600 
5.591 
5.599 
5.616 
5.575 
5.601 
5.593 
5.606 
5.587 
5.604 
5.573 
5.625 
5.607 
5.591 
5.609 
5.572 
5.655 
5.611 
5.608 
5.641 
5.631 
5.627 
5.579 
5.582 
5.640 
5.647 
5.614 
5.616 
5.559 
5.619 
5.547 
5.598 
5.630 
5.589 
5.617 
5.608 
5.566 
5.618 
5.619 
5.595 
5.593 
5.585 
5.600 
5.599 
5.597 
5.604 
5.598 
5.595 
5.584 
5.559 
5.609 
5.590 
5.589 
5.610 
5.649 
5.602 
5.605 
5.588 
5.604 
5.616 
5.617 
5.581 
5.569 
5.613 
5.577 
5.626 
5.596 
5.579 
5.614 
5.537 
5.618 
5.580 
5.543 
5.601 
5.544 
5.588 
5.559 
5.582 
5.591 
5.602 
5.547 
5.600 
5.610 
5.553 
5.561 
5.594 
5.569 
5.567 
5.584 
5.555 
5.560 
5.554 
5.550 
5.579 
5.579 
5.580 
5.571 
5.589 
5.563 
5.570 
5.574 
5.613 
5.557 
5.586 
5.571 
5.607 
5.602 
5.599 
5.590 
5.574 
5.542 
5.588 
5.569 
5.547 
5.578 
5.564 
5.562 
5.535 
5.587 
5.545 
5.575 
5.610 
5.605 
5.610 
5.562 
5.594 
5.596 
5.548 
5.594 
5.560 
5.581 
5.573 
5.592 
5.616 
5.565 
5.600 
5.587 
5.594 
5.599 
5.544 
5.690 
5.603 
5.599 
5.572 
5.632 
5.612 
5.648 
5.671 
5.594 
5.597 
5.574 
5.572 
5.598 
5.609 
5.600 
5.649 
5.613 
5.612 
5.614 
5.627 
5.586 
5.563 
5.607 
5.588 
5.571 
5.630 
5.541 
5.582 
5.633 
5.594 
5.570 
5.628 
5.624 
5.629 
5.577 
5.594 
5.567 
5.615 
5.600 
5.567 
5.578 
5.602 
5.627 
5.574 
5.593 
5.565 
5.495 
5.594 
5.570 
5.606 
5.589 
5.616 
5.631 
5.576 
5.546 
5.559 
5.569 
5.541 
5.588 
5.558 
5.525 
5.595 
5.632 
5.571 
5.615 
5.601 
5.570 
5.613 
5.577 
5.573 
5.571 
5.645 
5.561 
5.586 
5.538 
5.578 
5.602 
5.568 
5.625 
5.620 
5.624 
5.553 
5.634 
5.553 
5.549 
5.591 
5.580 
5.577 
5.568 
5.531 
5.539 
5.608 
5.544 
5.563 
5.558 
5.548 
5.522 
5.589 
5.577 
5.560 
5.557 
5.559 
5.593 
5.607 
5.600 
5.563 
5.592 
5.597 
5.625 
5.527 
5.572 
5.579 
5.598 
5.613 
5.567 
5.604 
5.593 
5.600 
5.637 
5.613 
5.608 
5.588 
5.602 
5.584 
5.623 
5.644 
5.588 
5.638 
5.583 
5.614 
5.577 
5.594 
5.581 
5.578 
5.578 
5.598 
5.575 
5.598 
5.600 
5.589 
5.600 
5.562 
5.556 
5.600 
5.564 
5.616 
5.606 
5.597 
5.554 
5.602 
5.578 
5.567 
5.575 
5.610 
5.590 
5.640 
5.615 
5.578 
5.592 
5.613 
5.629 
5.631 
5.636 
5.612 
5.604 
5.610 
5.632 
5.583 
5.616 
5.615 
5.621 
5.607 
5.539 
5.558 
5.633 
5.608 
5.580 
5.579 
5.619 
5.580 
5.614 
5.572 
5.603 
5.555 
5.561 
5.604 
5.550 
5.577 
5.579 
5.556 
5.577 
5.586 
5.540 
5.594 
5.570 
5.562 
5.604 
5.590 
5.587 
5.633 
5.591 
5.601 
5.582 
5.612 
5.600 
5.635 
5.595 
5.610 
5.620 
5.592 
5.558 
5.632 
5.601 
5.601 
5.600 
5.616 
5.601 
5.598 
5.576 
5.577 
5.588 
5.572 
5.566 
5.595 
5.571 
5.581 
5.569 
5.588 
5.592 
5.585 
5.600 
5.587 
5.580 
5.539 
5.593 
5.562 
5.592 
5.583 
5.586 
5.582 
5.555 
5.563 
5.582 
5.568 
5.587 
5.609 
5.565 
5.608 
5.587 
5.614 
5.603 
5.586 
5.610 
5.620 
5.601 
5.590 
5.615 
5.617 
5.588 
5.567 
5.581 
5.574 
5.570 
5.568 
5.545 
5.606 
5.581 
5.586 
5.535 
5.550 
5.578 
5.549 
5.593 
5.597 
5.566 
5.582 
5.579 
5.568 
5.576 
5.569 
5.601 
5.574 
5.558 
5.561 
5.554 
5.598 
5.573 
5.550 
5.560 
5.553 
5.529 
5.604 
5.575 
5.554 
5.603 
5.537 
5.568 
5.556 
5.563 
5.600 
5.588 
5.594 
5.579 
5.574 
5.552 
5.576 
5.572 
5.582 
5.573 
5.593 
5.554 
5.587 
5.571 
5.554 
5.585 
5.607 
5.569 
5.586 
5.524 
5.545 
5.592 
5.574 
5.537 
5.531 
5.588 
5.538 
5.606 
5.550 
5.499 
5.487 
5.584 
5.579 
5.565 
5.528 
5.543 
5.555 
5.564 
5.533 
5.596 
5.547 
5.543 
5.516 
5.550 
5.581 
5.575 
5.573 
5.581 
5.581 
5.577 
5.580 
5.593 
5.563 
5.588 
5.543 
5.553 
5.574 
5.588 
5.541 
5.571 
5.513 
5.539 
5.552 
5.504 
5.562 
5.535 
5.570 
5.577 
5.577 
5.527 
5.550 
5.494 
5.562 
5.575 
5.582 
5.584 
5.586 
5.546 
5.563 
5.595 
5.565 
5.560 
5.581 
5.536 
5.582 
5.525 
5.577 
5.550 
5.558 
5.583 
5.566 
5.590 
5.562 
5.565 
5.513 
5.551 
5.544 
5.483 
5.581 
5.564 
5.580 
5.590 
5.553 
5.547 
5.585 
5.568 
5.514 
5.554 
5.542 
5.488 
5.586 
5.575 
5.560 
5.541 
5.559 
5.574 
5.605 
5.608 
5.598 
5.591 
5.541 
5.568 
5.592 
5.526 
5.539 
5.528 
5.582 
5.564 
5.583 
5.550 
5.544 
5.576 
5.573 
5.586 
5.560 
5.585 
5.580 
5.577 
5.579 
5.533 
5.573 
5.565 
5.547 
5.626 
5.580 
5.543 
5.562 
5.572 
5.553 
5.578 
5.568 
5.601 
5.523 
5.570 
5.558 
5.563 
5.575 
5.566 
5.621 
5.541 
5.567 
5.596 
5.567 
5.609 
5.595 
5.641 
5.582 
5.604 
5.569 
5.613 
5.577 
5.592 
5.583 
5.605 
5.492 
5.578 
5.607 
5.598 
5.602 
5.562 
5.560 
5.581 
5.544 
5.524 
5.593 
5.595 
5.526 
5.558 
5.578 
5.553 
5.575 
5.559 
5.588 
5.598 
5.560 
5.556 
5.591 
5.610 
5.570 
5.583 
5.589 
5.622 
5.584 
5.598 
5.580 
5.583 
5.582 
5.607 
5.581 
5.599 
5.604 
5.615 
5.572 
5.572 
5.600 
5.605 
5.629 
5.608 
5.549 
5.575 
5.586 
5.593 
5.550 
5.616 
5.585 
5.559 
5.531 
5.587 
5.638 
5.585 
5.616 
5.573 
5.609 
5.606 
5.562 
5.557 
5.582 
5.574 
5.578 
5.527 
5.617 
5.617 
5.543 
5.634 
5.542 
5.597 
5.612 
5.570 
5.602 
5.592 
5.571 
5.634 
5.634 
5.575 
5.592 
5.595 
5.603 
5.617 
5.643 
5.588 
5.630 
5.605 
5.677 
5.579 
5.649 
5.611 
5.615 
5.612 
5.569 
5.608 
5.558 
5.603 
5.558 
5.590 
5.573 
5.614 
5.583 
5.618 
5.622 
5.567 
5.573 
5.615 
5.599 
5.608 
5.626 
5.609 
5.586 
5.599 
5.548 
5.574 
5.606 
5.579 
5.596 
5.617 
5.619 
5.637 
5.596 
5.609 
5.632 
5.602 
5.605 
5.551 
5.572 
5.589 
5.598 
5.597 
5.582 
5.552 
5.569 
5.590 
5.589 
5.586 
5.553 
5.561 
5.570 
5.595 
5.559 
5.555 
5.609 
5.573 
5.594 
5.574 
5.559 
5.609 
5.562 
5.615 
5.587 
5.548 
5.628 
5.563 
5.612 
5.591 
5.591 
5.573 
5.565 
5.593 
5.601 
5.604 
5.589 
5.620 
5.590 
5.606 
5.587 
5.573 
5.574 
5.558 
5.588 
5.585 
5.566 
5.562 
5.593 
5.620 
5.546 
5.561 
5.576 
5.566 
5.611 
5.559 
5.584 
5.549 
5.556 
5.579 
5.536 
5.577 
5.539 
5.538 
5.640 
5.592 
5.602 
5.616 
5.576 
5.626 
5.612 
5.584 
5.600 
5.583 
5.568 
5.585 
5.639 
5.595 
5.585 
5.568 
5.592 
5.599 
5.594 
5.593 
5.592 
5.603 
5.625 
5.629 
5.572 
5.616 
5.610 
5.622 
5.536 
5.635 
5.548 
5.662 
5.555 
5.566 
5.582 
5.636 
5.599 
5.585 
5.559 
5.598 
5.566 
5.602 
5.595 
5.546 
5.600 
5.597 
5.584 
5.589 
5.594 
5.600 
5.595 
5.566 
5.624 
5.618 
5.573 
5.593 
5.594 
5.591 
5.586 
5.564 
5.611 
5.571 
5.568 
5.581 
5.585 
5.620 
5.596 
5.603 
5.572 
5.558 
5.600 
5.606 
5.547 
5.576 
5.593 
5.566 
5.579 
5.592 
5.610 
5.594 
5.593 
5.537 
5.590 
5.565 
5.632 
5.565 
5.597 
5.596 
5.619 
5.597 
5.542 
5.569 
5.595 
5.590 
5.587 
5.574 
5.587 
5.593 
5.588 
5.618 
5.586 
5.593 
5.590 
5.595 
5.575 
5.583 
5.625 
5.601 
5.583 
5.542 
5.566 
5.606 
5.577 
5.608 
5.563 
5.653 
5.580 
5.589 
5.566 
5.584 
5.587 
5.622 
5.554 
5.602 
5.581 
5.576 
5.591 
5.571 
5.610 
5.561 
5.561 
5.589 
5.599 
5.574 
5.593 
5.626 
5.635 
5.616 
5.579 
5.611 
5.577 
5.622 
5.548 
5.584 
5.604 
5.604 
5.585 
5.640 
5.598 
5.589 
5.607 
5.562 
5.601 
5.600 
5.540 
5.566 
5.589 
5.603 
5.605 
5.584 
5.587 
5.576 
5.584 
5.567 
5.585 
5.585 
5.589 
5.596 
5.603 
5.585 
5.576 
5.583 
5.554 
5.557 
5.586 
5.583 
5.578 
5.610 
5.629 
5.585 
5.607 
5.602 
5.646 
5.649 
5.643 
5.613 
5.592 
5.619 
5.609 
5.578 
5.584 
5.571 
5.609 
5.613 
5.628 
5.563 
5.559 
5.606 
5.606 
5.604 
5.584 
5.577 
5.580 
5.582 
5.534 
5.574 
5.555 
5.554 
5.597 
5.586 
5.561 
5.589 
5.591 
5.551 
5.595 
5.561 
5.601 
5.577 
5.629 
5.605 
5.627 
5.555 
5.600 
5.628 
5.552 
5.618 
5.583 
5.599 
5.619 
5.568 
5.544 
5.580 
5.594 
5.594 
5.582 
5.560 
5.574 
5.553 
5.555 
5.543 
5.558 
5.561 
5.538 
5.594 
5.570 
5.577 
5.611 
5.546 
5.576 
5.587 
5.574 
5.532 
5.572 
5.584 
5.583 
5.592 
5.551 
5.538 
5.621 
5.582 
5.529 
5.537 
5.584 
5.580 
5.572 
5.609 
5.610 
5.589 
5.580 
5.600 
5.573 
5.614 
5.575 
5.605 
5.603 
5.596 
5.584 
5.589 
5.562 
5.605 
5.614 
5.603 
5.558 
5.585 
5.592 
5.623 
5.600 
5.552 
5.589 
5.591 
5.581 
5.604 
5.563 
5.578 
5.581 
5.612 
5.603 
5.586 
5.595 
5.554 
5.593 
5.589 
5.575 
5.571 
5.583 
5.606 
5.557 
5.571 
5.580 
5.572 
5.570 
5.561 
5.581 
5.556 
5.543 
5.546 
5.593 
5.564 
5.586 
5.592 
5.539 
5.535 
5.629 
5.518 
5.563 
5.530 
5.562 
5.564 
5.582 
5.576 
5.535 
5.560 
5.533 
5.530 
5.528 
5.563 
5.558 
5.600 
5.575 
5.610 
5.602 
5.582 
5.579 
5.566 
5.580 
5.569 
5.558 
5.576 
5.570 
5.495 
5.551 
5.555 
5.565 
5.549 
5.512 
5.537 
5.564 
5.561 
5.533 
5.573 
5.561 
5.527 
5.545 
5.561 
5.551 
5.500 
5.567 
5.561 
5.581 
5.552 
5.580 
5.559 
5.566 
5.550 
5.556 
5.550 
5.535 
5.595 
5.539 
5.543 
5.601 
5.563 
5.587 
5.564 
5.575 
5.569 
5.526 
5.586 
5.552 
5.551 
5.566 
5.526 
5.558 
5.541 
5.576 
5.570 
5.589 
5.562 
5.515 
5.552 
5.594 
5.567 
5.572 
5.574 
5.551 
5.586 
5.550 
5.538 
5.586 
5.569 
5.558 
5.553 
5.566 
5.578 
5.570 
5.580 
5.534 
5.549 
5.576 
5.560 
5.543 
5.537 
5.571 
5.533 
5.588 
5.555 
5.583 
5.525 
5.497 
5.599 
5.556 
5.562 
5.564 
5.568 
5.537 
5.571 
5.596 
5.599 
5.554 
5.534 
5.566 
5.569 
5.597 
5.565 
5.514 
5.540 
5.526 
5.544 
5.589 
5.575 
5.558 
5.607 
5.535 
5.571 
5.579 
5.546 
5.555 
5.594 
5.525 
5.570 
5.582 
5.593 
5.571 
5.584 
5.556 
5.569 
5.598 
5.555 
5.595 
5.557 
5.605 
5.590 
5.518 
5.533 
5.556 
5.573 
5.592 
5.576 
5.591 
5.556 
5.554 
5.562 
5.560 
5.547 
5.589 
5.578 
5.594 
5.603 
5.591 
5.576 
5.556 
5.566 
5.588 
5.568 
5.620 
5.609 
5.598 
5.591 
5.596 
5.604 
5.577 
5.608 
5.604 
5.603 
5.594 
5.602 
5.588 
5.584 
5.603 
5.581 
5.604 
5.615 
5.601 
5.596 
5.595 
5.563 
5.601 
5.579 
5.596 
5.597 
5.581 
5.623 
5.599 
5.571 
5.578 
5.583 
5.579 
5.603 
5.557 
5.550 
5.600 
5.624 
5.575 
5.583 
5.597 
5.575 
5.570 
5.554 
5.571 
5.597 
5.593 
5.573 
5.581 
5.606 
5.587 
5.581 
5.627 
5.614 
5.556 
5.591 
5.576 
5.632 
5.583 
5.572 
5.517 
5.609 
5.577 
5.568 
5.574 
5.575 
5.635 
5.573 
5.552 
5.537 
5.563 
5.549 
5.589 
5.583 
5.621 
5.577 
5.595 
5.614 
5.558 
5.592 
5.570 
5.606 
5.590 
5.592 
5.602 
5.629 
5.591 
5.583 
5.585 
5.529 
5.622 
5.617 
5.583 
5.619 
5.586 
5.614 
5.629 
5.609 
5.625 
5.584 
5.633 
5.602 
5.616 
5.646 
5.582 
5.595 
5.651 
5.620 
5.634 
5.582 
5.578 
5.586 
5.622 
5.580 
5.581 
5.593 
5.595 
5.582 
5.585 
5.597 
5.578 
5.589 
5.538 
5.587 
5.620 
5.603 
5.590 
5.609 
5.580 
5.637 
5.563 
5.591 
5.615 
5.625 
5.610 
5.585 
5.590 
5.614 
5.617 
5.619 
5.637 
5.592 
5.648 
5.591 
5.606 
5.630 
5.576 
5.595 
5.623 
5.595 
5.574 
5.620 
5.576 
5.557 
5.599 
5.566 
5.569 
5.572 
5.584 
5.587 
5.572 
5.576 
5.589 
5.614 
5.628 
5.628 
5.593 
5.645 
5.562 
5.562 
5.622 
5.593 
5.610 
5.611 
5.610 
5.610 
5.607 
5.596 
5.572 
5.538 
5.622 
5.623 
5.550 
5.546 
5.577 
5.562 
5.633 
5.572 
5.606 
5.627 
5.582 
5.605 
5.600 
5.592 
5.612 
5.556 
5.540 
5.595 
5.603 
5.535 
5.569 
5.626 
5.556 
5.541 
5.580 
5.569 
5.603 
5.559 
5.571 
5.548 
5.571 
5.589 
5.588 
5.577 
5.575 
5.594 
5.597 
5.602 
5.618 
5.585 
5.570 
5.577 
5.540 
5.560 
5.590 
5.605 
5.588 
5.610 
5.621 
5.593 
5.596 
5.620 
5.629 
5.594 
5.582 
5.571 
5.626 
5.608 
5.627 
5.633 
5.607 
5.595 
5.605 
5.594 
5.569 
5.639 
5.643 
5.617 
5.615 
5.670 
5.618 
5.548 
5.572 
5.610 
5.577 
5.604 
5.615 
5.697 
5.617 
5.601 
5.608 
5.610 
5.562 
5.582 
5.561 
5.588 
5.568 
5.605 
5.555 
5.548 
5.565 
5.595 
5.593 
5.620 
5.612 
5.601 
5.588 
5.552 
5.592 
5.591 
5.558 
5.619 
5.602 
5.603 
5.614 
5.620 
5.596 
5.552 
5.621 
5.581 
5.603 
5.575 
5.582 
5.581 
5.610 
5.534 
5.596 
5.604 
5.592 
5.579 
5.560 
5.581 
5.584 
5.515 
5.570 
5.544 
5.601 
5.570 
5.576 
5.590 
5.566 
5.569 
5.600 
5.557 
5.553 
5.623 
5.570 
5.583 
5.582 
5.624 
5.618 
5.610 
5.608 
5.608 
5.603 
5.616 
5.625 
5.647 
5.634 
5.592 
5.706 
5.630 
5.639 
5.578 
5.608 
5.629 
5.601 
5.642 
5.580 
5.605 
5.580 
5.606 
5.616 
5.600 
5.617 
5.586 
5.607 
5.601 
5.582 
5.564 
5.572 
5.597 
5.596 
5.566 
5.568 
5.592 
5.585 
5.581 
5.597 
5.596 
5.622 
5.628 
5.594 
5.571 
5.659 
5.618 
5.636 
5.629 
5.639 
5.638 
5.621 
5.635 
5.616 
5.613 
5.590 
5.619 
5.554 
5.651 
5.616 
5.596 
5.618 
5.645 
5.638 
5.562 
5.627 
5.622 
5.594 
5.638 
5.641 
5.577 
5.607 
5.631 
5.588 
5.611 
5.597 
5.597 
5.615 
5.586 
5.561 
5.566 
5.616 
5.578 
5.590 
5.569 
5.602 
5.637 
5.628 
5.631 
5.605 
5.608 
5.631 
5.628 
5.600 
5.606 
5.590 
5.604 
5.595 
5.615 
5.599 
5.606 
5.579 
5.565 
5.595 
5.590 
5.591 
5.610 
5.587 
5.605 
5.583 
5.576 
5.563 
5.595 
5.571 
5.595 
5.581 
5.583 
5.570 
5.584 
5.550 
5.575 
5.588 
5.551 
5.612 
5.596 
5.553 
5.522 
5.614 
5.540 
5.587 
5.622 
5.585 
5.624 
5.626 
5.573 
5.574 
5.595 
5.582 
5.634 
5.549 
5.537 
5.575 
5.569 
5.597 
5.592 
5.631 
5.594 
5.600 
5.565 
5.521 
5.582 
5.601 
5.582 
5.568 
5.591 
5.594 
5.590 
5.593 
5.563 
5.575 
5.626 
5.554 
5.619 
5.534 
5.528 
5.638 
5.585 
5.547 
5.611 
5.565 
5.578 
5.581 
5.614 
5.575 
5.579 
5.564 
5.592 
5.600 
5.634 
5.541 
5.617 
5.608 
5.614 
5.622 
5.596 
5.619 
5.555 
5.593 
5.523 
5.611 
5.600 
5.599 
5.560 
5.635 
5.559 
5.570 
5.589 
5.580 
5.566 
5.571 
5.573 
5.580 
5.549 
5.558 
5.530 
5.547 
5.573 
5.548 
5.567 
5.581 
5.596 
5.577 
5.563 
5.566 
5.582 
5.563 
5.545 
5.567 
5.602 
5.576 
5.584 
5.547 
5.585 
5.578 
5.587 
5.591 
5.563 
5.600 
5.567 
5.553 
5.560 
5.603 
5.588 
5.589 
5.564 
5.583 
5.574 
5.554 
5.560 
5.558 
5.578 
5.549 
5.583 
5.571 
5.610 
5.562 
5.543 
5.530 
5.576 
5.564 
5.612 
5.537 
5.523 
5.553 
5.498 
5.609 
5.531 
5.561 
5.528 
5.548 
5.566 
5.565 
5.571 
5.525 
5.539 
5.538 
5.556 
5.563 
5.510 
5.553 
5.573 
5.555 
5.543 
5.539 
5.577 
5.579 
5.578 
5.574 
5.527 
5.516 
5.570 
5.539 
5.508 
5.556 
5.574 
5.594 
5.575 
5.574 
5.602 
5.549 
5.578 
5.574 
5.565 
5.590 
5.573 
5.568 
5.580 
5.559 
5.518 
5.580 
5.583 
5.536 
5.614 
5.542 
5.557 
5.572 
5.536 
5.585 
5.519 
5.566 
5.548 
5.527 
5.586 
5.603 
5.565 
5.567 
5.570 
5.580 
5.570 
5.555 
5.589 
5.525 
5.589 
5.511 
5.561 
5.535 
5.550 
5.571 
5.560 
5.566 
5.562 
5.578 
5.570 
5.571 
5.578 
5.567 
5.574 
5.536 
5.564 
5.564 
5.548 
5.542 
5.522 
5.554 
5.527 
5.540 
5.542 
5.569 
5.560 
5.564 
5.555 
5.533 
5.538 
5.591 
5.544 
5.526 
5.566 
5.553 
5.551 
5.548 
5.518 
5.569 
5.578 
5.574 
5.566 
5.533 
5.600 
5.539 
5.599 
5.578 
5.587 
5.573 
5.564 
5.590 
5.578 
5.580 
5.571 
5.624 
5.623 
5.557 
5.609 
5.556 
5.554 
5.576 
5.580 
5.561 
5.588 
5.543 
5.575 
5.538 
5.564 
5.589 
5.549 
5.609 
5.600 
5.580 
5.575 
5.566 
5.575 
5.608 
5.597 
5.565 
5.594 
5.582 
5.620 
5.571 
5.608 
5.596 
5.557 
5.612 
5.578 
5.601 
5.601 
5.564 
5.601 
5.595 
5.566 
5.601 
5.652 
5.612 
5.593 
5.553 
5.590 
5.560 
5.594 
5.551 
5.531 
5.605 
5.525 
5.556 
5.599 
5.573 
5.611 
5.574 
5.587 
5.577 
5.546 
5.596 
5.555 
5.565 
5.557 
5.595 
5.575 
5.580 
5.526 
5.569 
5.548 
5.592 
5.567 
5.584 
5.568 
5.594 
5.588 
5.572 
5.589 
5.609 
5.583 
5.557 
5.597 
5.635 
5.597 
5.557 
5.579 
5.612 
5.572 
5.589 
5.619 
5.524 
5.588 
5.575 
5.549 
5.560 
5.561 
5.581 
5.601 
5.589 
5.611 
5.543 
5.574 
5.521 
5.563 
5.568 
5.615 
5.535 
5.560 
5.587 
5.647 
5.618 
5.575 
5.606 
5.562 
5.573 
5.566 
5.581 
5.554 
5.584 
5.621 
5.560 
5.603 
5.620 
5.601 
5.584 
5.559 
5.591 
5.559 
5.637 
5.625 
5.624 
5.602 
5.585 
5.575 
5.631 
5.612 
5.609 
5.594 
5.612 
5.593 
5.584 
5.594 
5.620 
5.614 
5.604 
5.591 
5.592 
5.603 
5.570 
5.572 
5.583 
5.611 
5.530 
5.538 
5.566 
5.606 
5.560 
5.606 
5.644 
5.597 
5.587 
5.546 
5.617 
5.625 
5.602 
5.608 
5.582 
5.621 
5.598 
5.613 
5.616 
5.616 
5.489 
5.600 
5.580 
5.632 
5.630 
5.622 
5.633 
5.547 
5.619 
5.594 
5.660 
5.577 
5.625 
5.640 
5.621 
5.604 
5.572 
5.611 
5.595 
5.566 
5.601 
5.592 
5.596 
5.617 
5.620 
5.634 
5.553 
5.646 
5.565 
5.619 
5.608 
5.599 
5.540 
5.600 
5.613 
5.593 
5.580 
5.603 
5.590 
5.616 
5.582 
5.611 
5.590 
5.623 
5.602 
5.654 
5.572 
5.605 
5.563 
5.654 
5.631 
5.586 
5.612 
5.562 
5.589 
5.606 
5.616 
5.621 
5.634 
5.578 
5.599 
5.554 
5.609 
5.588 
5.522 
5.580 
5.617 
5.546 
5.585 
5.542 
5.556 
5.601 
5.587 
5.572 
5.631 
5.570 
5.619 
5.568 
5.564 
5.594 
5.612 
5.586 
5.583 
5.642 
5.587 
5.591 
5.593 
5.643 
5.621 
5.526 
5.643 
5.616 
5.636 
5.590 
5.578 
5.590 
5.566 
5.565 
5.567 
5.583 
5.654 
5.593 
5.610 
5.591 
5.592 
5.581 
5.579 
5.573 
5.593 
5.612 
5.574 
5.603 
5.585 
5.600 
5.572 
5.597 
5.581 
5.562 
5.584 
5.572 
5.562 
5.564 
5.577 
5.600 
5.623 
5.586 
5.584 
5.577 
5.622 
5.599 
5.610 
5.647 
5.557 
5.577 
5.651 
5.601 
5.602 
5.595 
5.656 
5.595 
5.648 
5.604 
5.593 
5.574 
5.643 
5.616 
5.625 
5.650 
5.602 
5.618 
5.590 
5.601 
5.593 
5.603 
5.552 
5.543 
5.573 
5.634 
5.610 
5.619 
5.563 
5.563 
5.569 
5.628 
5.558 
5.577 
5.570 
5.596 
5.537 
5.618 
5.589 
5.628 
5.583 
5.604 
5.564 
5.584 
5.578 
5.624 
5.604 
5.632 
5.596 
5.612 
5.602 
5.614 
5.619 
5.582 
5.630 
5.623 
5.583 
5.648 
5.568 
5.618 
5.572 
5.570 
5.582 
5.627 
5.636 
5.546 
5.612 
5.664 
5.597 
5.600 
5.599 
5.645 
5.657 
5.585 
5.616 
5.575 
5.614 
5.578 
5.617 
5.607 
5.601 
5.620 
5.582 
5.637 
5.585 
5.587 
5.631 
5.638 
5.627 
5.654 
5.671 
5.604 
5.623 
5.666 
5.593 
5.604 
5.604 
5.611 
5.556 
5.618 
5.601 
5.606 
5.599 
5.618 
5.626 
5.543 
5.597 
5.572 
5.578 
5.597 
5.656 
5.574 
5.602 
5.530 
5.619 
5.616 
5.592 
5.543 
5.604 
5.593 
5.525 
5.569 
5.568 
5.577 
5.566 
5.570 
5.577 
5.555 
5.582 
5.588 
5.578 
5.615 
5.566 
5.605 
5.572 
5.569 
5.627 
5.618 
5.641 
5.617 
5.612 
5.592 
5.603 
5.591 
5.580 
5.580 
5.606 
5.607 
5.600 
5.599 
5.582 
5.603 
5.557 
5.548 
5.621 
5.545 
5.563 
5.586 
5.547 
5.576 
5.565 
5.562 
5.517 
5.574 
5.596 
5.550 
5.581 
5.599 
5.568 
5.583 
5.569 
5.536 
5.603 
5.599 
5.531 
5.540 
5.579 
5.580 
5.600 
5.625 
5.581 
5.576 
5.606 
5.540 
5.596 
5.592 
5.572 
5.594 
5.592 
5.551 
5.583 
5.600 
5.576 
5.551 
5.630 
5.590 
5.578 
5.582 
5.578 
5.553 
5.508 
5.563 
5.617 
5.547 
5.566 
5.590 
5.598 
5.565 
5.576 
5.558 
5.536 
5.541 
5.551 
5.597 
5.554 
5.568 
5.597 
5.596 
5.581 
5.554 
5.575 
5.628 
5.572 
5.617 
5.606 
5.625 
5.569 
5.604 
5.587 
5.566 
5.597 
5.561 
5.577 
5.569 
5.559 
5.575 
5.565 
5.582 
5.575 
5.567 
5.582 
5.579 
5.549 
5.594 
5.577 
5.598 
5.549 
5.539 
5.553 
5.561 
5.593 
5.510 
5.591 
5.602 
5.594 
5.592 
5.561 
5.585 
5.578 
5.573 
5.573 
5.577 
5.624 
5.574 
5.551 
5.587 
5.564 
5.564 
5.573 
5.597 
5.597 
5.560 
5.614 
5.564 
5.599 
5.565 
5.550 
5.542 
5.567 
5.568 
5.530 
5.573 
5.595 
5.513 
5.555 
5.507 
5.556 
5.547 
5.550 
5.545 
5.556 
5.519 
5.491 
5.533 
5.520 
5.507 
5.526 
5.529 
5.556 
5.528 
5.547 
5.553 
5.557 
5.545 
5.579 
5.565 
5.585 
5.556 
5.521 
5.567 
5.565 
5.581 
5.528 
5.577 
5.573 
5.553 
5.545 
5.562 
5.551 
5.562 
5.529 
5.521 
5.558 
5.565 
5.572 
5.545 
5.534 
5.559 
5.583 
5.552 
5.559 
5.516 
5.585 
5.545 
5.598 
5.525 
5.553 
5.570 
5.539 
5.526 
5.519 
5.562 
5.538 
5.582 
5.539 
5.505 
5.549 
5.571 
5.592 
5.554 
5.576 
5.551 
5.562 
5.513 
5.625 
5.599 
5.555 
5.556 
5.545 
5.562 
5.569 
5.578 
5.597 
5.576 
5.563 
5.550 
5.564 
5.561 
5.503 
5.565 
5.563 
5.564 
5.539 
5.553 
5.573 
5.557 
5.568 
5.585 
5.553 
5.559 
5.559 
5.541 
5.531 
5.571 
5.548 
5.545 
5.551 
5.563 
5.558 
5.576 
5.564 
5.555 
5.562 
5.536 
5.555 
5.564 
5.572 
5.584 
5.581 
5.591 
5.583 
5.588 
5.568 
5.573 
5.567 
5.526 
5.541 
5.598 
5.550 
5.575 
5.575 
5.563 
5.616 
5.560 
5.567 
5.547 
5.574 
5.596 
5.584 
5.577 
5.561 
5.588 
5.547 
5.588 
5.553 
5.594 
5.528 
5.569 
5.524 
5.559 
5.585 
5.589 
5.526 
5.597 
5.529 
5.607 
5.557 
5.609 
5.558 
5.584 
5.611 
5.607 
5.582 
5.541 
5.573 
5.608 
5.541 
5.590 
5.600 
5.580 
5.569 
5.626 
5.589 
5.587 
5.631 
5.594 
5.541 
5.571 
5.592 
5.567 
5.569 
5.573 
5.579 
5.626 
5.546 
5.578 
5.601 
5.544 
5.531 
5.580 
5.584 
5.541 
5.569 
5.640 
5.608 
5.552 
5.609 
5.637 
5.609 
5.539 
5.574 
5.546 
5.622 
5.590 
5.572 
5.553 
5.551 
5.596 
5.562 
5.603 
5.569 
5.619 
5.604 
5.571 
5.604 
5.588 
5.616 
5.599 
5.572 
5.556 
5.589 
5.592 
5.641 
5.582 
5.584 
5.534 
5.601 
5.601 
5.555 
5.593 
5.536 
5.544 
5.636 
5.530 
5.529 
5.571 
5.561 
5.560 
5.554 
5.523 
5.577 
5.585 
5.588 
5.590 
5.595 
5.552 
5.583 
5.621 
5.570 
5.527 
5.577 
5.589 
5.590 
5.577 
5.610 
5.589 
5.608 
5.592 
5.605 
5.612 
5.567 
5.597 
5.588 
5.611 
5.588 
5.585 
5.623 
5.608 
5.582 
5.540 
5.567 
5.590 
5.589 
5.638 
5.572 
5.607 
5.581 
5.611 
5.576 
5.578 
5.548 
5.592 
5.536 
5.603 
5.606 
5.587 
5.617 
5.552 
5.583 
5.595 
5.603 
5.567 
5.604 
5.641 
5.623 
5.575 
5.563 
5.620 
5.610 
5.675 
5.631 
5.600 
5.570 
5.633 
5.582 
5.588 
5.617 
5.592 
5.576 
5.641 
5.622 
5.609 
5.627 
5.594 
5.589 
5.594 
5.611 
5.616 
5.620 
5.596 
5.611 
5.618 
5.589 
5.623 
5.603 
5.634 
5.596 
5.554 
5.611 
5.605 
5.625 
5.550 
5.609 
5.594 
5.610 
5.579 
5.589 
5.578 
5.621 
5.532 
5.561 
5.583 
5.575 
5.608 
5.612 
5.605 
5.618 
5.571 
5.577 
5.613 
5.598 
5.614 
5.589 
5.609 
5.585 
5.619 
5.576 
5.546 
5.614 
5.560 
5.593 
5.598 
5.609 
5.602 
5.617 
5.615 
5.601 
5.632 
5.619 
5.639 
5.598 
5.582 
5.605 
5.636 
5.599 
5.601 
5.593 
5.562 
5.610 
5.583 
5.565 
5.584 
5.627 
5.606 
5.538 
5.591 
5.620 
5.572 
5.548 
5.578 
5.558 
5.588 
5.586 
5.579 
5.580 
5.581 
5.577 
5.619 
5.504 
5.592 
5.561 
5.488 
5.580 
5.559 
5.579 
5.602 
5.599 
5.612 
5.581 
5.605 
5.595 
5.605 
5.588 
5.609 
5.577 
5.589 
5.589 
5.587 
5.587 
5.591 
5.594 
5.633 
5.619 
5.625 
5.637 
5.591 
5.598 
5.632 
5.575 
5.614 
5.577 
5.536 
5.613 
5.584 
5.605 
5.608 
5.656 
5.607 
5.602 
5.558 
5.618 
5.584 
5.588 
5.556 
5.611 
5.568 
5.603 
5.589 
5.572 
5.608 
5.606 
5.622 
5.599 
5.605 
5.570 
5.615 
5.592 
5.591 
5.592 
5.610 
5.601 
5.577 
5.597 
5.641 
5.580 
5.588 
5.575 
5.588 
5.601 
5.585 
5.627 
5.593 
5.553 
5.625 
5.552 
5.634 
5.627 
5.598 
5.531 
5.585 
5.638 
5.577 
5.584 
5.599 
5.623 
5.577 
5.526 
5.577 
5.611 
5.581 
5.594 
5.550 
5.543 
5.589 
5.604 
5.573 
5.536 
5.537 
5.555 
5.592 
5.576 
5.549 
5.588 
5.567 
5.602 
5.583 
5.596 
5.604 
5.586 
5.625 
5.625 
5.611 
5.606 
5.612 
5.603 
5.630 
5.606 
5.617 
5.646 
5.641 
5.552 
5.619 
5.570 
5.575 
5.629 
5.601 
5.594 
5.605 
5.564 
5.588 
5.599 
5.592 
5.614 
5.616 
5.590 
5.573 
5.600 
5.603 
5.616 
5.575 
5.596 
5.598 
5.601 
5.572 
5.580 
5.627 
5.621 
5.645 
5.615 
5.597 
5.612 
5.620 
5.608 
5.633 
5.629 
5.617 
5.581 
5.604 
5.608 
5.589 
5.618 
5.613 
5.600 
5.535 
5.631 
5.620 
5.575 
5.589 
5.606 
5.591 
5.561 
5.595 
5.613 
5.582 
5.579 
5.592 
5.562 
5.589 
5.573 
5.569 
5.582 
5.596 
5.609 
5.623 
5.618 
5.656 
5.658 
5.614 
5.531 
5.613 
5.574 
5.602 
5.592 
5.609 
5.617 
5.544 
5.586 
5.600 
5.594 
5.612 
5.593 
5.604 
5.599 
5.570 
5.597 
5.585 
5.627 
5.603 
5.597 
5.550 
5.591 
5.577 
5.574 
5.607 
5.588 
5.571 
5.536 
5.546 
5.598 
5.542 
5.561 
5.568 
5.529 
5.553 
5.620 
5.565 
5.558 
5.611 
5.610 
5.596 
5.558 
5.595 
5.606 
5.605 
5.589 
5.563 
5.596 
5.594 
5.603 
5.597 
5.577 
5.580 
5.576 
5.579 
5.611 
5.577 
5.594 
5.596 
5.591 
5.588 
5.592 
5.556 
5.523 
5.568 
5.539 
5.572 
5.586 
5.594 
5.623 
5.550 
5.576 
5.600 
5.593 
5.572 
5.573 
5.578 
5.569 
5.523 
5.561 
5.590 
5.562 
5.594 
5.561 
5.536 
5.556 
5.593 
5.582 
5.578 
5.583 
5.527 
5.535 
5.606 
5.595 
5.613 
5.549 
5.580 
5.623 
5.601 
5.556 
5.595 
5.582 

5.625 
5.570 
5.584 
5.580 
5.578 
5.603 
5.550 
5.556 
5.576 
5.578 
5.566 
5.579 
5.592 
5.564 
5.563 
5.544 

5.593 
5.584 
5.580 
5.588 
5.616 
5.550 
5.563 
5.527 
5.562 
5.628 
5.553 
5.540 
5.560 
5.551 
5.564 
5.570 
5.573 
5.565 
5.559 
5.617 
5.554 
5.554 
5.603 
5.595 
5.609 
5.596 
5.605 
5.542 
5.527 
5.563 
5.562 
5.527 
5.565 
5.583 
5.577 
5.559 
5.528 
5.515 
5.556 
5.542 
5.527 
5.592 
5.578 
5.566 
5.541 
5.489 
5.529 
5.561 
5.547 
5.494 
5.585 
5.592 
5.554 
5.553 
5.497 
5.617 
5.585 
5.577 
5.577 
5.552 
5.579 
5.578 
5.558 
5.512 
5.549 
5.516 
5.525 
5.588 
5.569 
5.572 
5.575 
5.602 
5.613 
5.565 
5.508 
5.546 
5.499 
5.542 
5.565 
5.534 
5.602 
5.541 
5.558 
5.575 
5.506 
5.523 
5.548 
5.547 
5.554 
5.525 
5.564 
5.552 
5.533 
5.511 
5.556 
5.556 
5.545 
5.550 
5.605 
5.509 
5.559 
5.541 
5.591 
5.562 
5.555 
5.546 
5.543 
5.581 
5.556 
5.511 
5.502 
5.545 
5.594 
5.571 
5.575 
5.568 
5.587 
5.573 
5.565 
5.557 
5.571 
5.572 
5.545 
5.540 
5.544 
5.556 
5.577 
5.538 
5.567 
5.548 
5.561 
5.542 
5.541 
5.553 
5.587 
5.528 
5.570 
5.540 
5.531 
5.545 
5.575 
5.576 
5.539 
5.506 
5.545 
5.532 
5.563 
5.539 
5.580 
5.541 
5.563 
5.584 
5.580 
5.584 
5.577 
5.589 
5.566 
5.556 
5.572 
5.554 
5.541 
5.593 
5.579 
5.579 
5.578 
5.547 
5.591 
5.579 
5.575 
5.549 
5.532 
5.567 
5.563 
5.596 
5.575 
5.570 
5.541 
5.570 
5.549 
5.593 
5.560 
5.577 
5.576 
5.603 
5.563 
5.558 
5.581 
5.591 
5.591 
5.533 
5.592 
5.588 
5.617 
5.593 
5.572 
5.584 
5.554 
5.591 
5.557 
5.578 
5.557 
5.591 
5.498 
5.577 
5.588 
5.540 
5.550 
5.566 
5.574 
5.577 
5.598 
5.567 
5.573 
5.595 
5.585 
5.562 
5.556 
5.560 
5.541 
5.593 
5.591 
5.607 
5.572 
5.561 
5.596 
5.564 
5.577 
5.584 
5.609 
5.563 
5.548 
5.612 
5.584 
5.564 
5.548 
5.576 
5.577 
5.477 
5.579 
5.538 
5.593 
5.596 
5.610 
5.582 
5.565 
5.613 
5.541 
5.567 
5.544 
5.587 
5.567 
5.535 
5.596 
5.600 
5.587 
5.513 
5.563 
5.635 
5.552 
5.554 
5.586 
5.572 
5.537 
5.576 
5.597 
5.568 
5.585 
5.567 
5.616 
5.557 
5.572 
5.564 
5.593 
5.627 
5.567 
5.575 
5.603 
5.576 
5.609 
5.560 
5.598 
5.613 
5.574 
5.639 
5.596 
5.604 
5.620 
5.638 
5.592 
5.636 
5.597 
5.604 
5.609 
5.585 
5.605 
5.568 
5.604 
5.593 
5.555 
5.599 
5.585 
5.582 
5.637 
5.609 
5.575 
5.572 
5.625 
5.558 
5.600 
5.624 
5.552 
5.546 
5.561 
5.573 
5.585 
5.600 
5.629 
5.586 
5.610 
5.590 
5.640 
5.649 
5.624 
5.638 
5.664 
5.602 
5.650 
5.612 
5.661 
5.618 
5.628 
5.612 
5.584 
5.601 
5.596 
5.623 
5.634 
5.613 
5.602 
5.574 
5.561 
5.598 
5.609 
5.579 
5.628 
5.594 
5.631 
5.585 
5.601 
5.585 
5.596 
5.617 
5.599 
5.578 
5.641 
5.633 
5.610 
5.572 
5.636 
5.532 
5.610 
5.555 
5.570 
5.639 
5.635 
5.568 
5.650 
5.609 
5.631 
5.610 
5.613 
5.566 
5.611 
5.609 
5.591 
5.596 
5.564 
5.539 
5.610 
5.522 
5.591 
5.583 
5.591 
5.539 
5.602 
5.583 
5.601 
5.600 
5.608 
5.578 
5.530 
5.567 
5.589 
5.577 
5.574 
5.499 
5.626 
5.595 
5.598 
5.580 
5.582 
5.592 
5.584 
5.638 
5.506 
5.602 
5.578 
5.657 
5.608 
5.622 
5.580 
5.574 
5.603 
5.587 
5.615 
5.549 
5.609 
5.617 
5.605 
5.605 
5.645 
5.578 
5.589 
5.605 
5.613 
5.584 
5.567 
5.580 
5.577 
5.585 
5.596 
5.586 
5.568 
5.614 
5.581 
5.616 
5.608 
5.589 
5.614 
5.594 
5.582 
5.644 
5.580 
5.609 
5.627 
5.652 
5.541 
5.614 
5.592 
5.577 
5.627 
5.602 
5.565 
5.583 
5.567 
5.531 
5.529 
5.582 
5.557 
5.570 
5.601 
5.570 
5.597 
5.565 
5.534 
5.570 
5.613 
5.608 
5.563 
5.593 
5.618 
5.548 
5.588 
5.598 
5.599 
5.574 
5.617 
5.608 
5.592 
5.632 
5.627 
5.544 
5.650 
5.601 
5.585 
5.545 
5.602 
5.672 
5.614 
5.621 
5.587 
5.519 
5.569 
5.606 
5.657 
5.560 
5.622 
5.588 
5.629 
5.643 
5.662 
5.585 
5.615 
5.622 
5.604 
5.588 
5.649 
5.603 
5.628 
5.583 
5.609 
5.607 
5.616 
5.610 
5.549 
5.603 
5.583 
5.605 
5.552 
5.566 
5.614 
5.626 
5.597 
5.609 
5.604 
5.640 
5.629 
5.638 
5.636 
5.577 
5.567 
5.575 
5.616 
5.643 
5.616 
5.547 
5.619 
5.610 
5.630 
5.653 
5.588 
5.602 
5.632 
5.614 
5.596 
5.599 
5.616 
5.564 
5.615 
5.586 
5.590 
5.639 
5.580 
5.639 
5.604 
5.590 
5.563 
5.565 
5.545 
5.559 
5.558 
5.590 
5.599 
5.603 
5.589 
5.604 
5.596 
5.607 
5.610 
5.572 
5.598 
5.600 
5.615 
5.621 
5.593 
5.555 
5.612 
5.591 
5.597 
5.618 
5.561 
5.628 
5.618 
5.555 
5.596 
5.560 
5.588 
5.592 
5.565 
5.602 
5.588 
5.573 
5.538 
5.538 
5.578 
5.615 
5.595 
5.612 
5.605 
5.564 
5.519 
5.568 
5.567 
5.521 
5.589 
5.593 
5.542 
5.532 
5.549 
5.566 
5.534 
5.567 
5.575 
5.595 
5.578 
5.584 
5.583 
5.592 
5.545 
5.626 
5.556 
5.607 
5.560 
5.559 
5.565 
5.539 
5.638 
5.593 
5.609 
5.550 
5.614 
5.588 
5.604 
5.603 
5.558 
5.556 
5.595 
5.584 
5.546 
5.587 
5.574 
5.466 
5.577 
5.564 
5.554 
5.546 
5.616 
5.592 
5.585 
5.561 
5.561 
5.572 
5.554 
5.555 
5.545 
5.555 
5.518 
5.582 
5.524 
5.550 
5.586 
5.540 
5.550 
5.563 
5.574 
5.522 
5.551 
5.568 
5.564 
5.580 
5.590 
5.620 
5.553 
5.545 
5.570 
5.558 
5.583 
5.522 
5.539 
5.580 
5.583 
5.534 
5.591 
5.569 
5.548 
5.561 
5.577 
5.563 
5.555 
5.550 
5.565 
5.523 
5.547 
5.577 
5.557 
5.561 
5.535 
5.577 
5.555 
5.551 
5.530 
5.564 
5.604 
5.512 
5.536 
5.566 
5.544 
5.541 
5.553 
5.518 
5.573 
5.551 
5.561 
5.617 
5.580 
5.573 
5.604 
5.569 
5.546 
5.530 
5.585 
5.536 
5.565 
5.505 
5.568 
5.571 

5.592 
5.556 
5.492 
5.550 
5.584 
5.577 
5.527 
5.546 

5.567 
5.497 
5.537 
5.593 
5.543 
5.543 
5.532 

5.544 
5.565 
5.539 
5.542 
5.541 
5.560 
5.551 
5.565 
5.550 
5.534 
5.533 

5.581 

5.577 
5.560 
5.543 
5.580 
5.563 
5.547 
5.536 
5.505 
5.552 
5.563 
5.558 
5.562 
5.566 
5.577 
5.555 
5.579 
5.530 
5.570 
5.523 
5.542 
5.539 
5.565 
5.585 
5.542 
5.550 
5.537 
5.578 
5.557 
5.556 
5.570 
5.566 
5.531 
5.554 
5.553 
5.574 
5.515 
5.554 
5.553 
5.566 
5.532 
5.511 
5.542 
5.547 
5.557 
5.560 
5.552 
5.561 
5.545 
5.582 
5.559 
5.564 
5.544 
5.527 
5.544 
5.576 
5.555 
5.524 
5.591 
5.541 
5.565 
5.578 
5.539 
5.541 
5.503 
5.524 
5.571 
5.586 
5.567 
5.551 
5.563 
5.499 
5.504 
5.531 
5.536 
5.591 
5.531 
5.546 
5.554 
5.550 
5.541 
5.587 
5.539 
5.570 
5.550 
5.573 
5.576 
5.543 
5.579 
5.549 
5.578 
5.574 
5.540 
5.601 
5.541 
5.504 
5.530 
5.536 
5.518 
5.529 
5.525 
5.541 
5.559 
5.530 
5.599 
5.544 
5.545 
5.564 
5.542 
5.559 
5.542 
5.531 
5.524 
5.516 
5.531 
5.572 
5.558 
5.567 
5.582 
5.572 
5.562 
5.559 
5.549 
5.562 
5.600 
5.548 
5.547 
5.534 
5.571 
5.546 
5.563 
5.587 
5.605 
5.561 
5.551 
5.562 
5.540 
5.576 
5.542 
5.548 
5.512 
5.543 
5.574 
5.553 
5.543 
5.534 
5.538 
5.569 
5.538 
5.586 
5.498 
5.566 
5.593 
5.553 
5.536 
5.565 
5.583 
5.597 
5.569 
5.576 
5.566 
5.557 
5.543 
5.591 
5.587 
5.604 
5.618 
5.608 
5.575 
5.610 
5.569 
5.576 
5.564 
5.571 
5.563 
5.568 
5.556 
5.576 
5.592 
5.605 
5.594 
5.565 
5.583 
5.568 
5.578 
5.571 
5.629 
5.594 
5.598 
5.564 
5.563 
5.555 
5.591 
5.576 
5.597 
5.595 
5.562 
5.580 
5.498 
5.532 
5.600 
5.551 
5.593 
5.565 
5.591 
5.594 
5.579 
5.560 
5.607 
5.609 
5.577 
5.616 
5.631 
5.556 
5.583 
5.567 
5.586 
5.569 
5.599 
5.582 
5.579 
5.581 
5.494 
5.601 
5.642 
5.609 
5.574 
5.620 
5.626 
5.625 
5.567 
5.540 
5.577 
5.541 
5.606 
5.613 
5.596 
5.515 
5.571 
5.553 
5.644 
5.537 
5.583 
5.550 
5.603 
5.578 
5.591 
5.633 
5.582 
5.567 
5.570 
5.556 
5.588 
5.598 
5.623 
5.589 
5.594 
5.609 
5.587 
5.610 
5.642 
5.562 
5.632 
5.631 
5.585 
5.558 
5.620 
5.573 
5.563 
5.574 
5.610 
5.568 
5.635 
5.606 
5.646 
5.587 
5.645 
5.539 
5.584 
5.642 
5.557 
5.584 
5.618 
5.604 
5.582 
5.651 
5.599 
5.557 
5.618 
5.518 
5.617 
5.591 
5.600 
5.632 
5.545 
5.573 
5.606 
5.653 
5.645 
5.604 
5.631 
5.619 
5.653 
5.621 
5.635 
5.536 
5.612 
5.590 
5.682 
5.603 
5.607 
5.577 
5.604 
5.598 
5.572 
5.612 
5.577 
5.578 
5.604 
5.582 
5.586 
5.602 
5.561 
5.626 
5.546 
5.531 
5.577 
5.555 
5.593 
5.636 
5.560 
5.532 
5.622 
5.584 
5.556 
5.618 
5.581 
5.568 
5.559 
5.583 
5.554 
5.553 
5.536 
5.561 
5.591 
5.604 
5.587 
5.536 
5.599 
5.638 
5.617 
5.575 
5.644 
5.521 
5.610 
5.655 
5.656 
5.648 
5.621 
5.631 
5.627 
5.616 
5.606 
5.587 
5.608 
5.602 
5.578 
5.586 
5.582 
5.594 
5.563 
5.584 
5.615 
5.592 
5.610 
5.590 
5.619 
5.620 
5.615 
5.614 
5.617 
5.615 
5.581 
5.640 
5.585 
5.566 
5.607 
5.590 
5.620 
5.579 
5.591 
5.624 
5.606 
5.610 
5.619 
5.650 
5.594 
5.633 
5.581 
5.596 
5.509 
5.595 
5.539 
5.552 
5.539 
5.547 
5.493 
5.556 
5.600 
5.596 
5.577 
5.579 
5.558 
5.568 
5.588 
5.562 
5.604 
5.550 
5.578 
5.590 
5.559 
5.593 
5.562 
5.634 
5.560 
5.611 
5.614 
5.575 
5.580 
5.604 
5.550 
5.609 
5.569 
5.605 
5.634 
5.574 
5.573 
5.655 
5.548 
5.587 
5.622 
5.565 
5.586 
5.541 
5.622 
5.638 
5.575 
5.566 
5.551 
5.592 
5.580 
5.538 
5.572 
5.595 
5.612 
5.583 
5.554 
5.601 
5.598 
5.602 
5.602 
5.562 
5.608 
5.623 
5.609 
5.628 
5.651 
5.605 
5.632 
5.582 
5.554 
5.643 
5.581 
5.608 
5.566 
5.618 
5.598 
5.657 
5.543 
5.623 
5.570 
5.585 
5.605 
5.599 
5.566 
5.577 
5.576 
5.557 
5.575 
5.573 
5.580 
5.529 
5.570 
5.585 
5.561 
5.593 
5.529 
5.594 
5.592 
5.565 
5.590 
5.531 
5.600 
5.603 
5.618 
5.573 
5.601 
5.560 
5.599 
5.613 
5.586 
5.580 
5.598 
5.599 
5.552 
5.624 
5.607 
5.526 
5.577 
5.568 
5.558 
5.550 
5.656 
5.595 
5.535 
5.589 
5.552 
5.557 
5.583 
5.557 
5.557 
5.620 
5.580 
5.570 
5.569 
5.591 
5.588 
5.596 
5.573 
5.577 
5.566 
5.616 
5.532 
5.570 
5.589 
5.610 
5.568 
5.564 
5.548 
5.613 
5.553 
5.595 
5.569 
5.572 
5.559 
5.558 
5.582 
5.516 
5.579 
5.550 
5.551 
5.584 
5.560 
5.555 
5.588 
5.528 
5.514 
5.559 
5.563 
5.590 
5.592 
5.570 
5.558 
5.557 
5.570 
5.533 
5.595 
5.570 
5.536 
5.520 
5.572 
5.586 
5.570 
5.580 
5.605 

5.575 

5.566 
5.594 
5.596 
5.496 
5.584 
5.589 
5.577 
5.580 
5.527 
5.530 
5.520 
5.541 
5.585 
5.570 
5.577 
5.553 
5.536 
5.577 
5.554 
5.526 
5.502 
5.605 
5.526 
5.556 
5.551 
5.559 
5.489 
5.511 
5.529 
5.581 
5.530 
5.575 
5.549 
5.567 
5.534 
5.544 
5.510 
5.546 
5.564 
5.606 
5.558 
5.575 
5.572 
5.568 
5.538 
5.586 
5.519 
5.512 
5.606 
5.552 
5.563 
5.562 
5.544 
5.542 
5.600 
5.545 
5.529 
5.516 
5.539 

5.536 
5.612 
5.509 
5.569 
5.534 
5.563 

5.570 
5.534 

5.525 
5.498 
5.465 
5.543 
5.540 
5.541 
5.556 
5.588 
5.559 
5.569 
5.580 
5.603 
5.567 

5.532 
5.503 
5.579 

5.531 

5.494 
5.565 
5.563 

5.521 
5.557 
5.531 
5.566 
5.563 
5.553 
5.538 
5.538 
5.512 

5.535 
5.585 
5.517 

5.522 
5.501 
5.495 
5.521 
5.528 
5.557 
5.543 

5.509 
5.549 
5.543 
5.542 
5.548 
5.547 
5.491 
5.544 
5.570 
5.544 
5.527 
5.484 
5.511 
5.557 
5.529 
5.552 
5.530 
5.543 
5.527 
5.553 
5.572 
5.546 
5.567 
5.521 
5.520 
5.540 
5.529 
5.524 
5.545 
5.562 
5.544 
5.537 
5.555 
5.533 
5.579 
5.564 
5.533 
5.561 
5.520 
5.518 
5.486 
5.500 
5.552 
5.504 
5.516 
5.521 
5.540 
5.528 
5.516 
5.551 
5.534 
5.518 
5.558 
5.548 
5.549 
5.515 
5.518 
5.548 
5.526 
5.550 
5.539 
5.554 
5.532 
5.562 
5.540 
5.557 
5.574 
5.552 
5.512 
5.560 
5.552 
5.557 
5.570 
5.564 
5.570 
5.604 
5.595 
5.573 
5.549 
5.557 
5.580 
5.553 
5.545 
5.533 
5.580 
5.568 
5.572 
5.558 
5.564 
5.582 
5.536 
5.585 
5.489 
5.574 
5.553 
5.583 
5.551 
5.573 
5.564 
5.561 
5.568 
5.581 
5.570 
5.600 
5.572 
5.571 
5.575 
5.528 
5.572 
5.608 
5.555 
5.603 
5.536 
5.551 
5.621 
5.573 
5.573 
5.601 
5.587 
5.566 
5.564 
5.573 
5.594 
5.580 
5.611 
5.582 
5.585 
5.561 
5.552 
5.584 
5.587 
5.567 
5.592 
5.592 
5.556 
5.587 
5.563 
5.576 
5.551 
5.598 
5.571 
5.604 
5.603 
5.572 
5.602 
5.587 
5.592 
5.614 
5.539 
5.569 
5.606 
5.614 
5.567 
5.617 
5.549 
5.593 
5.573 
5.613 
5.581 
5.598 
5.554 
5.595 
5.575 
5.610 
5.566 
5.591 
5.606 
5.589 
5.586 
5.601 
5.595 
5.518 
5.592 
5.586 
5.596 
5.607 
5.554 
5.624 
5.581 
5.612 
5.596 
5.572 
5.587 
5.574 
5.545 
5.591 
5.544 
5.635 
5.596 
5.563 
5.578 
5.579 
5.616 
5.608 
5.586 
5.556 
5.626 
5.606 
5.568 
5.563 
5.547 
5.613 
5.599 
5.590 
5.566 
5.619 
5.625 
5.581 
5.575 
5.521 
5.605 
5.608 
5.540 
5.603 
5.605 
5.593 
5.575 
5.619 
5.576 
5.572 
5.629 
5.612 
5.575 
5.610 
5.574 
5.612 
5.604 
5.577 
5.583 
5.556 
5.575 
5.588 
5.592 
5.606 
5.587 
5.604 
5.649 
5.630 
5.590 
5.633 
5.635 
5.565 
5.587 
5.527 
5.648 
5.611 
5.596 
5.607 
5.603 
5.599 
5.598 
5.581 
5.604 
5.629 
5.598 
5.636 
5.628 
5.589 
5.622 
5.600 
5.556 
5.647 
5.615 
5.591 
5.623 
5.566 
5.619 
5.572 
5.577 
5.608 
5.529 
5.590 
5.604 
5.597 
5.559 
5.544 
5.609 
5.547 
5.576 
5.579 
5.592 
5.579 
5.587 
5.571 
5.584 
5.558 
5.624 
5.610 
5.609 
5.594 
5.575 
5.625 
5.596 
5.562 
5.621 
5.594 
5.569 
5.595 
5.594 
5.582 
5.606 
5.605 
5.585 
5.590 
5.634 
5.565 
5.595 
5.629 
5.606 
5.577 
5.588 
5.567 
5.613 
5.568 
5.650 
5.565 
5.605 
5.543 
5.591 
5.648 
5.623 
5.568 
5.578 
5.578 
5.638 
5.574 
5.610 
5.526 
5.569 
5.626 
5.619 
5.532 
5.585 
5.603 
5.613 
5.589 
5.564 
5.588 
5.586 
5.593 
5.582 
5.593 
5.570 
5.592 
5.555 
5.574 
5.590 
5.609 
5.609 
5.614 
5.621 
5.588 
5.589 
5.572 
5.645 
5.617 
5.587 
5.593 
5.627 
5.598 
5.559 
5.590 
5.578 
5.544 
5.551 
5.633 
5.603 
5.593 
5.604 
5.601 
5.619 
5.589 
5.591 
5.557 
5.601 
5.564 
5.632 
5.602 
5.513 
5.498 
5.540 
5.563 
5.566 
5.574 
5.567 
5.606 
5.568 
5.593 
5.565 
5.584 
5.543 
5.570 
5.567 
5.632 
5.601 
5.569 
5.603 
5.587 
5.618 
5.586 
5.639 
5.601 
5.592 
5.534 
5.620 
5.613 
5.572 
5.565 
5.574 
5.578 
5.538 
5.555 
5.538 
5.533 
5.559 
5.564 
5.576 
5.577 
5.571 
5.516 
5.563 
5.575 
5.564 
5.580 
5.578 
5.601 
5.609 
5.588 
5.544 
5.551 
5.590 
5.553 
5.575 
5.575 
5.565 
5.595 
5.609 
5.581 
5.554 
5.583 
5.549 
5.558 
5.591 
5.542 
5.557 
5.547 
5.570 
5.551 
5.534 
5.576 
5.509 
5.597 
5.557 
5.550 

5.568 
5.539 
5.574 
5.592 
5.562 
5.515 
5.538 
5.531 
5.552 
5.580 
5.569 
5.551 
5.582 
5.558 
5.563 
5.540 
5.520 
5.528 
5.587 
5.580 
5.495 
5.572 
5.586 
5.561 
5.576 
5.539 
5.572 
5.578 
5.562 
5.568 
5.585 
5.545 
5.520 
5.575 
5.534 
5.538 
5.561 
5.588 
5.528 
5.551 

5.504 
5.539 
5.550 
5.529 
5.545 
5.528 
5.492 
5.515 
5.544 
5.530 
5.511 
5.524 
5.527 
5.546 
5.552 
5.551 
5.565 
5.544 
5.534 
5.536 
5.522 
5.543 
5.518 
5.557 
5.580 
5.559 
5.573 
5.580 
5.519 
5.509 
5.586 
5.552 
5.561 
5.546 
5.598 
5.542 
5.527 
5.530 
5.561 
5.536 
5.510 
5.513 
5.541 
5.518 
5.518 
5.491 
5.511 
5.575 
5.553 
5.546 
5.521 
5.576 
5.530 
5.539 
5.537 
5.519 

5.605 
5.537 
5.501 
5.558 
5.508 
5.559 
5.515 
5.570 
5.535 
5.510 
5.532 
5.544 
5.553 
5.546 
5.541 
5.507 
5.563 
5.511 
5.565 
5.508 
5.527 

5.567 
5.545 
5.547 
5.510 
5.528 
5.528 
5.505 
5.570 
5.481 
5.555 
5.576 
5.549 
5.531 
5.529 
5.552 
5.529 
5.587 
5.558 
5.523 
5.549 
5.531 
5.555 
5.553 
5.515 
5.533 
5.508 
5.472 
5.514 
5.559 
5.509 
5.569 
5.539 
5.535 
5.537 
5.494 
5.536 
5.483 
5.524 
5.518 
5.565 
5.521 
5.524 
5.556 
5.540 
5.484 
5.613 
5.528 
5.557 
5.501 
5.565 
5.543 
5.558 
5.535 
5.607 
5.568 
5.551 
5.558 
5.573 
5.559 
5.542 
5.557 
5.548 
5.542 
5.540 

5.599 
5.564 
5.566 
5.546 
5.531 
5.546 
5.539 
5.600 
5.579 
5.567 
5.524 
5.563 
5.545 
5.566 
5.525 

5.545 
5.566 
5.534 
5.544 
5.542 
5.537 
5.543 
5.552 
5.579 
5.575 
5.516 
5.605 
5.553 
5.600 
5.574 
5.566 
5.632 
5.486 
5.589 
5.558 
5.542 
5.536 
5.559 
5.567 
5.515 
5.578 
5.545 
5.564 
5.567 
5.571 
5.506 
5.559 
5.573 
5.580 
5.533 
5.530 
5.587 
5.585 
5.568 
5.515 
5.549 
5.548 
5.530 
5.525 
5.576 
5.576 
5.535 
5.559 
5.602 
5.580 
5.583 
5.569 
5.527 
5.586 
5.557 
5.518 
5.607 
5.562 
5.591 
5.586 
5.643 
5.495 
5.595 
5.627 
5.597 
5.598 
5.592 
5.618 
5.597 
5.599 
5.619 
5.589 
5.520 
5.484 
5.590 
5.545 
5.588 
5.574 
5.614 
5.593 
5.568 
5.606 
5.546 
5.519 
5.550 
5.563 
5.567 
5.648 
5.513 
5.578 
5.561 
5.498 
5.591 
5.607 
5.511 
5.647 
5.602 
5.525 
5.607 
5.592 
5.606 
5.617 
5.602 
5.623 
5.595 
5.621 
5.564 
5.598 
5.611 
5.618 
5.620 
5.557 
5.552 
5.623 
5.599 
5.600 
5.592 
5.566 
5.574 
5.565 
5.565 
5.644 
5.557 
5.600 
5.605 
5.537 
5.623 
5.594 
5.669 
5.605 
5.623 
5.631 
5.586 
5.596 
5.502 
5.609 
5.616 
5.598 
5.598 
5.570 
5.558 
5.506 
5.554 
5.594 
5.594 
5.624 
5.605 
5.571 
5.619 
5.611 
5.567 
5.632 
5.586 
5.579 
5.602 
5.573 
5.631 
5.620 
5.596 
5.602 
5.536 
5.600 
5.621 
5.599 
5.599 
5.579 
5.577 
5.597 
5.589 
5.603 
5.580 
5.582 
5.575 
5.587 
5.586 
5.616 
5.593 
5.595 
5.624 
5.609 
5.629 
5.656 
5.617 
5.620 
5.612 
5.650 
5.604 
5.572 
5.576 
5.559 
5.553 
5.620 
5.633 
5.568 
5.628 
5.560 
5.592 
5.570 
5.577 
5.622 
5.600 
5.598 
5.560 
5.505 
5.594 
5.620 
5.554 
5.588 
5.619 
5.617 
5.544 
5.545 
5.560 
5.569 
5.590 
5.555 
5.573 
5.615 
5.593 
5.603 
5.560 
5.614 
5.595 
5.601 
5.561 
5.580 
5.574 
5.546 
5.584 
5.585 
5.681 
5.596 
5.602 
5.567 
5.562 
5.541 
5.575 
5.499 
5.568 
5.542 
5.541 
5.583 
5.606 
5.619 
5.548 
5.555 
5.538 
5.544 
5.550 
5.555 
5.566 
5.595 
5.576 
5.586 
5.615 
5.537 
5.587 
5.602 
5.628 
5.594 
5.591 
5.571 
5.565 
5.541 
5.613 
5.618 
5.571 
5.568 
5.561 
5.589 
5.587 
5.583 
5.605 
5.577 
5.514 
5.628 
5.585 
5.557 
5.575 
5.558 
5.591 
5.598 
5.571 
5.532 
5.547 
5.555 
5.530 
5.517 
5.548 
5.562 
5.570 
5.580 
5.565 
5.563 
5.507 
5.569 
5.553 
5.558 
5.574 
5.592 
5.604 
5.577 
5.571 
5.595 
5.603 
5.539 
5.547 
5.582 
5.556 
5.554 
5.549 
5.569 
5.557 
5.589 
5.533 
5.539 
5.559 
5.502 
5.561 
5.558 
5.556 
5.547 
5.532 
5.557 
5.533 
5.561 
5.537 
5.557 
5.557 
5.556 
5.551 
5.546 
5.511 
5.520 
5.541 
5.522 
5.530 
5.551 
5.544 
5.550 
5.519 
5.534 
5.545 
5.565 
5.535 
5.569 
5.530 
5.539 
5.504 
5.571 
5.534 
5.537 
5.553 
5.502 
5.538 
5.522 
5.566 
5.531 
5.570 
5.531 
5.539 
5.556 
5.538 
5.526 
5.564 
5.541 
5.540 
5.562 
5.476 
5.520 
5.567 
5.561 
5.501 
5.496 
5.524 
5.531 
5.550 
5.536 
5.501 
5.526 
5.518 
5.559 
5.569 
5.600 
5.526 
5.553 
5.527 
5.528 
5.582 
5.583 
5.566 
5.500 
5.532 
5.573 
5.499 
5.567 
5.539 
5.544 
5.554 
5.524 
5.571 
5.493 
5.561 
5.533 

5.546 
5.517 
5.560 
5.542 
5.553 
5.529 
5.538 
5.517 
5.503 
5.571 
5.510 
5.543 
5.559 
5.556 
5.563 
5.531 
5.516 
5.537 
5.543 
5.541 
5.513 
5.561 
5.498 
5.521 
5.538 
5.530 
5.517 
5.524 
5.507 
5.532 
5.532 
5.557 
5.495 
5.521 
5.535 
5.528 
5.516 
5.548 
5.542 
5.501 
5.534 
5.530 
5.531 
5.458 
5.537 
5.540 
5.513 
5.533 
5.553 
5.513 
5.542 
5.514 
5.535 
5.536 
5.533 
5.546 
5.527 
5.551 
5.558 
5.564 
5.527 
5.575 
5.565 
5.506 
5.539 
5.541 
5.556 
5.533 
5.572 
5.550 
5.577 
5.553 
5.479 

5.517 
5.576 
5.575 
5.521 
5.522 
5.567 
5.575 
5.549 
5.499 
5.566 
5.518 
5.533 
5.564 
5.541 
5.529 
5.536 
5.566 
5.564 
5.564 
5.534 
5.571 
5.552 
5.554 
5.538 
5.558 
5.500 
5.591 
5.529 
5.558 
5.596 
5.577 
5.556 
5.580 
5.592 
5.529 
5.557 
5.584 
5.542 
5.568 
5.602 
5.544 
5.526 
5.574 
5.566 
5.495 
5.507 
5.563 
5.547 
5.531 
5.539 
5.551 
5.595 
5.577 
5.559 
5.556 
5.596 
5.601 
5.575 
5.565 
5.576 
5.606 
5.620 
5.611 
5.552 
5.615 
5.616 
5.593 
5.541 
5.523 
5.586 
5.580 
5.547 
5.567 
5.593 
5.568 
5.578 
5.574 
5.557 
5.623 
5.541 
5.554 
5.561 
5.560 
5.534 
5.539 
5.596 
5.603 
5.492 
5.564 
5.592 
5.572 
5.517 
5.564 
5.520 
5.539 
5.557 
5.557 
5.606 
5.638 
5.582 
5.543 
5.521 
5.584 
5.570 
5.527 
5.604 
5.563 
5.570 
5.563 
5.552 
5.560 
5.567 
5.537 
5.532 
5.576 
5.575 
5.582 
5.581 
5.575 
5.545 
5.600 
5.602 
5.604 
5.552 
5.515 
5.556 
5.594 
5.565 
5.570 
5.585 
5.586 
5.567 
5.558 
5.552 
5.532 
5.587 
5.572 
5.612 
5.623 
5.575 
5.578 
5.561 
5.556 
5.593 
5.609 
5.578 
5.619 
5.574 
5.531 
5.654 
5.614 
5.569 
5.615 
5.639 
5.638 
5.584 
5.631 
5.673 
5.626 
5.634 
5.635 
5.578 
5.598 
5.606 
5.597 
5.601 
5.611 
5.573 
5.633 
5.603 
5.619 
5.539 
5.633 
5.601 
5.595 
5.633 
5.616 
5.584 
5.542 
5.576 
5.588 
5.545 
5.545 
5.552 
5.550 
5.570 
5.598 
5.597 
5.592 
5.516 
5.576 
5.530 
5.633 
5.578 
5.515 
5.609 
5.575 
5.515 
5.563 
5.571 
5.522 
5.581 
5.547 
5.562 
5.572 
5.565 
5.601 
5.607 
5.582 
5.554 
5.526 
5.593 
5.585 
5.565 
5.586 
5.574 
5.579 
5.579 
5.562 
5.580 
5.575 
5.556 
5.584 
5.555 
5.599 
5.551 
5.552 
5.548 
5.555 
5.544 
5.602 
5.546 
5.566 
5.581 
5.540 
5.575 
5.631 
5.514 
5.525 
5.596 
5.553 
5.526 
5.590 
5.551 
5.568 
5.559 
5.518 
5.526 
5.574 
5.575 
5.562 
5.614 
5.537 
5.563 
5.579 
5.581 
5.579 
5.582 
5.569 
5.569 
5.553 
5.531 
5.560 
5.535 
5.557 
5.574 
5.527 
5.534 
5.599 
5.534 
5.554 
5.564 
5.558 
5.545 
5.505 
5.566 
5.549 
5.539 
5.547 
5.549 
5.592 
5.561 
5.551 
5.497 
5.604 
5.585 
5.547 
5.557 
5.590 
5.539 
5.559 
5.600 
5.546 
5.542 
5.568 
5.575 
5.579 
5.594 
5.546 
5.555 
5.544 
5.585 
5.533 
5.571 
5.554 
5.555 
5.553 
5.542 
5.539 
5.508 
5.513 
5.542 
5.546 
5.545 
5.528 
5.553 
5.509 
5.557 
5.555 
5.521 
5.510 
5.539 
5.486 
5.579 
5.558 
5.561 
5.543 
5.541 
5.529 
5.529 
5.511 
5.533 
5.553 
5.543 
5.567 
5.578 
5.546 
5.548 
5.526 
5.518 
5.593 
5.527 
5.566 
5.497 
5.548 
5.475 
5.511 
5.566 
5.526 
5.560 
5.517 
5.528 
5.492 
5.503 
5.532 
5.571 
5.536 
5.528 
5.514 
5.543 
5.515 
5.518 
5.536 
5.538 
5.538 
5.546 
5.520 
5.532 
5.551 
5.559 
5.537 
5.490 
5.509 
5.480 
5.534 
5.533 
5.519 
5.565 
5.574 
5.526 
5.577 
5.531 
5.495 
5.537 
5.571 
5.536 
5.537 
5.543 
5.538 
5.550 
5.558 
5.553 
5.515 
5.525 
5.522 
5.578 
5.522 
5.564 
5.537 
5.579 
5.527 
5.540 
5.503 
5.532 
5.564 
5.572 
5.546 
5.530 
5.538 
5.561 
5.578 
5.526 
5.537 
5.563 
5.592 
5.561 
5.562 
5.567 
5.582 
5.546 
5.547 
5.523 
5.538 
5.539 
5.563 
5.562 
5.510 
5.547 
5.585 
5.506 
5.543 
5.532 
5.583 
5.519 
5.544 
5.556 
5.558 
5.541 
5.561 
5.512 
5.553 
5.537 
5.574 
5.564 
5.579 
5.563 
5.549 
5.571 
5.557 
5.559 
5.536 
5.547 
5.544 
5.550 
5.479 
5.546 
5.539 
5.545 
5.552 
5.581 
5.578 
5.544 
5.546 
5.573 
5.521 
5.556 
5.523 
5.536 
5.540 
5.554 
5.558 
5.543 
5.537 
5.581 
5.531 
5.518 
5.524 
5.547 
5.541 
5.547 
5.544 
5.522 
5.549 
5.551 
5.596 
5.583 
5.581 
5.593 
5.551 
5.576 
5.601 
5.563 
5.594 
5.581 
5.591 
5.610 
5.563 
5.568 
5.596 
5.558 
5.591 
5.600 
5.592 
5.616 
5.568 
5.561 
5.604 
5.577 
5.595 
5.593 
5.664 
5.593 
5.591 
5.576 
5.541 
5.550 
5.544 
5.566 
5.524 
5.600 
5.554 
5.578 
5.589 
5.605 
5.597 
5.590 
5.616 
5.609 
5.561 
5.550 
5.606 
5.596 
5.580 
5.568 
5.565 
5.611 
5.643 
5.604 
5.537 
5.563 
5.604 
5.536 
5.592 
5.567 
5.540 
5.544 
5.553 
5.600 
5.614 
5.549 
5.576 
5.606 
5.625 
5.606 
5.620 
5.640 
5.604 
5.554 
5.606 
5.603 
5.618 
5.591 
5.613 
5.577 
5.578 
5.612 
5.600 
5.581 
5.543 
5.568 
5.587 
5.494 
5.568 
5.554 
5.604 
5.571 
5.566 
5.563 
5.605 
5.550 
5.589 
5.516 
5.597 
5.570 
5.587 
5.598 
5.579 
5.602 
5.582 
5.590 
5.556 
5.579 
5.512 
5.538 
5.537 
5.543 
5.593 
5.563 
5.525 
5.574 
5.511 
5.506 
5.519 
5.547 
5.533 
5.560 
5.562 
5.556 
5.610 
5.547 
5.537 
5.547 
5.561 
5.544 
5.543 
5.541 
5.563 
5.541 
5.524 
5.544 
5.525 
5.539 
5.546 
5.592 
5.549 
5.558 
5.559 
5.531 
5.514 
5.589 
5.563 
5.566 
5.569 
5.555 
5.549 
5.559 
5.525 
5.572 
5.550 
5.595 
5.600 
5.570 
5.556 
5.538 
5.564 
5.500 
5.533 
5.554 
5.555 
5.483 
5.449 
5.521 
5.521 
5.550 
5.543 
5.582 
5.561 
5.553 
5.554 
5.534 
5.538 
5.537 
5.546 
5.548 
5.520 
5.559 
5.587 
5.564 
5.525 
5.515 
5.570 
5.553 
5.545 
5.526 
5.588 
5.572 
5.541 
5.532 
5.513 
5.578 
5.589 
5.575 
5.567 
5.586 
5.545 
5.550 
5.519 
5.580 
5.566 
5.545 
5.550 
5.524 
5.551 
5.557 
5.600 
5.572 
5.547 
5.538 
5.590 
5.564 
5.518 
5.532 
5.579 
5.546 
5.527 
5.510 
5.523 
