3.290 
3.311 
3.289 
3.353 
3.321 
3.305 
3.330 
3.299 
3.323 
3.275 
3.335 
3.297 
3.260 
3.279 
3.274 
3.332 
3.294 
3.300 
3.295 
3.324 
3.320 
3.281 
3.338 
3.298 
3.323 
3.304 
3.318 
3.310 
3.301 
3.313 
3.262 
3.300 
3.335 
3.325 
3.281 
3.318 
3.298 
3.327 
3.303 
3.335 
3.298 
3.329 
3.292 
3.316 
3.323 
3.339 
3.300 
3.289 
3.318 
3.270 
3.290 
3.281 
3.318 
3.306 
3.359 
3.324 
3.310 
3.261 
3.297 
3.298 
3.299 
3.303 
3.326 
3.320 
3.283 
3.326 
3.332 
3.317 
3.302 
3.318 
3.307 
3.310 
3.295 
3.333 
3.323 
3.306 
3.300 
3.315 
3.288 
3.295 
3.266 
3.304 
3.296 
3.298 
3.293 
3.321 
3.328 
3.308 
3.262 
3.296 
3.288 
3.301 
3.311 
3.311 
3.312 
3.301 
3.311 
3.330 
3.313 
3.304 
3.323 
3.309 
3.306 
3.324 
3.299 
3.308 
3.358 
3.318 
3.299 
3.291 
3.314 

3.320 
3.297 
3.308 
3.316 
3.312 
3.297 
3.317 
3.301 
3.288 
3.286 
3.303 
3.301 
3.303 
3.341 
3.306 
3.307 
3.306 
3.322 
3.292 
3.309 
3.319 
3.303 
3.330 
3.312 
3.297 
3.299 
3.323 
3.286 
3.315 
3.283 
3.315 
3.331 
3.288 
3.313 
3.309 
3.301 
3.305 
3.322 
3.304 
3.331 
3.314 
3.298 
3.349 
3.280 
3.263 
3.282 
3.324 
3.294 
3.299 
3.314 
3.278 
3.322 
3.288 
3.312 
3.298 
3.312 
3.285 
3.298 
3.302 
3.322 
3.290 
3.334 
3.270 
3.309 
3.293 
3.282 
3.279 
3.315 
3.317 
3.258 
3.322 
3.283 
3.291 
3.317 
3.314 
3.310 
3.301 
3.323 
3.305 
3.357 
3.328 
3.322 
3.310 
3.298 
3.295 
3.312 
3.330 
3.301 
3.325 
3.309 
3.317 
3.328 
3.302 
3.301 
3.318 
3.333 
3.291 
3.319 
3.323 
3.304 
3.302 
3.291 
3.325 
3.300 
3.301 
3.310 
3.311 
3.257 
3.280 
3.318 
3.298 
3.285 
3.298 
3.322 
3.289 
3.285 
3.329 
3.293 
3.327 
3.288 
3.334 
3.307 
3.292 
3.287 
3.310 
3.298 
3.324 
3.296 
3.301 
3.317 
3.290 
3.311 
3.318 
3.291 
3.301 
3.316 
3.310 
3.293 
3.324 
3.311 
3.315 
3.282 
3.334 
3.286 
3.328 
3.259 
3.315 
3.317 
3.329 
3.318 
3.310 
3.331 
3.315 
3.323 
3.295 
3.312 
3.328 
3.315 
3.322 
3.278 
3.320 
3.325 
3.305 
3.298 
3.279 
3.315 
3.296 
3.274 
3.321 
3.307 
3.315 
3.293 
3.283 
3.337 
3.327 
3.312 
3.293 
3.309 
3.328 
3.276 
3.292 
3.311 
3.297 
3.299 
3.311 
3.291 
3.314 
3.332 
3.338 
3.334 
3.306 
3.292 
3.304 
3.307 
3.333 
3.315 
3.301 
3.303 
3.297 
3.273 
3.301 
3.297 
3.307 
3.310 
3.279 
3.301 
3.303 
3.301 
3.318 
3.324 
3.294 
3.285 
3.292 
3.303 
3.309 
3.335 
3.327 
3.300 
3.338 
3.301 
3.309 
3.314 
3.298 
3.294 
3.290 
3.316 
3.291 
3.268 
3.265 
3.314 
3.287 
3.319 
3.293 
3.270 
3.317 
3.308 
3.334 
3.334 
3.269 
3.397 
3.292 
3.312 
3.316 
3.324 
3.301 
3.282 
3.288 
3.340 
3.292 
3.309 
3.303 
3.306 
3.330 
3.337 
3.293 
3.315 
3.318 
3.323 
3.310 
3.322 
3.327 
3.311 
3.317 
3.338 
3.300 
3.313 
3.300 
3.318 
3.300 
3.385 
3.322 
3.305 
3.317 
3.293 
3.380 
3.323 
3.321 
3.294 
3.404 
3.279 
3.344 
3.312 
3.292 
3.321 
3.288 
3.266 
3.308 
3.304 
3.297 
3.302 
3.316 
3.285 
3.288 
3.323 
3.292 
3.309 
3.300 
3.325 
3.297 
3.305 
3.299 
3.295 
3.345 
3.282 
3.305 
3.299 
3.310 
3.288 
3.301 
3.313 
3.326 
3.318 
3.329 
3.315 
3.305 
3.312 
3.295 
3.315 
3.272 
3.298 
3.326 
3.280 
3.288 
3.297 
3.305 
3.295 
3.305 
3.290 
3.345 
3.288 
3.289 
3.298 
3.326 
3.294 
3.303 
3.321 
3.302 
3.328 
3.299 
3.304 
3.305 
3.326 
3.320 
3.336 
3.290 
3.293 
3.281 
3.308 
3.360 
3.337 
3.311 
3.296 
3.305 
3.315 
3.307 
3.301 
3.290 
3.272 
3.271 
3.318 
3.316 
3.320 
3.303 
3.329 
3.299 
3.315 
3.280 
3.292 
3.314 
3.317 
3.293 
3.296 
3.284 
3.257 
3.318 
3.356 
3.288 
3.287 
3.319 
3.317 
3.324 
3.282 
3.276 
3.291 
3.316 
3.299 
3.310 
3.291 
3.299 
3.310 
3.320 
3.309 
3.335 
3.298 
3.303 
3.315 
3.295 
3.319 
3.374 
3.322 
3.331 
3.314 
3.296 
3.277 
3.304 
3.306 
3.284 
3.294 
3.294 
3.309 
3.375 
3.306 
3.306 
3.300 
3.307 
3.331 
3.323 
3.327 
3.312 
3.309 
3.301 
3.295 
3.276 
3.334 
3.290 
3.315 
3.320 
3.303 
3.298 
3.278 
3.297 
3.332 
3.318 
3.281 
3.289 
3.307 
3.326 
3.289 
3.306 
3.278 
3.297 
3.327 
3.286 
3.346 
3.307 
3.307 
3.318 
3.275 
3.344 
3.310 
3.302 
3.353 
3.309 
3.282 
3.316 
3.318 
3.310 
3.282 
3.315 
3.292 
3.293 
3.317 
3.330 
3.296 
3.296 
3.328 
3.309 
3.280 
3.309 
3.305 
3.316 
3.402 
3.262 
3.330 
3.347 
3.322 
3.280 
3.312 
3.310 
3.322 
3.278 
3.300 
3.317 
3.327 
3.312 
3.307 
3.335 
3.323 
3.328 
3.303 
3.292 
3.337 
3.299 
3.317 
3.294 
3.320 
3.302 
3.334 
3.291 
3.318 
3.307 
3.297 
3.274 
3.298 
3.323 
3.291 
3.314 
3.325 
3.293 
3.324 
3.310 
3.292 
3.296 
3.322 
3.310 
3.301 
3.296 
3.304 
3.289 
3.316 
3.289 
3.325 
3.309 
3.291 
3.293 
3.343 
3.310 
3.303 
3.307 
3.282 
3.331 
3.275 
3.269 
3.298 
3.298 
3.246 
3.313 
3.296 
3.291 
3.330 
3.278 
3.329 
3.318 
3.303 
3.350 
3.304 
3.305 
3.339 
3.292 
3.303 
3.304 
3.310 
3.314 
3.303 
3.280 
3.303 
3.302 
3.292 
3.331 
3.309 
3.307 
3.329 
3.294 
3.323 
3.312 
3.297 
3.327 
3.280 
3.307 
3.329 
3.330 
3.312 
3.269 
3.294 
3.314 
3.317 
3.284 
3.294 
3.286 
3.278 
3.299 
3.272 
3.318 
3.292 
3.297 
3.318 
3.301 
3.300 
3.324 
3.280 
3.322 
3.288 
3.317 
3.313 
3.301 
3.285 
3.294 
3.299 
3.333 
3.292 
3.289 
3.312 
3.283 
3.308 
3.300 
3.312 
3.297 
3.308 
3.294 
3.331 
3.320 
3.360 
3.290 
3.292 
3.321 
3.294 
3.322 
3.319 
3.316 
3.314 
3.304 
3.292 
3.313 
3.310 
3.298 
3.334 
3.307 
3.289 
3.284 
3.306 
3.305 
3.308 
3.327 
3.269 
3.302 
3.287 
3.287 
3.307 
3.308 
3.299 
3.278 
3.323 
3.311 
3.322 
3.316 
3.315 
3.315 
3.313 
3.300 
3.295 
3.323 
3.301 
3.307 
3.323 
3.308 
3.275 
3.323 
3.331 
3.313 
3.317 
3.298 
3.320 
3.308 
3.306 
3.284 
3.335 
3.324 
3.321 
3.306 
3.316 
3.293 
3.272 
3.301 
3.322 
3.343 
3.295 
3.317 
3.277 
3.293 
3.327 
3.299 
3.285 
3.261 
3.313 
3.285 
3.297 
3.303 
3.324 
3.308 
3.299 
3.326 
3.298 
3.326 
3.339 
3.306 
3.318 
3.312 
3.321 
3.297 
3.305 
3.314 
3.296 
3.309 
3.301 
3.313 
3.290 
3.292 
3.282 
3.271 
3.289 
3.315 
3.294 
3.321 
3.306 
3.297 
3.310 
3.281 
3.307 
3.299 
3.328 
3.299 
3.275 
3.293 
3.409 
3.352 
3.292 
3.336 
3.313 
3.282 
3.289 
3.319 
3.327 
3.306 
3.304 
3.301 
3.304 
3.329 
3.288 
3.305 
3.289 
3.321 
3.309 
3.288 
3.309 
3.333 
3.272 
3.321 
3.305 
3.305 
3.321 
3.316 
3.310 
3.331 
3.359 
3.302 
3.287 
3.307 
3.294 
3.321 
3.337 
3.316 
3.332 
3.297 
3.321 
3.281 
3.291 
3.291 
3.302 
3.297 
3.308 
3.307 
3.307 
3.325 
3.310 
3.294 
3.336 
3.319 
3.283 
3.326 
3.294 
3.308 
3.293 
3.310 
3.297 
3.287 
3.320 
3.322 
3.288 
3.386 
3.337 
3.295 
3.308 
3.291 
3.308 
3.332 
3.318 
3.305 
3.293 
3.299 
3.337 
3.290 
3.332 
3.311 
3.276 
3.287 
3.330 
3.298 
3.329 
3.287 
3.298 
3.264 
3.336 
3.296 
3.318 
3.307 
3.286 
3.295 
3.284 
3.294 
3.303 
3.311 
3.318 
3.303 
3.298 
3.278 
3.314 
3.343 
3.278 
3.310 
3.330 
3.305 
3.292 
3.319 
3.286 
3.306 
3.295 
3.303 
3.304 
3.293 
3.277 
3.316 
3.302 
3.287 
3.301 
3.316 
3.315 
3.325 
3.303 
3.284 
3.289 
3.287 
3.285 
3.324 
3.310 
3.297 
3.285 
3.294 
3.319 
3.277 
3.345 
3.327 
3.331 
3.321 
3.293 
3.319 
3.310 
3.285 
3.326 
3.287 
3.286 
3.291 
3.323 
3.310 
3.322 
3.331 
3.311 
3.280 
3.332 
3.313 
3.312 
3.308 
3.307 
3.291 
3.279 
3.333 
3.297 
3.316 
3.307 
3.296 
3.304 
3.404 
3.310 
3.317 
3.323 
3.300 
3.315 
3.282 
3.296 
3.306 
3.333 
3.288 
3.296 
3.392 
3.292 
3.330 
3.326 
3.283 
3.311 
3.309 
3.287 
3.302 
3.322 
3.305 
3.267 
3.394 
3.328 
3.307 
3.294 
3.325 
3.316 
3.299 
3.296 
3.336 
3.319 
3.327 
3.308 
3.308 
3.313 
3.320 
3.297 
3.319 
3.293 
3.284 
3.313 
3.282 
3.315 
3.311 
3.316 
3.304 
3.325 
3.323 
3.312 
3.286 
3.312 
3.296 
3.313 
3.300 
3.335 
3.331 
3.337 
3.397 
3.315 
3.289 
3.307 
3.342 
3.325 
3.299 
3.328 
3.312 
3.304 
3.312 
3.285 
3.308 
3.307 
3.324 
3.321 
3.323 
3.322 
3.320 
3.305 
3.310 
3.290 
3.337 
3.305 
3.307 
3.300 
3.303 
3.302 
3.271 
3.297 
3.283 
3.308 
3.316 
3.306 
3.277 
3.329 
3.301 
3.310 
3.293 
3.305 
3.313 
3.314 
3.331 
3.320 
3.393 
3.316 
3.274 
3.329 
3.292 
3.325 
3.297 
3.307 
3.291 
3.319 
3.300 
3.309 
3.336 
3.307 
3.334 
3.305 
3.305 
3.282 
3.316 
3.289 
3.322 
3.312 
3.315 
3.278 
3.277 
3.280 
3.321 
3.311 
3.287 
3.307 
3.303 
3.307 
3.302 
3.274 
3.297 
3.391 
3.280 
3.305 
3.290 
3.306 
3.321 
3.308 
3.301 
3.301 
3.315 
3.283 
3.288 
3.313 
3.316 
3.334 
3.290 
3.308 
3.324 
3.285 
3.290 
3.320 
3.325 
3.315 
3.300 
3.339 
3.306 
3.331 
3.304 
3.319 
3.308 
3.290 
3.295 
3.287 
3.346 
3.311 
3.297 
3.299 
3.288 
3.297 
3.303 
3.304 
3.301 
3.326 
3.305 
3.298 
3.333 
3.290 
3.320 
3.303 
3.300 
3.326 
3.329 
3.309 
3.335 
3.301 
3.291 
3.303 
3.326 
3.306 
3.316 
3.299 
3.326 
3.304 
3.288 
3.296 
3.331 
3.324 
3.297 
3.293 
3.324 
3.312 
3.324 
3.324 
3.302 
3.293 
3.324 
3.317 
3.354 
3.314 
3.313 
3.344 
3.317 
3.280 
3.310 
3.319 
3.330 
3.328 
3.315 
3.299 
3.301 
3.312 
3.345 
3.296 
3.286 
3.325 
3.309 
3.310 
3.321 
3.329 
3.332 
3.303 
3.295 
3.311 
3.307 
3.293 
3.306 
3.318 
3.328 
3.311 
3.320 
3.292 
3.283 
3.295 
3.318 
3.304 
3.305 
3.263 
3.319 
3.303 
3.279 
3.303 
3.270 
3.312 
3.274 
3.320 
3.273 
3.329 
3.299 
3.306 
3.322 
3.307 
3.298 
3.296 
3.315 
3.327 
3.303 
3.333 
3.289 
3.299 
3.294 
3.335 
3.402 
3.301 
3.329 
3.295 
3.297 
3.318 
3.290 
3.305 
3.273 
3.310 
3.314 
3.292 
3.312 
3.448 
3.314 
3.329 
3.337 
3.273 
3.294 
3.306 
3.330 
3.323 
3.340 
3.293 
3.273 
3.305 
3.304 
3.300 
3.301 
3.304 
3.313 
3.278 
3.405 
3.292 
3.310 
3.313 
3.330 
3.307 
3.337 
3.338 
3.260 
3.312 
3.322 
3.292 
3.297 
3.296 
3.299 
3.294 
3.302 
3.282 
3.345 
3.284 
3.315 
3.285 
3.306 
3.327 
3.292 
3.321 
3.332 
3.308 
3.321 
3.286 
3.319 
3.298 
3.289 
3.298 
3.326 
3.298 
3.299 
3.284 
3.287 
3.303 
3.319 
3.312 
3.322 
3.324 
3.324 
3.308 
3.295 
3.314 
3.324 
3.310 
3.286 
3.319 
3.294 
3.311 
3.291 
3.282 
3.321 
3.277 
3.285 
3.307 
3.306 
3.297 
3.261 
3.329 
3.316 
3.305 
3.344 
3.313 
3.300 
3.321 
3.327 
3.328 
3.296 
3.304 
3.332 
3.321 
3.298 
3.337 
3.299 
3.303 
3.324 
3.333 
3.312 
3.292 
3.297 
3.287 
3.286 
3.311 
3.295 
3.295 
3.300 
3.276 
3.309 
3.324 
3.280 
3.310 
3.336 
3.317 
3.328 
3.299 
3.291 
3.404 
3.292 
3.319 
3.301 
3.321 
3.340 
3.288 
3.320 
3.279 
3.338 
3.315 
3.332 
3.302 
3.293 
3.321 
3.322 
3.302 
3.317 
3.300 
3.301 
3.322 
3.300 
3.274 
3.291 
3.296 
3.287 
3.305 
3.322 
3.328 
3.297 
3.287 
3.327 
3.304 
3.287 
3.297 
3.323 
3.331 
3.289 
3.330 
3.323 
3.307 
3.326 
3.329 
3.293 
3.287 
3.307 
3.284 
3.313 
3.303 
3.294 
3.332 
3.312 
3.278 
3.257 
3.289 
3.321 
3.342 
3.315 
3.290 
3.283 
3.318 
3.299 
3.307 
3.324 
3.313 
3.291 
3.298 
3.321 
3.303 
3.293 
3.329 
3.286 
3.294 
3.311 
3.314 
3.329 
3.298 
3.305 
3.381 
3.307 
3.308 
3.330 
3.327 
3.320 
3.310 
3.292 
3.269 
3.327 
3.336 
3.308 
3.329 
3.305 
3.327 
3.316 
3.291 
3.304 
3.290 
3.306 
3.328 
3.301 
3.280 
3.319 
3.273 
3.287 
3.327 
3.302 
3.313 
3.303 
3.295 
3.306 
3.318 
3.289 
3.307 
3.338 
3.308 
3.320 
3.306 
3.302 
3.292 
3.306 
3.331 
3.325 
3.340 
3.294 
3.318 
3.318 
3.293 
3.329 
3.300 
3.317 
3.321 
3.291 
3.308 
3.300 
3.313 
3.319 
3.330 
3.332 
3.313 
3.335 
3.293 
3.311 
3.300 
3.308 
3.318 
3.320 
3.318 
3.318 
3.294 
3.287 
3.288 
3.374 
3.304 
3.282 
3.260 
3.340 
3.315 
3.451 
3.310 
3.323 
3.302 
3.315 
3.271 
3.323 
3.310 
3.314 
3.314 
3.293 
3.327 
3.323 
3.312 
3.301 
3.311 
3.302 
3.310 
3.301 
3.234 
3.294 
3.303 
3.301 
3.306 
3.305 
3.291 
3.315 
3.318 
3.289 
3.313 
3.294 
3.286 
3.300 
3.301 
3.337 
3.326 
3.312 
3.295 
3.290 
3.293 
3.326 
3.263 
3.320 
3.439 
3.339 
3.314 
3.354 
3.296 
3.294 
3.296 
3.275 
3.328 
3.331 
3.305 
3.298 
3.322 
3.273 
3.274 
3.300 
3.287 
3.308 
3.286 
3.292 
3.326 
3.284 
3.305 
3.320 
3.308 
3.325 
3.303 
3.299 
3.330 
3.304 
3.320 
3.304 
3.336 
3.303 
3.319 
3.316 
3.299 
3.304 
3.289 
3.294 
3.334 
3.275 
3.379 
3.297 
3.321 
3.292 
3.278 
3.298 
3.324 
3.297 
3.313 
3.290 
3.328 
3.304 
3.324 
3.328 
3.295 
3.285 
3.316 
3.297 
3.290 
3.312 
3.323 
3.266 
3.327 
3.328 
3.308 
3.310 
3.311 
3.303 
3.278 
3.315 
3.274 
3.324 
3.291 
3.290 
3.287 
3.302 
3.311 
3.302 
3.319 
3.301 
3.310 
3.284 
3.290 
3.334 
3.322 
3.319 
3.342 
3.314 
3.347 
3.321 
3.335 
3.320 
3.291 
3.278 
3.324 
3.336 
3.344 
3.313 
3.333 
3.319 
3.303 
3.309 
3.284 
3.285 
3.303 
3.308 
3.278 
3.305 
3.308 
3.287 
3.288 
3.266 
3.317 
3.311 
3.327 
3.321 
3.282 
3.316 
3.290 
3.323 
3.316 
3.303 
3.296 
3.313 
3.283 
3.324 
3.326 
3.308 
3.282 
3.300 
3.304 
3.305 
3.307 
3.349 
3.287 
3.294 
3.317 
3.287 
3.325 
3.298 
3.316 
3.320 
3.307 
3.301 
3.295 
3.304 
3.307 
3.304 
3.329 
3.306 
3.303 
3.303 
3.288 
3.316 
3.309 
3.299 
3.326 
3.286 
3.292 
3.318 
3.284 
3.304 
3.301 
3.316 
3.321 
3.307 
3.296 
3.301 
3.334 
3.266 
3.297 
3.303 
3.294 
3.313 
3.280 
3.300 
3.350 
3.292 
3.306 
3.318 
3.307 
3.310 
3.306 
3.281 
3.318 
3.324 
3.321 
3.303 
3.304 
3.314 
3.306 
3.316 
3.306 
3.282 
3.280 
3.286 
3.299 
3.309 
3.284 
3.290 
3.295 
3.290 
3.281 
3.416 
3.296 
3.324 
3.319 
3.332 
3.295 
3.328 
3.287 
3.271 
3.327 
3.323 
3.308 
3.309 
3.448 
3.290 
3.289 
3.277 
3.295 
3.318 
3.311 
3.333 
3.308 
3.298 
3.306 
3.347 
3.304 
3.303 
3.294 
3.319 
3.303 
3.325 
3.288 
3.321 
3.291 
3.342 
3.276 
3.300 
3.252 
3.312 
3.302 
3.307 
3.283 
3.329 
3.313 
3.302 
3.321 
3.312 
3.309 
3.274 
3.295 
3.329 
3.308 
3.298 
3.293 
3.313 
3.318 
3.316 
3.290 
3.303 
3.292 
3.283 
3.271 
3.298 
3.318 
3.327 
3.280 
3.314 
3.323 
3.310 
3.333 
3.324 
3.323 
3.319 
3.293 
3.328 
3.327 
3.313 
3.336 
3.267 
3.315 
3.300 
3.422 
3.291 
3.314 
3.325 
3.275 
3.311 
3.311 
3.304 
3.310 
3.285 
3.293 
3.314 
3.313 
3.296 
3.346 
3.318 
3.287 
3.427 
3.330 
3.299 
3.306 
3.312 
3.307 
3.302 
3.280 
3.309 
3.333 
3.306 
3.285 
3.271 
3.346 
3.301 
3.307 
3.328 
3.316 
3.288 
3.280 
3.290 
3.312 
3.255 
3.322 
3.328 
3.284 
3.381 
3.290 
3.317 
3.327 
3.291 
3.264 
3.294 
3.332 
3.337 
3.324 
3.314 
3.323 
3.308 
3.292 
3.309 
3.316 
3.264 
3.310 
3.288 
3.296 
3.294 
3.304 
3.328 
3.289 
3.279 
3.316 
3.326 
3.291 
3.331 
3.317 
3.298 
3.329 
3.318 
3.303 
3.326 
3.305 
3.326 
3.313 
3.283 
3.331 
3.272 
3.299 
3.309 
3.310 
3.295 
3.288 
3.273 
3.296 
3.298 
3.287 
3.308 
3.305 
3.278 
3.281 
3.315 
3.331 
3.303 
3.306 
3.299 
3.285 
3.305 
3.276 
3.260 
3.302 
3.329 
3.321 
3.307 
3.295 
3.325 
3.326 
3.315 
3.317 
3.327 
3.326 
3.300 
3.280 
3.332 
3.305 
3.328 
3.298 
3.301 
3.308 
3.308 
3.303 
3.272 
3.291 
3.293 
3.288 
3.279 
3.300 
3.294 
3.295 
3.282 
3.310 
3.309 
3.301 
3.254 
3.300 
3.260 
3.261 
3.292 
3.281 
3.282 
3.300 
3.299 
3.298 
3.306 
3.310 
3.307 
3.315 
3.319 
3.282 
3.301 
3.313 
3.311 
3.333 
3.290 
3.292 
3.330 
3.308 
3.280 
3.322 
3.297 
3.301 
3.316 
3.307 
3.273 
3.321 
3.300 
3.304 
3.298 
3.298 
3.287 
3.335 
3.341 
3.327 
3.277 
3.319 
3.264 
3.281 
3.327 
3.285 
3.330 
3.315 
3.303 
3.284 
3.309 
3.297 
3.323 
3.281 
3.305 
3.335 
3.290 
3.417 
3.277 
3.342 
3.306 
3.329 
3.312 
3.318 
3.267 
3.304 
3.328 
3.294 
3.316 
3.307 
3.347 
3.326 
3.323 
3.274 
3.277 
3.309 
3.301 
3.319 
3.306 
3.322 
3.340 
3.314 
3.287 
3.287 
3.313 
3.307 
3.291 
3.287 
3.290 
3.325 
3.320 
3.323 
3.350 
3.327 
3.320 
3.317 
3.316 
3.287 
3.310 
3.294 
3.329 
3.322 
3.300 
3.310 
3.329 
3.319 
3.301 
3.311 
3.328 
3.293 
3.304 
3.327 
3.314 
3.316 
3.316 
3.346 
3.300 
3.321 
3.320 
3.332 
3.273 
3.323 
3.282 
3.310 
3.299 
3.325 
3.325 
3.310 
3.293 
3.296 
3.301 
3.282 
3.299 
3.294 
3.323 
3.310 
3.320 
3.289 
3.301 
3.298 
3.299 
3.316 
3.292 
3.321 
3.277 
3.319 
3.340 
3.311 
3.291 
3.294 
3.322 
3.331 
3.285 
3.325 
3.316 
3.297 
3.302 
3.279 
3.333 
3.325 
3.303 
3.312 
3.305 
3.301 
3.301 
3.305 
3.306 
3.308 
3.313 
3.298 
3.304 
3.261 
3.321 
3.311 
3.305 
3.324 
3.314 
3.308 
3.317 
3.304 
3.292 
3.292 
3.301 
3.311 
3.299 
3.324 
3.301 
3.316 
3.296 
3.305 
3.305 
3.317 
3.311 
3.291 
3.302 
3.285 
3.294 
3.292 
3.294 
3.286 
3.319 
3.295 
3.297 
3.304 
3.301 
3.307 
3.311 
3.321 
3.325 
3.318 
3.312 
3.304 
3.322 
3.330 
3.305 
3.309 
3.315 
3.284 
3.307 
3.329 
3.276 
3.318 
3.310 
3.294 
3.293 
3.308 
3.319 
3.314 
3.266 
3.295 
3.300 
3.297 
3.292 
3.289 
3.298 
3.310 
3.293 
3.301 
3.315 
3.305 
3.304 
3.320 
3.321 
3.296 
3.290 
3.312 
3.314 
3.294 
3.301 
3.293 
3.292 
3.299 
3.329 
3.308 
3.286 
3.324 
3.306 
3.301 
3.336 
3.304 
3.322 
3.288 
3.258 
3.304 
3.297 
3.279 
3.290 
3.419 
3.301 
3.334 
3.320 
3.305 
3.288 
3.307 
3.325 
3.300 
3.307 
3.298 
3.301 
3.296 
3.326 
3.294 
3.261 
3.302 
3.317 
3.286 
3.280 
3.296 
3.313 
3.316 
3.279 
3.311 
3.289 
3.331 
3.303 
3.334 
3.330 
3.280 
3.310 
3.323 
3.308 
3.290 
3.322 
3.302 
3.314 
3.325 
3.313 
3.325 
3.292 
3.315 
3.288 
3.307 
3.299 
3.270 
3.306 
3.328 
3.312 
3.314 
3.269 
3.419 
3.273 
3.410 
3.300 
3.274 
3.287 
3.338 
3.315 
3.314 
3.333 
3.267 
3.312 
3.305 
3.319 
3.289 
3.318 
3.287 
3.282 
3.298 
3.282 
3.314 
3.308 
3.256 
3.332 
3.302 
3.312 
3.316 
3.260 
3.318 
3.300 
3.312 
3.321 
3.296 
3.318 
3.293 
3.298 
3.377 
3.308 
3.296 
3.342 
3.326 
3.368 
3.309 
3.309 
3.300 
3.312 
3.292 
3.316 
3.288 
3.347 
3.281 
3.291 
3.332 
3.280 
3.328 
3.303 
3.319 
3.288 
3.299 
3.331 
3.312 
3.276 
3.306 
3.306 
3.336 
3.307 
3.315 
3.299 
3.319 
3.259 
3.288 
3.325 
3.300 
3.315 
3.295 
3.320 
3.454 
3.301 
3.307 
3.327 
3.323 
3.310 
3.294 
3.306 
3.316 
3.304 
3.278 
3.284 
3.322 
3.297 
3.305 
3.304 
3.299 
3.326 
3.301 
3.305 
3.291 
3.406 
3.277 
3.286 
3.321 
3.277 
3.379 
3.319 
3.330 
3.308 
3.334 
3.303 
3.273 
3.322 
3.334 
3.297 
3.298 
3.297 
3.316 
3.273 
3.270 
3.293 
3.320 
3.330 
3.296 
3.295 
3.308 
3.284 
3.287 
3.303 
3.449 
3.310 
3.298 
3.334 
3.292 
3.320 
3.296 
3.295 
3.315 
3.310 
3.331 
3.315 
3.316 
3.286 
3.305 
3.310 
3.297 
3.300 
3.296 
3.257 
3.317 
3.320 
3.284 
3.305 
3.317 
3.277 
3.311 
3.314 
3.292 
3.303 
3.296 
3.320 
3.328 
3.288 
3.306 
3.285 
3.311 
3.308 
3.329 
3.281 
3.299 
3.294 
3.291 
3.331 
3.305 
3.362 
3.324 
3.309 
3.293 
3.319 
3.320 
3.309 
3.306 
3.318 
3.301 
3.291 
3.309 
3.298 
3.325 
3.309 
3.307 
3.318 
3.284 
3.298 
3.284 
3.302 
3.326 
3.404 
3.294 
3.282 
3.306 
3.328 
3.321 
3.312 
3.303 
3.282 
3.307 
3.318 
3.294 
3.319 
3.302 
3.337 
3.325 
3.266 
3.292 
3.316 
3.307 
3.324 
3.333 
3.282 
3.296 
3.316 
3.301 
3.278 
3.304 
3.298 
3.326 
3.323 
3.285 
3.308 
3.290 
3.305 
3.325 
3.327 
3.335 
3.315 
3.306 
3.289 
3.305 
3.437 
3.311 
3.292 
3.350 
3.311 
3.298 
3.315 
3.325 
3.306 
3.297 
3.303 
3.327 
3.323 
3.284 
3.334 
3.332 
3.314 
3.301 
3.301 
3.308 
3.313 
3.315 
3.306 
3.271 
3.311 
3.315 
3.269 
3.291 
3.286 
3.294 
3.294 
3.301 
3.322 
3.315 
3.298 
3.307 
3.305 
3.279 
3.401 
3.298 
3.328 
3.320 
3.298 
3.304 
3.327 
3.294 
3.287 
3.301 
3.322 
3.300 
3.299 
3.306 
3.309 
3.290 
3.303 
3.306 
3.302 
3.308 
3.325 
3.289 
3.305 
3.322 
3.288 
3.307 
3.310 
3.318 
3.287 
3.332 
3.295 
3.282 
3.337 
3.293 
3.326 
3.320 
3.325 
3.291 
3.286 
3.295 
3.326 
3.266 
3.303 
3.288 
3.288 
3.275 
3.266 
3.292 
3.313 
3.295 
3.311 
3.317 
3.309 
3.289 
3.294 
3.303 
3.284 
3.331 
3.289 
3.271 
3.296 
3.302 
3.300 
3.302 
3.296 
3.272 
3.309 
3.314 
3.300 
3.270 
3.282 
3.327 
3.270 
3.284 
3.288 
3.301 
3.297 
3.295 
3.284 
3.325 
3.351 
3.305 
3.265 
3.290 
3.309 
3.308 
3.298 
3.319 
3.305 
3.318 
3.326 
3.307 
3.324 
3.299 
3.306 
3.293 
3.323 
3.334 
3.293 
3.291 
3.319 
3.298 
3.314 
3.314 
3.301 
3.298 
3.285 
3.323 
3.309 
3.314 
3.337 
3.309 
3.311 
3.289 
3.297 
3.292 
3.301 
3.323 
3.290 
3.320 
3.295 
3.309 
3.321 
3.303 
3.304 
3.301 
3.306 
3.307 
3.303 
3.262 
3.309 
3.278 
3.340 
3.308 
3.324 
3.309 
3.299 
3.325 
3.282 
3.317 
3.312 
3.316 
3.310 
3.427 
3.315 
3.314 
3.302 
3.293 
3.312 
3.287 
3.330 
3.313 
3.303 
3.287 
3.306 
3.333 
3.304 
3.290 
3.325 
3.310 
3.365 
3.304 
3.308 
3.303 
3.303 
3.306 
3.351 
3.302 
3.297 
3.301 
3.297 
3.306 
3.278 
3.320 
3.301 
3.284 
3.280 
3.294 
3.252 
3.283 
3.298 
3.280 
3.310 
3.402 
3.303 
3.325 
3.262 
3.299 
3.282 
3.312 
3.283 
3.316 
3.305 
3.296 
3.308 
3.301 
3.300 
3.255 
3.309 
3.325 
3.279 
3.405 
3.295 
3.412 
3.336 
3.309 
3.339 
3.313 
3.281 
3.322 
3.320 
3.312 
3.400 
3.291 
3.304 
3.300 
3.343 
3.281 
3.307 
3.317 
3.319 
3.269 
3.331 
3.316 
3.336 
3.319 
3.302 
3.314 
3.308 
3.329 
3.298 
3.291 
3.275 
3.314 
3.311 
3.315 
3.322 
3.339 
3.295 
3.288 
3.319 
3.320 
3.325 
3.309 
3.313 
3.301 
3.316 
3.302 
3.290 
3.339 
3.303 
3.306 
3.315 
3.296 
3.301 
3.328 
3.291 
3.305 
3.300 
3.296 
3.326 
3.304 
3.309 
3.308 
3.295 
3.321 
3.304 
3.355 
3.326 
3.283 
3.346 
3.286 
3.317 
3.262 
3.296 
3.291 
3.346 
3.332 
3.261 
3.291 
3.361 
3.296 
3.316 
3.307 
3.316 
3.271 
3.303 
3.309 
3.314 
3.331 
3.291 
3.389 
3.306 
3.305 
3.314 
3.310 
3.327 
3.314 
3.350 
3.293 
3.308 
3.355 
3.292 
3.294 
3.323 
3.296 
3.321 
3.393 
3.315 
3.292 
3.308 
3.304 
3.291 
3.325 
3.278 
3.297 
3.297 
3.319 
3.294 
3.313 
3.304 
3.331 
3.327 
3.294 
3.314 
3.312 
3.303 
3.318 
3.301 
3.324 
3.290 
3.314 
3.305 
3.292 
3.290 
3.310 
3.267 
3.317 
3.274 
3.301 
3.300 
3.299 
3.304 
3.283 
3.302 
3.268 
3.292 
3.272 
3.296 
3.305 
3.318 
3.311 
3.311 
3.304 
3.335 
3.294 
3.318 
3.282 
3.313 
3.305 
3.305 
3.311 
3.293 
3.326 
3.286 
3.299 
3.320 
3.276 
3.281 
3.282 
3.300 
3.334 
3.293 
3.327 
3.280 
3.301 
3.310 
3.312 
3.298 
3.306 
3.316 
3.307 
3.300 
3.307 
3.334 
3.282 
3.316 
3.286 
3.305 
3.301 
3.312 
3.323 
3.297 
3.327 
3.281 
3.326 
3.316 
3.308 
3.301 
3.283 
3.343 
3.298 
3.310 
3.282 
3.299 
3.300 
3.305 
3.306 
3.289 
3.275 
3.295 
3.315 
3.291 
3.281 
3.251 
3.316 
3.319 
3.304 
3.317 
3.302 
3.307 
3.305 
3.450 
3.292 
3.307 
3.325 
3.326 
3.319 
3.305 
3.302 
3.318 
3.323 
3.263 
3.284 
3.283 
3.311 
3.299 
3.296 
3.321 
3.296 
3.299 
3.327 
3.282 
3.335 
3.321 
3.324 
3.295 
3.320 
3.313 
3.327 
3.330 
3.276 
3.302 
3.290 
3.289 
3.300 
3.331 
3.313 
3.287 
3.298 
3.298 
3.319 
3.297 
3.317 
3.309 
3.309 
3.297 
3.300 
3.331 
3.328 
3.402 
3.278 
3.291 
3.310 
3.304 
3.316 
3.263 
3.320 
3.363 
3.297 
3.292 
3.394 
3.279 
3.307 
3.292 
3.310 
3.277 
3.280 
3.294 
3.292 
3.305 
3.316 
3.310 
3.278 
3.271 
3.285 
3.332 
3.296 
3.309 
3.318 
3.278 
3.318 
3.314 
3.337 
3.313 
3.322 
3.331 
3.289 
3.289 
3.302 
3.294 
3.290 
3.321 
3.290 
3.295 
3.301 
3.297 
3.315 
3.280 
3.323 
3.303 
3.284 
3.321 
3.302 
3.278 
3.333 
3.308 
3.296 
3.311 
3.269 
3.328 
3.332 
3.290 
3.313 
3.254 
3.314 
3.310 
3.307 
3.326 
3.286 
3.318 
3.316 
3.316 
3.299 
3.303 
3.320 
3.303 
3.295 
3.317 
3.283 
3.318 
3.311 
3.304 
3.288 
3.323 
3.311 
3.284 
3.327 
3.287 
3.291 
3.320 
3.318 
3.321 
3.319 
3.280 
3.303 
3.319 
3.339 
3.287 
3.293 
3.288 
3.327 
3.287 
3.273 
3.292 
3.304 
3.300 
3.301 
3.306 
3.262 
3.288 
3.295 
3.285 
3.323 
3.330 
3.305 
3.305 
3.290 
3.274 
3.327 
3.284 
3.271 
3.303 
3.291 
3.324 
3.299 
3.307 
3.390 
3.315 
3.315 
3.288 
3.292 
3.292 
3.321 
3.303 
3.295 
3.310 
3.328 
3.293 
3.301 
3.305 
3.300 
3.289 
3.306 
3.306 
3.298 
3.294 
3.318 
3.311 
3.317 
3.310 
3.304 
3.296 
3.299 
3.348 
3.287 
3.321 
3.302 
3.289 
3.320 
3.309 
3.316 
3.281 
3.312 
3.307 
3.310 
3.315 
3.319 
3.324 
3.300 
3.324 
3.323 
3.290 
3.305 
3.310 
3.299 
3.316 
3.287 
3.289 
3.308 
3.313 
3.259 
3.308 
3.305 
3.286 
3.320 
3.289 
3.315 
3.300 
3.313 
3.308 
3.316 
3.300 
3.292 
3.318 
3.308 
3.293 
3.305 
3.285 
3.294 
3.456 
3.309 
3.309 
3.285 
3.294 
3.297 
3.304 
3.315 
3.307 
3.326 
3.273 
3.316 
3.312 
3.309 
3.310 
3.312 
3.339 
3.332 
3.275 
3.310 
3.310 
3.311 
3.314 
3.302 
3.290 
3.296 
3.271 
3.309 
3.307 
3.340 
3.291 
3.341 
3.275 
3.302 
3.308 
3.293 
3.319 
3.298 
3.294 
3.318 
3.302 
3.307 
3.315 
3.310 
3.325 
3.290 
3.280 
3.316 
3.301 
3.315 
3.292 
3.284 
3.307 
3.303 
3.268 
3.304 
3.285 
3.320 
3.308 
3.265 
3.296 
3.305 
3.316 
3.315 
3.290 
3.322 
3.306 
3.284 
3.307 
3.293 
3.305 
3.315 
3.288 
3.299 
3.308 
3.273 
3.284 
3.303 
3.329 
3.295 
3.336 
3.302 
3.298 
3.314 
3.332 
3.305 
3.301 
3.316 
3.309 
3.330 
3.326 
3.316 
3.290 
3.319 
3.297 
3.306 
3.314 
3.278 
3.315 
3.304 
3.317 
3.333 
3.309 
3.307 
3.259 
3.311 
3.297 
3.305 
3.305 
3.274 
3.286 
3.299 
3.341 
3.317 
3.325 
3.296 
3.291 
3.280 
3.293 
3.300 
3.290 
3.309 
3.301 
3.290 
3.312 
3.316 
3.307 
3.299 
3.268 
3.314 
3.307 
3.307 
3.303 
3.296 
3.312 
3.341 
3.319 
3.308 
3.299 
3.297 
3.314 
3.305 
3.326 
3.315 
3.298 
3.306 
3.300 
3.339 
3.294 
3.300 
3.297 
3.335 
3.288 
3.286 
3.318 
3.310 
3.331 
3.312 
3.305 
3.289 
3.285 
3.299 
3.294 
3.331 
3.308 
3.306 
3.316 
3.318 
3.322 
3.299 
3.301 
3.319 
3.316 
3.298 
3.299 
3.301 
3.292 
3.303 
3.300 
3.294 
3.323 
3.287 
3.280 
3.309 
3.318 
3.301 
3.278 
3.302 
3.312 
3.299 
3.314 
3.292 
3.319 
3.318 
3.306 
3.310 
3.344 
3.305 
3.296 
3.317 
3.322 
3.287 
3.272 
3.314 
3.308 
3.320 
3.284 
3.349 
3.324 
3.326 
3.314 
3.331 
3.326 
3.295 
3.314 
3.304 
3.299 
3.291 
3.291 
3.299 
3.281 
3.293 
3.331 
3.316 
3.299 
3.326 
3.301 
3.295 
3.350 
3.288 
3.300 
3.315 
3.309 
3.338 
3.287 
3.317 
3.314 
3.308 
3.285 
3.297 
3.311 
3.293 
3.310 
3.287 
3.310 
3.279 
3.325 
3.294 
3.303 
3.300 
3.304 
3.308 
3.294 
3.286 
3.380 
3.303 
3.312 
3.279 
3.303 
3.274 
3.262 
3.298 
3.324 
3.266 
3.300 
3.306 
3.294 
3.324 
3.305 
3.274 
3.339 
3.286 
3.305 
3.293 
3.318 
3.325 
3.309 
3.299 
3.291 
3.309 
3.315 
3.311 
3.289 
3.294 
3.326 
3.307 
3.286 
3.291 
3.239 
3.277 
3.294 
3.294 
3.285 
3.322 
3.307 
3.319 
3.287 
3.303 
3.316 
3.288 
3.305 
3.336 
3.303 
3.302 
3.292 
3.318 
3.266 
3.293 
3.295 
3.262 
3.313 
3.301 
3.283 
3.438 
3.307 
3.301 
3.303 
3.305 
3.264 
3.304 
3.283 
3.280 
3.290 
3.375 
3.324 
3.311 
3.315 
3.300 
3.311 
3.308 
3.332 
3.312 
3.277 
3.300 
3.302 
3.308 
3.296 
3.298 
3.288 
3.315 
3.309 
3.299 
3.282 
3.285 
3.346 
3.301 
3.289 
3.287 
3.363 
3.320 
3.312 
3.301 
3.316 
3.295 
3.325 
3.310 
3.297 
3.291 
3.335 
3.292 
3.301 
3.316 
3.308 
3.297 
3.294 
3.306 
3.284 
3.310 
3.309 
3.329 
3.321 
3.313 
3.294 
3.311 
3.311 
3.292 
3.316 
3.295 
3.286 
3.311 
3.323 
3.313 
3.325 
3.289 
3.327 
3.316 
3.274 
3.296 
3.336 
3.302 
3.304 
3.300 
3.274 
3.296 
3.299 
3.313 
3.315 
3.278 
3.289 
3.309 
3.306 
3.342 
3.308 
3.310 
3.276 
3.295 
3.278 
3.324 
3.313 
3.287 
3.295 
3.299 
3.283 
3.315 
3.296 
3.288 
3.272 
3.308 
3.292 
3.323 
3.295 
3.364 
3.325 
3.319 
3.289 
3.313 
3.298 
3.280 
3.295 
3.243 
3.270 
3.299 
3.303 
3.343 
3.307 
3.312 
3.309 
3.292 
3.330 
3.322 
3.290 
3.286 
3.303 
3.303 
3.313 
3.316 
3.297 
3.276 
3.312 
3.325 
3.277 
3.283 
3.309 
3.296 
3.308 
3.280 
3.300 
3.285 
3.290 
3.327 
3.295 
3.313 
3.324 
3.325 
3.299 
3.328 
3.318 
3.311 
3.284 
3.287 
3.292 
3.323 
3.287 
3.303 
3.288 
3.320 
3.309 
3.296 
3.322 
3.330 
3.293 
3.297 
3.293 
3.293 
3.297 
3.275 
3.327 
3.305 
3.307 
3.304 
3.323 
3.304 
3.280 
3.276 
3.281 
3.310 
3.350 
3.288 
3.304 
3.308 
3.283 
3.296 
3.305 
3.307 
3.316 
3.326 
3.289 
3.274 
3.295 
3.307 
3.291 
3.309 
3.305 
3.298 
3.310 
3.283 
3.324 
3.295 
3.396 
3.317 
3.331 
3.300 
3.301 
3.279 
3.300 
3.292 
3.299 
3.296 
3.293 
3.316 
3.296 
3.324 
3.301 
3.308 
3.261 
3.389 
3.307 
3.283 
3.312 
3.271 
3.296 
3.297 
3.287 
3.306 
3.323 
3.279 
3.297 
3.326 
3.318 
3.288 
3.274 
3.293 
3.317 
3.298 
3.309 
3.298 
3.292 
3.337 
3.285 
3.291 
3.316 
3.296 
3.295 
3.321 
3.332 
3.296 
3.282 
3.282 
3.353 
3.293 
3.330 
3.296 
3.316 
3.284 
3.304 
3.317 
3.317 
3.303 
3.292 
3.306 
3.335 
3.289 
3.305 
3.291 
3.278 
3.324 
3.294 
3.324 
3.295 
3.312 
3.305 
3.320 
3.296 
3.320 
3.318 
3.313 
3.338 
3.291 
3.324 
3.304 
3.303 
3.287 
3.310 
3.336 
3.268 
3.405 
3.277 
3.302 
3.312 
3.316 
3.309 
3.325 
3.320 
3.323 
3.305 
3.288 
3.319 
3.412 
3.284 
3.312 
3.326 
3.273 
3.305 
3.278 
3.295 
3.320 
3.287 
3.264 
3.307 
3.320 
3.324 
3.323 
3.297 
3.300 
3.296 
3.269 
3.322 
3.327 
3.322 
3.332 
3.311 
3.326 
3.320 
3.289 
3.286 
3.288 
3.306 
3.303 
3.287 
3.280 
3.320 
3.316 
3.309 
3.291 
3.307 
3.292 
3.299 
3.300 
3.313 
3.300 
3.287 
3.309 
3.291 
3.310 
3.320 
3.292 
3.322 
3.304 
3.316 
3.307 
3.283 
3.314 
3.303 
3.311 
3.305 
3.290 
3.292 
3.300 
3.312 
3.289 
3.304 
3.311 
3.403 
3.286 
3.284 
3.307 
3.317 
3.282 
3.282 
3.329 
3.304 
3.300 
3.295 
3.316 
3.307 
3.317 
3.317 
3.309 
3.311 
3.279 
3.330 
3.319 
3.300 
3.313 
3.273 
3.301 
3.298 
3.309 
3.307 
3.316 
3.335 
3.320 
3.309 
3.306 
3.309 
3.311 
3.300 
3.273 
3.296 
3.317 
3.318 
3.316 
3.316 
3.304 
3.284 
3.292 
3.308 
3.299 
3.407 
3.312 
3.309 
3.316 
3.318 
3.311 
3.300 
3.307 
3.394 
3.310 
3.314 
3.328 
3.283 
3.287 
3.303 
3.308 
3.309 
3.302 
3.292 
3.338 
3.289 
3.295 
3.306 
3.310 
3.271 
3.301 
3.310 
3.291 
3.292 
3.288 
3.321 
3.300 
3.280 
3.309 
3.314 
3.260 
3.295 
3.316 
3.321 
3.316 
3.339 
3.274 
3.285 
3.287 
3.306 
3.302 
3.287 
3.305 
3.294 
3.308 
3.312 
3.290 
3.290 
3.284 
3.321 
3.319 
3.304 
3.355 
3.321 
3.315 
3.308 
3.321 
3.285 
3.330 
3.283 
3.293 
3.319 
3.331 
3.287 
3.323 
3.287 
3.336 
3.288 
3.304 
3.314 
3.291 
3.316 
3.311 
3.292 
3.318 
3.251 
3.295 
3.311 
3.309 
3.328 
3.301 
3.317 
3.313 
3.311 
3.297 
3.258 
3.303 
3.307 
3.299 
3.288 
3.312 
3.311 
3.307 
3.318 
3.301 
3.282 
3.278 
3.278 
3.287 
3.323 
3.276 
3.314 
3.308 
3.283 
3.290 
3.303 
3.300 
3.305 
3.286 
3.316 
3.300 
3.320 
3.317 
3.312 
3.329 
3.350 
3.296 
3.308 
3.314 
3.289 
3.303 
3.288 
3.332 
3.285 
3.306 
3.287 
3.329 
3.323 
3.329 
3.314 
3.324 
3.295 
3.311 
3.331 
3.283 
3.294 
3.313 
3.318 
3.280 
3.337 
3.300 
3.329 
3.281 
3.324 
3.322 
3.324 
3.317 
3.318 
3.310 
3.304 
3.291 
3.297 
3.299 
3.284 
3.297 
3.328 
3.357 
3.300 
3.286 
3.333 
3.276 
3.287 
3.312 
3.300 
3.324 
3.323 
3.336 
3.298 
3.297 
3.294 
3.299 
3.308 
3.330 
3.315 
3.332 
3.311 
3.339 
3.317 
3.305 
3.272 
3.314 
3.279 
3.313 
3.306 
3.301 
3.319 
3.313 
3.284 
3.319 
3.316 
3.279 
3.306 
3.318 
3.336 
3.294 
3.295 
3.309 
3.335 
3.279 
3.279 
3.303 
3.445 
3.290 
3.296 
3.311 
3.316 
3.317 
3.300 
3.317 
3.323 
3.317 
3.327 
3.261 
3.302 
3.295 
3.308 
3.328 
3.297 
3.309 
3.320 
3.293 
3.330 
3.289 
3.308 
3.293 
3.295 
3.322 
3.306 
3.354 
3.303 
3.313 
3.313 
3.309 
3.280 
3.311 
3.306 
3.294 
3.270 
3.330 
3.286 
3.261 
3.304 
3.251 
3.314 
3.284 
3.303 
3.270 
3.306 
3.330 
3.310 
3.326 
3.316 
3.311 
3.306 
3.298 
3.285 
3.281 
3.322 
3.319 
3.315 
3.315 
3.310 
3.292 
3.297 
3.307 
3.304 
3.292 
3.344 
3.278 
3.274 
3.331 
3.338 
3.309 
3.300 
3.284 
3.328 
3.332 
3.321 
3.280 
3.292 
3.319 
3.308 
3.327 
3.329 
3.307 
3.304 
3.304 
3.273 
3.291 
3.326 
3.320 
3.309 
3.281 
3.278 
3.312 
3.292 
3.317 
3.291 
3.309 
3.293 
3.285 
3.309 
3.310 
3.279 
3.306 
3.427 
3.306 
3.283 
3.284 
3.290 
3.308 
3.307 
3.299 
3.313 
3.293 
3.320 
3.310 
3.300 
3.309 
3.295 
3.296 
3.298 
3.323 
3.335 
3.290 
3.291 
3.291 
3.303 
3.319 
3.311 
3.294 
3.300 
3.318 
3.291 
3.273 
3.330 
3.339 
3.289 
3.285 
3.332 
3.290 
3.319 
3.307 
3.298 
3.310 
3.274 
3.328 
3.407 
3.321 
3.283 
3.315 
3.314 
3.277 
3.305 
3.314 
3.314 
3.290 
3.319 
3.305 
3.322 
3.307 
3.302 
3.302 
3.314 
3.303 
3.337 
3.325 
3.306 
3.298 
3.297 
3.306 
3.323 
3.309 
3.412 
3.294 
3.351 
3.285 
3.281 
3.303 
3.278 
3.299 
3.325 
3.306 
3.285 
3.294 
3.375 
3.288 
3.293 
3.318 
3.290 
3.279 
3.300 
3.313 
3.274 
3.336 
3.267 
3.326 
3.298 
3.296 
3.287 
3.305 
3.329 
3.322 
3.310 
3.317 
3.292 
3.277 
3.272 
3.263 
3.307 
3.320 
3.278 
3.303 
3.309 
3.323 
3.321 
3.285 
3.311 
3.314 
3.262 
3.363 
3.306 
3.283 
3.309 
3.315 
3.286 
3.287 
3.323 
3.330 
3.312 
3.296 
3.306 
3.327 
3.290 
3.289 
3.288 
3.284 
3.316 
3.295 
3.300 
3.307 
3.280 
3.291 
3.294 
3.303 
3.318 
3.332 
3.318 
3.308 
3.318 
3.295 
3.334 
3.304 
3.300 
3.280 
3.313 
3.288 
3.321 
3.313 
3.305 
3.291 
3.287 
3.294 
3.306 
3.293 
3.299 
3.294 
3.292 
3.311 
3.295 
3.298 
3.281 
3.314 
3.266 
3.317 
3.279 
3.324 
3.310 
3.313 
3.302 
3.291 
3.297 
3.320 
3.330 
3.289 
3.282 
3.300 
3.261 
3.286 
3.312 
3.298 
3.319 
3.297 
3.289 
3.297 
3.297 
3.309 
3.299 
3.303 
3.280 
3.312 
3.281 
3.280 
3.305 
3.315 
3.291 
3.267 
3.323 
3.286 
3.289 
3.276 
3.298 
3.300 
3.323 
3.268 
3.309 
3.281 
3.267 
3.315 
3.308 
3.316 
3.301 
3.298 
3.285 
3.277 
3.308 
3.314 
3.298 
3.300 
3.287 
3.328 
3.301 
3.322 
3.297 
3.325 
3.323 
3.309 
3.290 
3.292 
3.336 
3.344 
3.344 
3.297 
3.291 
3.279 
3.310 
3.324 
3.272 
3.309 
3.307 
3.327 
3.417 
3.316 
3.334 
3.299 
3.307 
3.325 
3.298 
3.304 
3.335 
3.319 
3.320 
3.312 
3.311 
3.315 
3.331 
3.422 
3.321 
3.305 
3.299 
3.288 
3.281 
3.313 
3.284 
3.285 
3.319 
3.285 
3.287 
3.294 
3.332 
3.304 
3.304 
3.297 
3.302 
3.298 
3.292 
3.302 
3.262 
3.294 
3.318 
3.313 
3.284 
3.335 
3.276 
3.315 
3.319 
3.292 
3.337 
3.309 
3.301 
3.299 
3.319 
3.294 
3.314 
3.307 
3.285 
3.336 
3.304 
3.282 
3.323 
3.322 
3.278 
3.323 
3.308 
3.313 
3.304 
3.272 
3.310 
3.320 
3.335 
3.322 
3.395 
3.286 
3.317 
3.329 
3.306 
3.297 
3.295 
3.265 
3.289 
3.317 
3.315 
3.288 
3.302 
3.329 
3.311 
3.313 
3.349 
3.308 
3.308 
3.302 
3.307 
3.312 
3.303 
3.256 
3.330 
3.309 
3.336 
3.320 
3.281 
3.313 
3.295 
3.331 
3.308 
3.311 
3.309 
3.279 
3.277 
3.307 
3.281 
3.299 
3.307 
3.309 
3.326 
3.294 
3.307 
3.333 
3.318 
3.319 
3.325 
3.296 
3.318 
3.319 
3.292 
3.276 
3.304 
3.281 
3.302 
3.271 
3.291 
3.319 
3.282 
3.318 
3.305 
3.317 
3.313 
3.315 
3.284 
3.289 
3.342 
3.329 
3.319 
3.308 
3.275 
3.262 
3.319 
3.293 
3.278 
3.281 
3.279 
3.324 
3.293 
3.316 
3.302 
3.324 
3.281 
3.273 
3.324 
3.299 
3.332 
3.292 
3.279 
3.318 
3.316 
3.307 
3.319 
3.315 
3.313 
3.297 
3.322 
3.297 
3.301 
3.271 
3.345 
3.294 
3.284 
3.278 
3.279 
3.305 
3.356 
3.329 
3.313 
3.384 
3.301 
3.318 
3.282 
3.323 
3.341 
3.325 
3.320 
3.268 
3.323 
3.310 
3.315 
3.310 
3.316 
3.314 
3.304 
3.288 
3.318 
3.308 
3.319 
3.288 
3.315 
3.339 
3.322 
3.275 
3.335 
3.316 
3.291 
3.268 
3.290 
3.322 
3.347 
3.291 
3.310 
3.344 
3.322 
3.301 
3.309 
3.373 
3.286 
3.303 
3.328 
3.321 
3.291 
3.300 
3.313 
3.313 
3.318 
3.290 
3.272 
3.283 
3.304 
3.305 
3.281 
3.315 
3.274 
3.291 
3.293 
3.294 
3.336 
3.289 
3.318 
3.316 
3.306 
3.282 
3.322 
3.326 
3.333 
3.271 
3.316 
3.332 
3.314 
3.301 
3.325 
3.303 
3.292 
3.275 
3.289 
3.296 
3.309 
3.291 
3.304 
3.308 
3.292 
3.319 
3.320 
3.328 
3.292 
3.310 
3.311 
3.304 
3.269 
3.278 
3.295 
3.300 
3.303 
3.309 
3.295 
3.286 
3.311 
3.307 
3.299 
3.298 
3.294 
3.294 
3.304 
3.305 
3.303 
3.286 
3.322 
3.306 
3.299 
3.296 
3.318 
3.300 
3.303 
3.319 
3.278 
3.307 
3.321 
3.289 
3.299 
3.307 
3.315 
3.313 
3.300 
3.305 
3.305 
3.311 
3.300 
3.298 
3.292 
3.339 
3.311 
3.301 
3.316 
3.284 
3.288 
3.270 
3.270 
3.287 
3.297 
3.306 
3.298 
3.325 
3.331 
3.320 
3.293 
3.315 
3.285 
3.300 
3.298 
3.294 
3.321 
3.306 
3.310 
3.321 
3.346 
3.302 
3.307 
3.308 
3.313 
3.300 
3.341 
3.285 
3.341 
3.303 
3.329 
3.327 
3.321 
3.333 
3.299 
3.308 
3.292 
3.319 
3.296 
3.295 
3.297 
3.320 
3.336 
3.312 
3.302 
3.293 
3.306 
3.424 
3.293 
3.308 
3.311 
3.309 
3.298 
3.304 
3.284 
3.282 
3.286 
3.309 
3.329 
3.295 
3.295 
3.288 
3.294 
3.299 
3.304 
3.441 
3.322 
3.307 
3.291 
3.298 
3.343 
3.422 
3.272 
3.321 
3.302 
3.319 
3.304 
3.300 
3.279 
3.304 
3.272 
3.297 
3.291 
3.300 
3.298 
3.318 
3.322 
3.287 
3.303 
3.296 
3.305 
3.293 
3.293 
3.294 
3.336 
3.316 
3.264 
3.306 
3.305 
3.321 
3.301 
3.293 
3.309 
3.322 
3.308 
3.300 
3.298 
3.290 
3.303 
3.287 
3.274 
3.309 
3.317 
3.284 
3.298 
3.314 
3.286 
3.287 
3.294 
3.302 
3.289 
3.297 
3.291 
3.314 
3.319 
3.309 
3.307 
3.321 
3.328 
3.297 
3.300 
3.333 
3.322 
3.320 
3.310 
3.326 
3.284 
3.322 
3.316 
3.293 
3.306 
3.302 
3.309 
3.302 
3.301 
3.275 
3.279 
3.287 
3.319 
3.322 
3.316 
3.297 
3.335 
3.305 
3.284 
3.294 
3.291 
3.303 
3.265 
3.300 
3.272 
3.293 
3.298 
3.325 
3.295 
3.305 
3.300 
3.291 
3.329 
3.312 
3.311 
3.306 
3.276 
3.291 
3.309 
3.303 
3.327 
3.296 
3.278 
3.300 
3.309 
3.297 
3.318 
3.289 
3.312 
3.286 
3.315 
3.316 
3.291 
3.308 
3.295 
3.289 
3.327 
3.304 
3.310 
3.298 
3.306 
3.284 
3.315 
3.339 
3.305 
3.306 
3.261 
3.296 
3.318 
3.307 
3.279 
3.278 
3.293 
3.443 
3.291 
3.381 
3.297 
3.310 
3.299 
3.308 
3.320 
3.312 
3.305 
3.302 
3.322 
3.314 
3.285 
3.308 
3.296 
3.323 
3.306 
3.302 
3.308 
3.281 
3.313 
3.318 
3.344 
3.307 
3.298 
3.325 
3.284 
3.313 
3.276 
3.301 
3.306 
3.308 
3.295 
3.304 
3.304 
3.285 
3.299 
3.326 
3.318 
3.318 
3.414 
3.298 
3.341 
3.297 
3.289 
3.296 
3.305 
3.268 
3.284 
3.325 
3.299 
3.270 
3.304 
3.295 
3.254 
3.284 
3.331 
3.324 
3.301 
3.318 
3.303 
3.350 
3.305 
3.301 
3.296 
3.296 
3.325 
3.299 
3.313 
3.284 
3.304 
3.289 
3.288 
3.304 
3.301 
3.326 
3.308 
3.312 
3.299 
3.298 
3.339 
3.281 
3.301 
3.283 
3.280 
3.302 
3.281 
3.279 
3.324 
3.337 
3.240 
3.304 
3.293 
3.295 
3.300 
3.322 
3.277 
3.285 
3.315 
3.296 
3.290 
3.304 
3.300 
3.308 
3.315 
3.301 
3.323 
3.285 
3.321 
3.281 
3.280 
3.279 
3.330 
3.292 
3.313 
3.298 
3.321 
3.292 
3.329 
3.322 
3.315 
3.328 
3.280 
3.288 
3.302 
3.298 
3.294 
3.292 
3.318 
3.304 
3.308 
3.314 
3.305 
3.267 
3.292 
3.282 
3.275 
3.308 
3.318 
3.302 
3.274 
3.325 
3.262 
3.306 
3.302 
3.306 
3.259 
3.319 
3.288 
3.302 
3.271 
3.313 
3.276 
3.255 
3.292 
3.308 
3.307 
3.305 
3.317 
3.309 
3.336 
3.314 
3.293 
3.278 
3.328 
3.301 
3.303 
3.313 
3.303 
3.296 
3.338 
3.307 
3.303 
3.293 
3.291 
3.352 
3.271 
3.301 
3.334 
3.295 
3.308 
3.314 
3.291 
3.299 
3.310 
3.294 
3.282 
3.303 
3.353 
3.273 
3.327 
3.289 
3.287 
3.408 
3.296 
3.298 
3.306 
3.310 
3.291 
3.348 
3.262 
3.312 
3.279 
3.308 
3.288 
3.306 
3.277 
3.286 
3.325 
3.285 
3.268 
3.310 
3.306 
3.294 
3.294 
3.305 
3.299 
3.293 
3.285 
3.342 
3.281 
3.332 
3.311 
3.291 
3.306 
3.286 
3.340 
3.312 
3.294 
3.294 
3.297 
3.318 
3.282 
3.290 
3.315 
3.301 
3.304 
3.309 
3.308 
3.299 
3.330 
3.312 
3.321 
3.329 
3.316 
3.298 
3.301 
3.296 
3.325 
3.290 
3.289 
3.293 
3.300 
3.296 
3.285 
3.273 
3.307 
3.306 
3.318 
3.319 
3.291 
3.293 
3.319 
3.303 
3.302 
3.299 
3.299 
3.326 
3.309 
3.313 
3.293 
3.292 
3.311 
3.317 
3.288 
3.308 
3.321 
3.319 
3.295 
3.297 
3.324 
3.296 
3.329 
3.315 
3.323 
3.296 
3.288 
3.288 
3.293 
3.323 
3.303 
3.310 
3.306 
3.288 
3.280 
3.274 
3.306 
3.324 
3.298 
3.327 
3.289 
3.320 
3.322 
3.316 
3.304 
3.330 
3.287 
3.294 
3.290 
3.290 
3.248 
3.390 
3.307 
3.324 
3.299 
3.301 
3.317 
3.316 
3.340 
3.300 
3.294 
3.325 
3.308 
3.291 
3.404 
3.308 
3.302 
3.316 
3.304 
3.303 
3.298 
3.290 
3.327 
3.298 
3.282 
3.342 
3.311 
3.330 
3.316 
3.295 
3.282 
3.312 
3.316 
3.295 
3.299 
3.298 
3.306 
3.302 
3.296 
3.325 
3.297 
3.292 
3.295 
3.317 
3.387 
3.276 
3.316 
3.301 
3.289 
3.328 
3.308 
3.293 
3.295 
3.296 
3.270 
3.286 
3.291 
3.268 
3.333 
3.316 

3.323 
3.285 
3.313 
3.283 
3.283 
3.323 
3.312 
3.325 
3.314 
3.328 
3.324 
3.320 
3.290 
3.320 
3.325 
3.300 

3.366 
3.282 
3.383 
3.294 
3.280 
3.306 
3.301 
3.308 
3.274 
3.314 
3.303 
3.340 
3.301 
3.297 
3.327 
3.306 
3.276 
3.325 
3.304 
3.267 
3.306 
3.319 
3.314 
3.313 
3.331 
3.321 
3.322 
3.266 
3.298 
3.306 
3.337 
3.298 
3.311 
3.278 
3.314 
3.313 
3.292 
3.282 
3.314 
3.327 
3.300 
3.286 
3.289 
3.300 
3.299 
3.320 
3.312 
3.304 
3.323 
3.331 
3.296 
3.311 
3.293 
3.291 
3.302 
3.298 
3.260 
3.289 
3.277 
3.298 
3.314 
3.304 
3.320 
3.330 
3.319 
3.311 
3.303 
3.279 
3.309 
3.299 
3.304 
3.334 
3.293 
3.316 
3.291 
3.343 
3.306 
3.335 
3.292 
3.335 
3.292 
3.304 
3.301 
3.317 
3.289 
3.311 
3.309 
3.301 
3.286 
3.307 
3.296 
3.290 
3.297 
3.292 
3.331 
3.266 
3.312 
3.287 
3.288 
3.316 
3.318 
3.284 
3.322 
3.273 
3.267 
3.310 
3.329 
3.330 
3.332 
3.317 
3.313 
3.302 
3.313 
3.304 
3.313 
3.309 
3.302 
3.312 
3.308 
3.298 
3.294 
3.318 
3.283 
3.291 
3.284 
3.294 
3.304 
3.312 
3.282 
3.306 
3.290 
3.299 
3.290 
3.293 
3.282 
3.322 
3.305 
3.306 
3.309 
3.320 
3.287 
3.317 
3.297 
3.318 
3.301 
3.264 
3.306 
3.283 
3.290 
3.296 
3.325 
3.314 
3.311 
3.297 
3.325 
3.293 
3.292 
3.309 
3.323 
3.323 
3.303 
3.323 
3.300 
3.311 
3.296 
3.293 
3.321 
3.296 
3.293 
3.323 
3.306 
3.329 
3.312 
3.316 
3.284 
3.339 
3.317 
3.304 
3.314 
3.290 
3.288 
3.289 
3.310 
3.302 
3.371 
3.311 
3.267 
3.285 
3.294 
3.319 
3.267 
3.308 
3.300 
3.312 
3.307 
3.295 
3.307 
3.314 
3.329 
3.315 
3.291 
3.309 
3.293 
3.291 
3.291 
3.296 
3.306 
3.316 
3.330 
3.303 
3.311 
3.314 
3.295 
3.308 
3.327 
3.289 
3.293 
3.314 
3.297 
3.320 
3.304 
3.277 
3.312 
3.308 
3.313 
3.290 
3.304 
3.293 
3.295 
3.303 
3.299 
3.290 
3.305 
3.270 
3.309 
3.305 
3.288 
3.328 
3.281 
3.338 
3.298 
3.287 
3.281 
3.329 
3.302 
3.282 
3.299 
3.292 
3.298 
3.288 
3.288 
3.280 
3.280 
3.308 
3.297 
3.319 
3.266 
3.292 
3.317 
3.258 
3.306 
3.315 
3.318 
3.290 
3.307 
3.342 
3.303 
3.329 
3.275 
3.280 
3.309 
3.309 
3.271 
3.302 
3.318 
3.332 
3.302 
3.318 
3.310 
3.324 
3.290 
3.307 
3.328 
3.315 
3.314 
3.272 
3.311 
3.310 
3.309 
3.298 
3.269 
3.311 
3.314 
3.282 
3.322 
3.252 
3.276 
3.286 
3.303 
3.309 
3.337 
3.389 
3.314 
3.307 
3.303 
3.303 
3.305 
3.321 
3.308 
3.306 
3.278 
3.290 
3.343 
3.319 
3.287 
3.276 
3.281 
3.277 
3.319 
3.283 
3.281 
3.304 
3.297 
3.305 
3.318 
3.332 
3.296 
3.345 
3.319 
3.353 
3.451 
3.311 
3.298 
3.332 
3.272 
3.297 
3.309 
3.399 
3.336 
3.284 
3.336 
3.312 
3.297 
3.296 
3.280 
3.273 
3.318 
3.316 
3.373 
3.283 
3.314 
3.291 
3.285 
3.322 
3.326 
3.315 
3.394 
3.301 
3.311 
3.293 
3.343 
3.340 
3.278 
3.284 
3.304 
3.287 
3.306 
3.313 
3.286 
3.315 
3.300 
3.304 
3.313 
3.296 
3.339 
3.329 
3.284 
3.317 
3.296 
3.311 
3.292 
3.291 
3.289 
3.301 
3.325 
3.306 
3.335 
3.295 
3.294 
3.289 
3.304 
3.305 
3.300 
3.304 
3.314 
3.297 
3.309 
3.276 
3.304 
3.292 
3.296 
3.304 
3.294 
3.321 
3.310 
3.328 
3.281 
3.293 
3.286 
3.286 
3.343 
3.305 
3.308 
3.300 
3.287 
3.287 
3.319 
3.295 
3.271 
3.301 
3.293 
3.319 
3.310 
3.272 
3.323 
3.298 
3.304 
3.265 
3.318 
3.259 
3.299 
3.296 
3.274 
3.283 
3.285 
3.283 
3.304 
3.290 
3.296 
3.292 
3.284 
3.303 
3.303 
3.301 
3.322 
3.302 
3.291 
3.298 
3.304 
3.313 
3.317 
3.306 
3.291 
3.300 
3.282 
3.307 
3.321 
3.308 
3.289 
3.317 
3.324 
3.325 
3.314 
3.287 
3.310 
3.296 
3.327 
3.315 
3.270 
3.314 
3.297 
3.289 
3.305 
3.323 
3.280 
3.314 
3.300 
3.329 
3.304 
3.272 
3.354 
3.305 
3.312 
3.293 
3.294 
3.330 
3.395 
3.318 
3.296 
3.287 
3.314 
3.320 
3.305 
3.296 
3.284 
3.320 
3.275 
3.333 
3.293 
3.284 
3.313 
3.300 
3.275 
3.302 
3.309 
3.319 
3.286 
3.305 
3.321 
3.298 
3.298 
3.260 
3.329 
3.323 
3.308 
3.312 
3.317 
3.326 
3.304 
3.329 
3.305 
3.340 
3.284 
3.325 
3.304 
3.297 
3.333 
3.272 
3.308 
3.268 
3.308 
3.295 
3.323 
3.297 
3.298 
3.306 
3.308 
3.292 
3.332 
3.312 
3.318 
3.300 
3.306 
3.304 
3.323 
3.309 
3.288 
3.294 
3.314 
3.300 
3.308 
3.302 
3.319 
3.283 
3.308 
3.310 
3.301 
3.274 
3.317 
3.275 
3.326 
3.300 
3.330 
3.276 
3.288 
3.304 
3.292 
3.312 
3.298 
3.307 
3.332 
3.287 
3.293 
3.316 
3.317 
3.352 
3.326 
3.314 
3.324 
3.312 
3.315 
3.318 
3.298 
3.321 
3.275 
3.330 
3.307 
3.298 
3.305 
3.293 
3.283 
3.322 
3.289 
3.280 
3.334 
3.337 
3.300 
3.311 
3.312 
3.291 
3.298 
3.282 
3.293 
3.287 
3.291 
3.306 
3.282 
3.325 
3.303 
3.302 
3.289 
3.299 
3.298 
3.330 
3.314 
3.384 
3.273 
3.299 
3.288 
3.260 
3.330 
3.293 
3.296 
3.271 
3.283 
3.307 
3.273 
3.308 
3.296 
3.282 
3.309 
3.307 
3.298 
3.315 
3.288 
3.325 
3.297 
3.314 
3.272 
3.300 
3.317 
3.317 
3.322 
3.304 
3.410 
3.308 
3.298 
3.303 
3.268 
3.308 
3.297 
3.328 
3.315 
3.283 
3.312 
3.303 
3.296 
3.309 
3.303 
3.309 
3.295 
3.327 
3.324 
3.291 
3.290 
3.313 
3.298 
3.313 
3.316 
3.317 
3.268 
3.312 
3.323 
3.311 
3.307 
3.267 
3.293 
3.305 
3.293 
3.318 
3.309 
3.324 
3.283 
3.308 
3.294 
3.311 
3.274 
3.314 
3.285 
3.289 
3.304 
3.375 
3.295 
3.289 
3.309 
3.298 
3.315 
3.307 
3.295 
3.268 
3.294 
3.317 
3.314 
3.302 
3.290 
3.279 
3.286 
3.297 
3.324 
3.292 
3.311 
3.321 
3.311 
3.307 
3.283 
3.308 
3.293 
3.287 
3.288 
3.292 
3.307 
3.310 
3.288 
3.326 
3.324 
3.308 

3.313 
3.316 
3.281 
3.318 
3.307 
3.270 
3.300 
3.278 

3.292 
3.297 
3.320 
3.305 
3.339 
3.311 
3.301 

3.291 
3.273 
3.272 
3.298 
3.304 
3.313 
3.307 
3.288 
3.304 
3.302 
3.300 

3.299 

3.300 
3.302 
3.343 
3.282 
3.275 
3.295 
3.287 
3.288 
3.306 
3.309 
3.304 
3.321 
3.298 
3.316 
3.289 
3.292 
3.302 
3.289 
3.307 
3.282 
3.296 
3.298 
3.286 
3.296 
3.327 
3.303 
3.329 
3.270 
3.289 
3.283 
3.281 
3.314 
3.286 
3.294 
3.303 
3.325 
3.330 
3.313 
3.286 
3.286 
3.302 
3.301 
3.303 
3.308 
3.286 
3.268 
3.315 
3.349 
3.310 
3.310 
3.296 
3.295 
3.339 
3.283 
3.321 
3.305 
3.299 
3.306 
3.292 
3.325 
3.307 
3.285 
3.325 
3.303 
3.351 
3.328 
3.318 
3.298 
3.334 
3.320 
3.326 
3.300 
3.313 
3.318 
3.307 
3.334 
3.288 
3.303 
3.314 
3.339 
3.313 
3.342 
3.326 
3.306 
3.312 
3.312 
3.329 
3.301 
3.313 
3.306 
3.303 
3.310 
3.299 
3.310 
3.325 
3.326 
3.306 
3.319 
3.327 
3.424 
3.284 
3.321 
3.336 
3.298 
3.321 
3.302 
3.314 
3.312 
3.298 
3.317 
3.296 
3.336 
3.325 
3.288 
3.317 
3.293 
3.309 
3.300 
3.312 
3.298 
3.295 
3.294 
3.291 
3.294 
3.324 
3.298 
3.289 
3.293 
3.284 
3.305 
3.291 
3.300 
3.275 
3.308 
3.323 
3.278 
3.295 
3.313 
3.313 
3.330 
3.309 
3.311 
3.289 
3.292 
3.285 
3.305 
3.306 
3.310 
3.301 
3.339 
3.295 
3.319 
3.289 
3.326 
3.315 
3.291 
3.317 
3.305 
3.299 
3.305 
3.323 
3.333 
3.302 
3.310 
3.333 
3.314 
3.317 
3.301 
3.315 
3.313 
3.296 
3.304 
3.323 
3.308 
3.294 
3.326 
3.310 
3.301 
3.308 
3.314 
3.310 
3.287 
3.320 
3.272 
3.279 
3.282 
3.279 
3.318 
3.301 
3.275 
3.298 
3.295 
3.285 
3.297 
3.299 
3.308 
3.323 
3.294 
3.318 
3.274 
3.332 
3.316 
3.300 
3.270 
3.315 
3.323 
3.325 
3.289 
3.288 
3.318 
3.322 
3.285 
3.281 
3.295 
3.312 
3.311 
3.343 
3.307 
3.329 
3.311 
3.291 
3.302 
3.327 
3.330 
3.338 
3.288 
3.278 
3.290 
3.233 
3.305 
3.295 
3.288 
3.317 
3.312 
3.303 
3.292 
3.267 
3.401 
3.297 
3.298 
3.346 
3.300 
3.293 
3.302 
3.295 
3.278 
3.326 
3.316 
3.297 
3.304 
3.319 
3.270 
3.302 
3.282 
3.301 
3.299 
3.329 
3.293 
3.308 
3.323 
3.302 
3.260 
3.294 
3.307 
3.284 
3.320 
3.290 
3.298 
3.332 
3.301 
3.300 
3.462 
3.317 
3.287 
3.295 
3.283 
3.293 
3.324 
3.285 
3.320 
3.291 
3.276 
3.317 
3.339 
3.311 
3.280 
3.318 
3.319 
3.313 
3.307 
3.318 
3.292 
3.329 
3.287 
3.303 
3.335 
3.289 
3.296 
3.276 
3.297 
3.307 
3.288 
3.301 
3.292 
3.333 
3.296 
3.307 
3.323 
3.308 
3.281 
3.309 
3.292 
3.278 
3.298 
3.281 
3.281 
3.309 
3.324 
3.326 
3.279 
3.326 
3.304 
3.296 
3.301 
3.288 
3.292 
3.289 
3.301 
3.291 
3.312 
3.333 
3.275 
3.301 
3.299 
3.332 
3.307 
3.312 
3.251 
3.324 
3.305 
3.305 
3.322 
3.313 
3.274 
3.299 
3.289 
3.324 
3.301 
3.269 
3.303 
3.281 
3.305 
3.312 
3.292 
3.294 
3.303 
3.299 
3.277 
3.281 
3.286 
3.268 
3.277 
3.297 
3.295 
3.303 
3.289 
3.292 
3.293 
3.292 
3.297 
3.298 
3.293 
3.296 
3.297 
3.315 
3.301 
3.326 
3.305 
3.315 
3.302 
3.295 
3.321 
3.255 
3.291 
3.304 
3.320 
3.319 
3.294 
3.308 
3.319 
3.297 
3.279 
3.287 
3.279 
3.314 
3.297 
3.290 
3.298 
3.310 
3.330 
3.324 
3.294 
3.289 
3.262 
3.276 
3.315 
3.328 
3.281 
3.279 
3.303 
3.282 
3.293 
3.275 
3.254 
3.299 
3.317 
3.350 
3.282 
3.298 
3.295 
3.321 
3.319 
3.301 
3.266 
3.290 
3.343 
3.331 
3.292 
3.295 
3.314 
3.288 
3.294 
3.305 
3.320 
3.308 
3.292 
3.305 
3.422 
3.288 
3.277 
3.309 
3.289 
3.331 
3.312 
3.287 
3.291 
3.394 
3.307 
3.291 
3.275 
3.307 
3.259 
3.296 
3.327 
3.312 
3.316 
3.283 
3.304 
3.289 
3.355 
3.303 
3.261 
3.290 
3.301 
3.316 
3.299 
3.300 
3.293 
3.305 
3.306 
3.300 
3.304 
3.296 
3.294 
3.310 
3.317 
3.308 
3.328 
3.303 
3.281 
3.330 
3.323 
3.310 
3.304 
3.253 
3.292 
3.277 
3.323 
3.296 
3.299 
3.333 
3.297 
3.295 
3.318 
3.322 
3.293 
3.286 
3.303 
3.278 
3.337 
3.298 
3.299 
3.302 
3.306 
3.285 
3.301 
3.296 
3.308 
3.308 
3.320 
3.291 
3.457 
3.298 
3.275 
3.296 
3.276 
3.298 
3.289 
3.264 
3.273 
3.289 
3.308 
3.283 
3.315 
3.286 
3.283 
3.320 
3.288 
3.265 
3.314 
3.287 
3.296 
3.304 
3.342 
3.300 
3.329 
3.312 
3.429 
3.324 
3.332 
3.279 
3.314 
3.299 
3.285 
3.305 
3.324 
3.300 
3.313 
3.309 
3.340 
3.294 
3.313 
3.314 
3.329 
3.320 
3.318 
3.323 
3.300 
3.294 
3.319 
3.342 
3.313 
3.303 
3.319 
3.298 
3.297 
3.298 
3.278 
3.287 
3.308 
3.296 
3.341 
3.320 
3.315 
3.269 
3.314 
3.275 
3.330 
3.284 
3.293 
3.296 
3.312 
3.329 
3.322 

3.329 

3.335 
3.326 
3.318 
3.310 
3.326 
3.278 
3.336 
3.320 
3.321 
3.310 
3.308 
3.288 
3.298 
3.296 
3.302 
3.287 
3.276 
3.312 
3.296 
3.311 
3.320 
3.299 
3.293 
3.277 
3.291 
3.290 
3.291 
3.288 
3.287 
3.290 
3.301 
3.351 
3.287 
3.300 
3.327 
3.302 
3.273 
3.316 
3.379 
3.266 
3.279 
3.272 
3.276 
3.278 
3.308 
3.283 
3.283 
3.323 
3.315 
3.275 
3.329 
3.286 
3.290 
3.292 
3.303 
3.261 
3.312 
3.300 
3.279 

3.316 
3.289 
3.325 
3.304 
3.284 
3.296 

3.290 
3.313 

3.305 
3.306 
3.298 
3.265 
3.284 
3.318 
3.296 
3.304 
3.334 
3.272 
3.282 
3.293 
3.310 

3.349 
3.283 
3.295 

3.278 

3.309 
3.303 
3.309 

3.297 
3.288 
3.311 
3.310 
3.297 
3.305 
3.289 
3.300 
3.287 

3.325 
3.291 
3.296 

3.324 
3.310 
3.275 
3.332 
3.328 
3.334 
3.289 

3.271 
3.308 
3.289 
3.339 
3.288 
3.293 
3.296 
3.306 
3.295 
3.297 
3.330 
3.318 
3.295 
3.339 
3.286 
3.314 
3.295 
3.326 
3.333 
3.273 
3.290 
3.309 
3.313 
3.292 
3.290 
3.290 
3.335 
3.315 
3.323 
3.300 
3.296 
3.322 
3.319 
3.320 
3.310 
3.271 
3.291 
3.276 
3.306 
3.289 
3.323 
3.304 
3.300 
3.333 
3.300 
3.315 
3.325 
3.320 
3.288 
3.322 
3.297 
3.314 
3.295 
3.298 
3.328 
3.296 
3.302 
3.300 
3.292 
3.304 
3.297 
3.268 
3.289 
3.302 
3.291 
3.286 
3.273 
3.277 
3.321 
3.296 
3.312 
3.330 
3.366 
3.300 
3.321 
3.316 
3.371 
3.265 
3.308 
3.333 
3.334 
3.295 
3.292 
3.334 
3.334 
3.308 
3.289 
3.286 
3.307 
3.311 
3.342 
3.306 
3.320 
3.292 
3.304 
3.296 
3.302 
3.303 
3.269 
3.302 
3.320 
3.298 
3.303 
3.323 
3.284 
3.287 
3.354 
3.314 
3.282 
3.320 
3.405 
3.319 
3.309 
3.287 
3.328 
3.304 
3.321 
3.284 
3.315 
3.344 
3.322 
3.373 
3.307 
3.317 
3.297 
3.346 
3.310 
3.307 
3.315 
3.302 
3.300 
3.295 
3.317 
3.296 
3.318 
3.292 
3.291 
3.311 
3.323 
3.308 
3.313 
3.296 
3.317 
3.309 
3.307 
3.285 
3.291 
3.316 
3.298 
3.293 
3.267 
3.302 
3.324 
3.315 
3.287 
3.280 
3.308 
3.286 
3.305 
3.309 
3.266 
3.332 
3.296 
3.292 
3.323 
3.302 
3.342 
3.323 
3.290 
3.316 
3.294 
3.284 
3.306 
3.291 
3.289 
3.289 
3.323 
3.272 
3.303 
3.306 
3.295 
3.279 
3.291 
3.280 
3.294 
3.347 
3.285 
3.284 
3.307 
3.287 
3.307 
3.292 
3.285 
3.304 
3.303 
3.324 
3.282 
3.419 
3.314 
3.297 
3.305 
3.286 
3.256 
3.293 
3.309 
3.288 
3.316 
3.277 
3.304 
3.362 
3.329 
3.310 
3.293 
3.282 
3.278 
3.282 
3.302 
3.315 
3.290 
3.291 
3.277 
3.297 
3.302 
3.301 
3.295 
3.339 
3.308 
3.324 
3.294 
3.286 
3.317 
3.305 
3.277 
3.307 
3.297 
3.316 
3.292 
3.269 
3.298 
3.297 
3.281 
3.271 
3.278 
3.330 
3.302 
3.333 
3.296 
3.282 
3.308 
3.326 
3.290 
3.294 
3.312 
3.300 
3.295 
3.318 
3.276 
3.313 
3.306 
3.312 
3.332 
3.340 
3.290 
3.315 
3.313 
3.301 
3.266 
3.313 
3.272 
3.277 
3.304 
3.317 
3.273 
3.297 
3.314 
3.327 
3.315 
3.285 
3.303 
3.281 
3.301 
3.268 
3.283 
3.327 
3.301 
3.316 
3.290 
3.276 
3.314 
3.283 
3.304 
3.318 
3.310 
3.304 
3.313 
3.280 
3.301 
3.318 
3.314 
3.285 
3.303 
3.279 
3.322 
3.309 
3.351 
3.327 
3.297 
3.297 
3.294 
3.311 
3.295 
3.320 
3.288 
3.323 
3.286 
3.311 
3.309 
3.311 
3.318 
3.257 
3.304 
3.270 
3.280 
3.309 
3.310 
3.282 
3.320 
3.292 
3.292 
3.308 
3.312 
3.293 
3.315 
3.275 
3.304 
3.292 
3.297 
3.327 
3.302 
3.286 
3.265 
3.304 
3.301 
3.342 
3.298 
3.303 
3.306 
3.285 
3.332 
3.308 
3.329 
3.296 
3.298 
3.281 
3.388 
3.327 
3.271 
3.301 
3.317 
3.335 
3.322 
3.302 
3.281 
3.292 
3.298 
3.318 
3.307 
3.307 
3.328 
3.270 
3.282 
3.322 
3.290 
3.314 
3.322 
3.286 
3.291 
3.314 
3.329 
3.317 
3.333 
3.311 
3.300 
3.313 
3.286 
3.289 
3.288 
3.312 
3.319 
3.327 
3.300 
3.290 
3.311 
3.300 
3.329 
3.319 
3.306 
3.311 
3.306 
3.279 
3.300 
3.323 
3.279 
3.304 
3.293 
3.266 
3.441 
3.304 
3.284 
3.285 
3.323 
3.293 
3.312 
3.296 
3.327 
3.309 
3.297 
3.298 
3.291 
3.314 
3.313 
3.306 
3.305 
3.322 
3.295 
3.296 
3.311 
3.302 
3.329 
3.303 
3.321 
3.314 
3.277 
3.304 
3.319 
3.326 
3.298 
3.289 
3.415 
3.322 
3.343 
3.312 
3.308 
3.311 
3.311 
3.302 
3.273 
3.301 
3.280 
3.287 
3.307 
3.297 
3.306 
3.273 

3.286 
3.294 
3.309 
3.338 
3.326 
3.288 
3.309 
3.313 
3.311 
3.312 
3.295 
3.307 
3.297 
3.313 
3.307 
3.312 
3.301 
3.283 
3.281 
3.303 
3.277 
3.369 
3.288 
3.303 
3.298 
3.307 
3.305 
3.294 
3.285 
3.287 
3.296 
3.325 
3.299 
3.293 
3.310 
3.330 
3.309 
3.290 
3.298 
3.303 

3.301 
3.361 
3.320 
3.359 
3.307 
3.308 
3.304 
3.318 
3.276 
3.305 
3.307 
3.321 
3.303 
3.348 
3.314 
3.309 
3.313 
3.321 
3.307 
3.329 
3.278 
3.290 
3.326 
3.284 
3.292 
3.294 
3.324 
3.273 
3.306 
3.317 
3.291 
3.291 
3.312 
3.278 
3.295 
3.314 
3.280 
3.290 
3.301 
3.287 
3.303 
3.320 
3.316 
3.298 
3.304 
3.284 
3.298 
3.291 
3.285 
3.262 
3.296 
3.328 
3.304 
3.269 
3.329 
3.308 

3.300 
3.299 
3.323 
3.295 
3.325 
3.297 
3.306 
3.253 
3.320 
3.285 
3.326 
3.294 
3.271 
3.327 
3.299 
3.311 
3.317 
3.282 
3.282 
3.325 
3.297 

3.305 
3.301 
3.308 
3.312 
3.287 
3.293 
3.310 
3.278 
3.314 
3.251 
3.297 
3.291 
3.290 
3.281 
3.307 
3.295 
3.306 
3.317 
3.284 
3.281 
3.321 
3.286 
3.286 
3.306 
3.273 
3.279 
3.331 
3.309 
3.286 
3.282 
3.298 
3.275 
3.314 
3.274 
3.317 
3.274 
3.344 
3.300 
3.277 
3.285 
3.277 
3.320 
3.255 
3.285 
3.293 
3.295 
3.320 
3.304 
3.267 
3.280 
3.297 
3.281 
3.310 
3.287 
3.314 
3.302 
3.301 
3.333 
3.313 
3.276 
3.308 
3.309 
3.290 
3.328 

3.291 
3.301 
3.295 
3.325 
3.298 
3.265 
3.305 
3.277 
3.310 
3.290 
3.295 
3.292 
3.317 
3.314 
3.280 

3.312 
3.275 
3.308 
3.292 
3.318 
3.293 
3.313 
3.318 
3.299 
3.307 
3.302 
3.270 
3.305 
3.312 
3.278 
3.302 
3.342 
3.273 
3.283 
3.317 
3.307 
3.394 
3.323 
3.316 
3.289 
3.319 
3.310 
3.311 
3.299 
3.288 
3.301 
3.298 
3.332 
3.335 
3.326 
3.309 
3.302 
3.271 
3.301 
3.290 
3.326 
3.300 
3.357 
3.285 
3.319 
3.304 
3.287 
3.302 
3.281 
3.305 
3.309 
3.290 
3.314 
3.329 
3.308 
3.307 
3.311 
3.291 
3.291 
3.313 
3.304 
3.302 
3.301 
3.315 
3.311 
3.323 
3.310 
3.298 
3.305 
3.330 
3.306 
3.321 
3.299 
3.338 
3.315 
3.330 
3.325 
3.305 
3.293 
3.322 
3.309 
3.295 
3.335 
3.350 
3.315 
3.322 
3.277 
3.277 
3.302 
3.298 
3.313 
3.315 
3.296 
3.295 
3.318 
3.326 
3.295 
3.330 
3.313 
3.301 
3.288 
3.261 
3.284 
3.296 
3.324 
3.276 
3.327 
3.341 
3.324 
3.313 
3.314 
3.282 
3.302 
3.295 
3.310 
3.320 
3.282 
3.278 
3.289 
3.315 
3.314 
3.317 
3.293 
3.304 
3.315 
3.299 
3.323 
3.303 
3.271 
3.319 
3.306 
3.292 
3.308 
3.309 
3.324 
3.284 
3.266 
3.338 
3.319 
3.301 
3.310 
3.330 
3.318 
3.303 
3.331 
3.354 
3.277 
3.284 
3.324 
3.334 
3.269 
3.281 
3.295 
3.302 
3.304 
3.326 
3.275 
3.283 
3.275 
3.321 
3.309 
3.255 
3.288 
3.295 
3.312 
3.287 
3.287 
3.325 
3.288 
3.260 
3.304 
3.278 
3.292 
3.288 
3.312 
3.306 
3.307 
3.267 
3.287 
3.296 
3.274 
3.285 
3.291 
3.304 
3.308 
3.261 
3.278 
3.252 
3.299 
3.324 
3.328 
3.303 
3.307 
3.297 
3.326 
3.313 
3.301 
3.279 
3.290 
3.334 
3.303 
3.303 
3.303 
3.334 
3.310 
3.322 
3.316 
3.289 
3.291 
3.293 
3.292 
3.313 
3.300 
3.294 
3.304 
3.290 
3.275 
3.317 
3.334 
3.295 
3.316 
3.304 
3.311 
3.304 
3.270 
3.299 
3.281 
3.331 
3.288 
3.295 
3.387 
3.286 
3.302 
3.267 
3.310 
3.332 
3.278 
3.323 
3.277 
3.295 
3.277 
3.287 
3.268 
3.277 
3.318 
3.387 
3.308 
3.290 
3.309 
3.312 
3.332 
3.293 
3.330 
3.304 
3.312 
3.308 
3.336 
3.299 
3.299 
3.298 
3.324 
3.289 
3.332 
3.299 
3.289 
3.294 
3.283 
3.329 
3.438 
3.260 
3.301 
3.288 
3.295 
3.303 
3.329 
3.309 
3.299 
3.407 
3.318 
3.298 
3.319 
3.283 
3.282 
3.302 
3.292 
3.299 
3.308 
3.275 
3.282 
3.268 
3.305 
3.274 
3.300 
3.314 
3.300 
3.317 
3.333 
3.310 
3.303 
3.293 
3.292 
3.302 
3.298 
3.277 
3.300 
3.295 
3.299 
3.292 
3.281 
3.321 
3.327 
3.280 
3.322 
3.269 
3.321 
3.302 
3.320 
3.288 
3.305 
3.312 
3.331 
3.283 
3.330 
3.290 
3.373 
3.302 
3.341 
3.323 
3.312 
3.272 
3.326 
3.317 
3.324 
3.327 
3.300 
3.312 
3.284 
3.324 
3.305 
3.306 
3.298 
3.305 
3.330 
3.322 
3.269 
3.304 
3.288 
3.303 
3.294 
3.297 
3.317 
3.300 
3.310 
3.315 
3.311 
3.292 
3.312 
3.305 
3.289 
3.336 
3.327 
3.271 
3.303 
3.313 
3.288 
3.262 
3.311 
3.302 
3.339 
3.302 
3.304 
3.276 
3.282 
3.329 
3.298 
3.305 
3.280 
3.320 
3.261 
3.282 
3.308 
3.291 
3.312 
3.293 
3.277 
3.279 
3.307 
3.313 
3.279 
3.283 
3.307 
3.286 
3.296 
3.291 
3.306 
3.315 
3.312 
3.300 
3.301 
3.269 
3.309 
3.269 
3.303 
3.305 

3.294 
3.301 
3.300 
3.282 
3.260 
3.324 
3.307 
3.295 
3.277 
3.274 
3.298 
3.303 
3.292 
3.309 
3.304 
3.286 
3.305 
3.328 
3.317 
3.283 
3.300 
3.297 
3.320 
3.322 
3.293 
3.264 
3.277 
3.301 
3.264 
3.279 
3.286 
3.291 
3.328 
3.276 
3.286 
3.308 
3.297 
3.272 
3.329 
3.286 
3.317 
3.308 
3.336 
3.350 
3.272 
3.293 
3.326 
3.290 
3.289 
3.329 
3.300 
3.328 
3.339 
3.314 
3.327 
3.323 
3.317 
3.283 
3.300 
3.306 
3.278 
3.301 
3.310 
3.295 
3.294 
3.300 
3.306 
3.297 
3.280 
3.334 
3.311 
3.309 
3.299 

3.291 
3.309 
3.303 
3.348 
3.300 
3.323 
3.282 
3.313 
3.303 
3.325 
3.324 
3.316 
3.276 
3.305 
3.291 
3.306 
3.294 
3.302 
3.408 
3.325 
3.284 
3.311 
3.285 
3.289 
3.392 
3.301 
3.360 
3.274 
3.319 
3.309 
3.293 
3.304 
3.324 
3.301 
3.280 
3.276 
3.327 
3.302 
3.315 
3.316 
3.300 
3.314 
3.297 
3.323 
3.309 
3.313 
3.275 
3.280 
3.286 
3.348 
3.296 
3.301 
3.304 
3.296 
3.312 
3.312 
3.301 
3.275 
3.283 
3.324 
3.286 
3.312 
3.321 
3.309 
3.324 
3.264 
3.269 
3.299 
3.297 
3.269 
3.306 
3.299 
3.309 
3.322 
3.279 
3.297 
3.289 
3.314 
3.262 
3.304 
3.273 
3.307 
3.403 
3.271 
3.285 
3.270 
3.270 
3.302 
3.305 
3.262 
3.320 
3.320 
3.324 
3.308 
3.300 
3.301 
3.286 
3.297 
3.292 
3.269 
3.310 
3.303 
3.279 
3.316 
3.277 
3.291 
3.290 
3.332 
3.314 
3.298 
3.248 
3.275 
3.291 
3.287 
3.287 
3.290 
3.294 
3.297 
3.277 
3.328 
3.303 
3.307 
3.307 
3.291 
3.319 
3.292 
3.296 
3.319 
3.309 
3.320 
3.284 
3.289 
3.313 
3.300 
3.298 
3.316 
3.306 
3.282 
3.312 
3.289 
3.345 
3.288 
3.298 
3.313 
3.307 
3.303 
3.307 
3.290 
3.293 
3.273 
3.311 
3.289 
3.320 
3.336 
3.283 
3.304 
3.295 
3.304 
3.275 
3.314 
3.293 
3.290 
3.271 
3.293 
3.309 
3.299 
3.299 
3.325 
3.288 
3.321 
3.283 
3.318 
3.297 
3.328 
3.299 
3.324 
3.293 
3.316 
3.287 
3.266 
3.292 
3.294 
3.268 
3.308 
3.286 
3.278 
3.279 
3.300 
3.306 
3.301 
3.304 
3.309 
3.331 
3.297 
3.281 
3.298 
3.297 
3.319 
3.298 
3.298 
3.304 
3.301 
3.320 
3.285 
3.312 
3.294 
3.353 
3.292 
3.320 
3.318 
3.314 
3.289 
3.304 
3.318 
3.293 
3.293 
3.310 
3.279 
3.287 
3.338 
3.278 
3.299 
3.314 
3.308 
3.309 
3.292 
3.291 
3.299 
3.267 
3.317 
3.252 
3.278 
3.328 
3.294 
3.317 
3.292 
3.274 
3.288 
3.308 
3.273 
3.297 
3.327 
3.329 
3.279 
3.290 
3.294 
3.292 
3.312 
3.294 
3.320 
3.371 
3.317 
3.340 
3.290 
3.317 
3.295 
3.257 
3.288 
3.263 
3.347 
3.312 
3.292 
3.311 
3.287 
3.297 
3.289 
3.299 
3.284 
3.295 
3.315 
3.308 
3.305 
3.310 
3.302 
3.286 
3.302 
3.327 
3.304 
3.318 
3.292 
3.349 
3.318 
3.307 
3.334 
3.291 
3.316 
3.312 
3.294 
3.313 
3.300 
3.304 
3.292 
3.308 
3.316 
3.312 
3.325 
3.324 
3.278 
3.319 
3.319 
3.288 
3.306 
3.292 
3.307 
3.328 
3.313 
3.306 
3.324 
3.295 
3.310 
3.316 
3.300 
3.326 
3.278 
3.334 
3.314 
3.291 
3.321 
3.315 
3.325 
3.335 
3.324 
3.295 
3.297 
3.329 
3.280 
3.312 
3.331 
3.287 
3.296 
3.326 
3.291 
3.304 
3.297 
3.314 
3.303 
3.327 
3.314 
3.323 
3.326 
3.286 
3.321 
3.281 
3.296 
3.336 
3.280 
3.311 
3.317 
3.296 
3.292 
3.301 
3.310 
3.281 
3.312 
3.307 
3.279 
3.278 
3.313 
3.325 
3.315 
3.341 
3.324 
3.305 
3.308 
3.301 
3.322 
3.310 
3.297 
3.326 
3.289 
3.304 
3.299 
3.299 
3.313 
3.299 
3.307 
3.326 
3.306 
3.283 
3.304 
3.326 
3.292 
3.316 
3.305 
3.312 
3.318 
3.296 
3.296 
3.283 
3.317 
3.333 
3.301 
3.330 
3.290 
3.266 
3.307 
3.320 
3.296 
3.303 
3.307 
3.307 
3.319 
3.323 
3.323 
3.291 
3.297 
3.310 
3.323 
3.300 
3.306 
3.315 
3.294 
3.306 
3.294 
3.302 
3.335 
3.305 
3.288 
3.343 
3.353 
3.300 
3.294 
3.309 
3.308 
3.312 
3.323 
3.323 
3.322 
3.331 
3.302 
3.275 
3.309 
3.283 
3.309 
3.291 
3.298 
3.291 
3.302 
3.315 
3.306 
3.299 
3.284 
3.303 
3.277 
3.313 
3.306 
3.250 
3.329 
3.276 
3.276 
3.284 
3.304 
3.299 
3.299 
3.323 
3.297 
3.279 
3.302 
3.307 
3.295 
3.309 
3.347 
3.298 
3.296 
3.313 
3.322 
3.302 
3.336 
3.326 
3.292 
3.302 
3.312 
3.281 
3.280 
3.302 
3.310 
3.272 
3.327 
3.293 
3.278 
3.268 
3.289 
3.309 
3.279 
3.302 
3.312 
3.299 
3.291 
3.300 
3.304 
3.286 
3.281 
3.307 
3.306 
3.281 
3.254 
3.300 
3.300 
3.293 
3.302 
3.286 
3.307 
3.294 
3.280 
3.288 
3.268 
3.305 
3.246 
3.312 
3.302 
3.313 
3.294 
3.270 
3.264 
3.298 
3.311 
3.284 
3.314 
3.320 
3.321 
3.290 
3.304 
3.325 
3.310 
3.299 
3.302 
3.292 
3.298 
3.320 
3.275 
3.286 
3.315 
3.286 
3.293 
3.329 
3.279 
3.278 
3.311 
3.318 
3.253 
3.303 
3.330 
3.288 
3.299 
3.296 
3.307 
3.334 
3.268 
3.299 
3.304 
3.289 
3.300 
3.285 
3.264 
3.291 
3.291 
3.297 
3.320 
3.310 
3.310 
3.309 
3.287 
3.273 
3.291 
3.300 
3.297 
3.308 
3.295 
3.280 
3.288 
3.305 
3.305 
3.272 
3.289 
3.306 
3.291 
3.292 
3.300 
3.342 
3.283 
3.309 
3.280 
3.297 
3.297 
3.305 
3.318 
3.291 
3.323 
3.300 
3.322 
3.302 
3.299 
3.304 
3.316 
3.317 
3.307 
3.310 
3.276 
3.326 
3.292 
3.304 
3.299 
3.297 
3.309 
3.320 
3.309 
3.310 
3.274 
3.299 
3.280 
3.281 
3.313 
3.255 
3.318 
3.293 
3.290 
3.304 
3.319 
3.288 
3.292 
3.304 
3.322 
3.274 
3.329 
3.311 
3.338 
3.298 
3.295 
3.286 
3.293 
3.301 
3.289 
3.301 
3.304 
3.286 
3.290 
3.292 
3.302 
3.284 
3.320 
3.279 
3.306 
3.282 
3.291 
3.287 
3.262 
3.303 
3.316 
3.283 
3.299 
3.263 
3.286 
3.287 
3.328 
3.288 
3.303 
3.256 
3.315 
3.264 
3.311 
3.298 
3.306 
3.296 
3.300 
3.274 
3.273 
3.289 
3.287 
3.269 
3.298 
3.269 
3.317 
3.323 
3.301 
3.300 
3.315 
3.288 
3.303 
3.294 
3.303 
3.293 
3.301 
3.296 
3.318 
3.303 
3.312 
3.314 
3.312 
3.317 
3.301 
3.269 
3.306 
3.280 
3.315 
3.280 
3.290 
3.300 
3.323 
3.300 
3.311 
3.309 
3.281 
3.301 
3.283 
3.310 
3.310 
3.317 
