-8510
-8524
-8646
-8522
-8608
-8696
-8538
-8542
-8541
-8617
-8576
-8531
-8528
-8501
-8617
-8714
-8702
-8584
-8566
-8514
-8488
-8501
-8474
-8509
-8562
-8345
-8556
-8582
-8457
-8489
-8394
-8439
-8510
-8560
-8618
-8484
-8692
-8656
-8382
-8652
-8502
-8607
-8408
-8446
-8607
-8560
-8544
-8663
-8522
-8512
-8697
-8624
-8694
-8494
-8623
-8634
-8578
-8570
-8432
-8509

-8636
-8431
-8535
-8510
-8514
-8489
-8463
-8484
-8773
-8557
-8461
-8534
-8485
-8433
-8553
-8550
-8443
-8623
-8442
-8503
-8554
-8514
-8385
-8706
-8751
-8568
-8562
-8551
-8390
-8598
-8437
-8580
-8562
-8605
-8509
-8524
-8622
-8564
-8617
-8606
-8522
-8582
-8545
-8628
-8548
-8659
-8554
-8523
-8616
-8454
-8645
-8553
-8595
-8605
-8547
-8633
-8561
-8568
-8674
-8481
-8492
-8569
-8536
-8701
-8708
-8445
-8442
-8585
-8514
-8663
-8646
-8637
-8645
-8620
-8693
-8660
-8649
-8611
-8453
-8492
-8657
-8538
-8544
-8678
-8654
-8697
-8462
-8526
-8649
-8505
-8541
-8608
-8503
-8590
-8387
-8504
-8585
-8680
-8694
-8576
-8507
-8582
-8657
-8465
-8631
-8523
-8568
-8707
-8517
-8462
-8527
-8394
-8664
-8467



-8618
-8696
-8536
-8483
-8622
-8689
-8587
-8527
-8562
-8574
-8569
-8398
-8501
-8532
-8580

-8461
-8355

-8443
-8435
-8612
-8528
-8436
-8534
-8478
-8469
-8563
-8323
-8601
-8663
-8521
-8500
-8606


-8455
-8396
-8532
-8551
-8493
-8458
-8444
-8562
-8431
-8489
-8336
-8608
-8533
-8653
-8488
-8529
-8593
-8538
-8615
-8596
-8701
-8557
-8603
-8549
-8609
-8609
-8478
-8528
-8732
-8469
-8399
-8591
-8649
-8496
-8405
-8758
-8491
-8529
-8496
-8496
-8652
-8630
-8575
-8590
-8594
-8537
-8537
-8563
-8508
-8559
-8411
-8289
-8650
-8550
-8422
-8426
-8546
-8483
-8491
-8589
-8599
-8572
-8335
-8527
-8462
-8556
-8379
-8595
-8623
-8551
-8617
-8519
-8631
-8723
-8539
-8461
-8557
-8545
-8601
-8390
-8525
-8534
-8540
-8480
-8473
-8596
-8381
-8546
-8608
-8623
-8322
-8503
-8533
-8775
-8337
-8684
-8557
-8476
-8508

-8648
-8605
-8453

-8639
-8420
-8656
-8403
-8601
-8546
-8520
-8526
-8581
-8574
-8395
-8551
-8600
-8470
-8416
-8571
-8678
-8473
-8349
-8431
-8568
-8631
-8433
-8301
-8558
-8464
-8566
-8468
-8644


-8628
-8521


-8493
-8496
-8517
-8549
-8566
-8524
-8531

-8508
-8673
-8528
-8410
-8664
-8536
-8443
-8668
-8604
-8575
-8553
-8508
-8626
-8609
-8443
-8499
-8515
-8619
-8534
-8527
-8513
-8541
-8508
-8624
-8414
-8544
-8551
-8470
-8557
-8579
-8466
-8496
-8639
-8468
-8560
-8555
-8551
-8513
-8595
-8411
-8577

-8649
-8464
-8322
-8569
-8513
-8635
-8494
-8416
-8493
-8437
-8473
-8609
-8496
-8597
-8523
-8338
-8547
-8616
-8494
-8579
-8585
-8624
-8553
-8410
-8525
-8453
-8645
-8545
-8440
-8617
-8490
-8588
-8369
-8667
-8485
-8533
-8573
-8556
-8384
-8528
-8540
-8633
-8531
-8514
-8552
-8471
-8510
-8594
-8443
-8529
-8399
-8551
-8411
-8494
-8421
-8593
-8593
-8416
-8509
-8413
-8531
-8538
-8378
-8601
-8475

-8583
-8448
-8644
-8437

-8482
-8679
-8413
-8490
-8607
-8564
-8519
-8378
-8585
-8510

-8520
-8701

-8409
-8504
-8413
-8501
-8658
-8378
-8340
-8448
-8518
-8591
-8545
-8514
-8625
-8579
-8452
-8466
-8505
-8510
-8636
-8384
-8701
-8532
-8585
-8605
-8442
-8616
-8540
-8493
-8349
-8489
-8491
-8487
-8606
-8475
-8465

-8624
-8471
-8570
-8518
-8649
-8518
-8605
-8595
-8577
-8346
-8518
-8550
-8593
-8425
-8661
-8422
-8463
-8663
-8501
-8425
-8515
-8676
-8597
-8452
-8443
-8525
-8545
-8621
-8491
-8457
-8506
-8624
-8690
-8613
-8545
-8585
-8619
-8494
-8510
-8577
-8514
-8520
-8616
-8541
-8644
-8607
-8361
-8463
-8481
-8360

-8536
-8350
-8597
-8417
-8462
-8552
-8672
-8619
-8345
-8617
-8556
-8618
-8389
-8449
-8459
-8475
-8499
-8474
-8570
-8556
-8495
-8594
-8631
-8622
-8485
-8572
-8593
-8581
-8384
-8558
-8549
-8398
-8514
-8403
-8542
-8612
-8654
-8502
-8424
-8661
-8544
-8702
-8657
-8406
-8480
-8572
-8563
-8624
-8554
-8614
-8485
-8405

-8500

-8513
-8372
-8603
-8552
-8574
-8541
-8715
-8595
-8500
-8578
-8491

-8327
-8565
-8544
-8611
-8647
-8553
-8628
-8487
-8431
-8486
-8417
-8450
-8538
-8477
-8462
-8508
-8511




-8447
-8442
-8559
-8476
-8625
-8428
-8439
-8542
-8657
-8542
-8444
-8512
-8657
-8636
-8531
-8560
-8521
-8462
-8596
-8533
-8763
-8669
-8621
-8536
-8606
-8493
-8521
-8658
-8608
-8632
-8472
-8609
-8633
-8596
-8621
-8671
-8491
-8557
-8578
-8514
-8643
-8588
-8645
-8669
-8555
-8809
-8592
-8572
-8371
-8716
-8473
-8759
-8618
-8560
-8555
-8555
-8638

-8443
-8610
-8626
-8663
-8485
-8536
-8524
-8546
-8521
-8564
-8549
-8538
-8553
-8440
-8615
-8724
-8520
-8606
-8502
-8589
-8415
-8526
-8582
-8422
-8392
-8620
-8454
-8539
-8582
-8542
-8528
-8554
-8608
-8573
-8490
-8505
-8575
-8675
-8483
-8574
-8516
-8563
-8538

-8665

-8457
-8506
-8710
-8549
-8614
-8568

-8395
-8669
-8557
-8608
-8546
-8516
-8558
-8682
-8552
-8522
-8438
-8544
-8391
-8515
-8545
-8592
-8480
-8585
-8531
-8690
-8596
-8470
-8580
-8616
-8564
-8562
-8601
-8679
-8658
-8452
-8514
-8432
-8489
-8467
-8475
-8785
-8504
-8555
-8516
-8593
-8504
-8637
-8624
-8554
-8556
-8438
-8596
-8514
-8573
-8537
-8580
-8616
-8599
-8556
-8653
-8563
-8547
-8521
-8511
-8611
-8500
-8475
-8595
-8614
-8540
-8377
-8754
-8419
-8390
-8484
-8696
-8539
-8501
-8597
-8557
-8782
-8487
-8441
-8614
-8589
-8538
-8441
-8648
-8530
-8538
-8346
-8511
-8587
-8579
-8451
-8493
-8550
-8455
-8492
-8459
-8480
-8520
-8448
-8509
-8557
-8496
-8597
-8380
-8733
-8604
-8662
-8566
-8575
-8495
-8423
-8471
-8412
-8386
-8521
-8484
-8535
-8458
-8594
-8522
-8564
-8462
-8518
-8607
-8564
-8468
-8489
-8503
-8511
-8475
-8551
-8503
-8546
-8506
-8621
-8533
-8622
-8582
-8510
-8464
-8599
-8413
-8580
-8535
-8468
-8313
-8623
-8432
-8500
-8348
-8655
-8658
-8641
-8630
-8476
-8492
-8598
-8447
-8599
-8519
-8408

-8728
-8478
-8493
-8485
-8677
-8534
-8455
-8395
-8535
-8629
-8555
-8582
-8533


-8521
-8589
-8452
-8638
-8530
-8495

-8564

-8453
-8539
-8430
-8529
-8385
-8526
-8483
-8402
-8527
-8450
-8502
-8562
-8467
-8482
-8435
-8522
-8513
-8622
-8728
-8485
-8571
-8452

-8494
-8553
-8470
-8525
-8493
-8596
-8520
-8425
-8561
-8649
-8584
-8554
-8443
-8591
-8597
-8609
-8387
-8481
-8423
-8562
-8516
-8481
-8606
-8499
-8595
-8487
-8514
-8587
-8377
-8558
-8581
-8553
-8351
-8402
-8510
-8479
-8593

-8483
-8502
-8610
-8404
-8571
-8558
-8487
-8456
-8522
-8443
-8457
-8577
-8470
-8599
-8348
-8467

-8498
-8454
-8567
-8442
-8469
-8476
-8594
-8563
-8442
-8607
-8473
-8605
-8397
-8443
-8641
-8416
-8496
-8491
-8620
-8809
-8516
-8442
-8636
-8530
-8437
-8550
-8342
-8509
-8444
-8374
-8516
-8572
-8600
-8664
-8669
-8485
-8492

-8518
-8491
-8507
-8416
-8562
-8535
-8410
-8641
-8511
-8386
-8508
-8549
-8584
-8505
-8738
-8538
-8380
-8545
-8604
-8444
-8472
-8517
-8568
-8351
-8485
-8605
-8590
-8477
-8558
-8483
-8457
-8527
-8579
-8491
-8482
-8524
-8492
-8540
-8608
-8668
-8567
-8496
-8449
-8527
-8505
-8566
-8569
-8543
-8512
-8446
-8472
-8576
-8472
-8455
-8546
-8390
-8521
-8475
-8477
-8352
-8569
-8639
-8448
-8596
-8495
-8572
-8489
-8649
-8476
-8429
-8427
-8569
-8509
-8555

-8571
-8515
-8532
-8538
-8388
-8530
-8549
-8471
-8671
-8557
-8420
-8481
-8612
-8519
-8542
-8645
-8568
-8629
-8448
-8533
-8488
-8422
-8461
-8427
-8500
-8451
-8662
-8383
-8445
-8595
-8558
-8654
-8656
-8555
-8526
-8608

-8607
-8542
-8630
-8580
-8408
-8667
-8592
-8555
-8426
-8528

-8375
-8450
-8557
-8489
-8537
-8504
-8489
-8549
-8596
-8518
-8599
-8610
-8603
-8521
-8517
-8427
-8659
-8558
-8365
-8444
-8443
-8507
-8382
-8648
-8524
-8714
-8545
-8651
-8616
-8499
-8721
-8389
-8573
-8589
-8544
-8507
-8554
-8620
-8672
-8524
-8557
-8443
-8411
-8429
-8566
-8585
-8503
-8572
-8589
-8571
-8446
-8589
-8431
-8658
-8568
-8698
-8557
-8555
-8521
-8793
-8534
-8573
-8532
-8610
-8617
-8651
-8626
-8656
-8574
-8462
-8536
-8667
-8519
-8423
-8554
-8573
-8470
-8448
-8631
-8588
-8559
-8613
-8411
-8607
-8520
-8593
-8624
-8571
-8731
-8690
-8639
-8538
-8609
-8485
-8465
-8573
-8685
-8468
-8477
-8610
-8509
-8414
-8647
-8625
-8399
-8556
-8615
-8375
-8552
-8526
-8505
-8545
-8716
-8513
-8593
-8419
-8725
-8432
-8476
-8731
-8505
-8555
-8529
-8610
-8554
-8602
-8426
-8463
-8524
-8495
-8608
-8510
-8519
-8578
-8639

-8641
-8547
-8577
-8408
-8426
-8479
-8470
-8632
-8614
-8596
-8514
-8481
-8666
-8547
-8499
-8496
-8563
-8420
-8563
-8503
-8442
-8716
-8628
-8506
-8515
-8595
-8554
-8556
-8541
-8362
-8440
-8603
-8612
-8537
-8525
-8546
-8496
-8616
-8631
-8541
-8527
-8643
-8592
-8520
-8487
-8515
-8584
-8547
-8482
-8496
-8624
-8540
-8601
-8540
-8635
-8595
-8891
-8493
-8582
-8581
-8561
-8518
-8656
-8538
-8458
-8478

-8600
-8444
-8557
-8660
-8601
-8639
-8493
-8576
-8584
-8410
-8610
-8464
-8525
-8411
-8484
-8524
-8559
-8653
-8401
-8535
-8538
-8652
-8511
-8574
-8565
-8645
-8527
-8700
-8676
-8642
-8651
-8762
-8465
-8706
-8518
-8591

-8661
-8539
-8445
-8474
-8601
-8502
-8546
-8571
-8624
-8561
-8528
-8425
-8669
-8548
-8483
-8624
-8555
-8739
-8644
-8568
-8549
-8564
-8545
-8626
-8561
-8507
-8597
-8489
-8639
-8546
-8739
-8613
-8565
-8593
-8548
-8558
-8540
-8755
-8591
-8658
-8639
-8609
-8660
-8648
-8574
-8615

-8535
-8611
-8516
-8624

-8486
-8598
-8638
-8669
-8591
-8596
-8514
-8468

-8566
-8623
-8490
-8588
-8554
-8599
-8486
-8640
-8540
-8503
-8460
-8684
-8632
-8450
-8462
-8662
-8496
-8656
-8664
-8462
-8566
-8456
-8502
-8465
-8505
-8389
-8555
-8647
-8562
-8434
-8509
-8441
-8598
-8638
-8459
-8714
-8621
-8472
-8553
-8673
-8627
-8623
-8493
-8680
-8574
-8629
-8567
-8502
-8594
-8646
-8501
-8608
-8624
-8569
-8561
-8508
-8519
-8531
-8510
-8581









































