1.791621 
1.775755 

1.791316 

1.798639 
1.793996 
1.780942 
1.790639 
1.785518 
1.795522 
1.790705 
1.799735 
1.807117 
1.804981 
1.802605 
1.793936 
1.781180 
1.789790 
1.795462 
1.786367 
1.786739 
1.794242 
1.797047 
1.799859 
1.795858 
1.805838 
1.790029 
1.781247 
1.788198 
1.797723 
1.788229 
1.800040 
1.794301 
1.800774 
1.787314 
1.808890 
1.798878 
1.798639 
1.790975 
1.787893 
1.787654 
1.818133 
1.789054 
1.789724 
1.798333 
1.798514 
1.786062 
1.799554 
1.798209 
1.790334 
1.787044 
1.785697 
1.788808 
1.791316 
1.779654 
1.792411 
1.789113 
1.810233 
1.798514 
1.774100 
1.789113 
1.811389 
1.784263 
1.789969 
1.780264 
1.797383 
1.776236 
1.790095 
1.796073 
1.784536 
1.790095 
1.801655 
1.786977 
1.780942 
1.799214 
1.801261 
1.800099 
1.784476 
1.781485 
1.787349 
1.790274 
1.798268 
1.798333 
1.804007 
1.788443 
1.778128 
1.791926 
1.772269 
1.776297 

1.776365 
1.780569 
1.779043 
1.778806 
1.788808 
1.793757 
1.786739 

1.808402 

1.789485 
1.794301 
1.771964 

1.807364 
1.817187 
1.816641 
1.776634 
1.790274 
1.792165 
1.784298 
1.792501 
1.799183 
1.801385 
1.798909 
1.801871 
1.774161 
1.773619 
1.792501 
1.813468 
1.787588 
1.784298 
1.792501 
1.793936 
1.798878 
1.798028 
1.803181 
1.789969 
1.787283 
1.799249 
1.787009 
1.782340 
1.782095 

1.785483 
1.778677 
1.806202 
1.798333 
1.801350 
1.783866 
1.794301 
1.801079 
1.787619 
1.806449 
1.797047 
1.799249 
1.797293 
1.804981 
1.796198 
1.807059 
1.790334 
1.814471 
1.806754 
1.790029 
1.786129 
1.774193 
1.795157 
1.772093 
1.784568 
1.786739 
1.783621 
1.800469 
1.803181 
1.805897 
1.803826 
1.784568 
1.792716 
1.791249 
1.779721 
1.805622 
1.799430 
1.790029 
1.787619 
1.809806 
1.804066 
1.792231 
1.787009 
1.789664 
1.773551 
1.790365 
1.795522 
1.790400 
1.802571 
1.800040 
1.772940 
1.791316 
1.788840 
1.785213 
1.808979 
1.810111 
1.792231 
1.796773 


1.777152 
1.808707 
1.795858 
1.807059 
1.805897 
1.793757 
1.779685 



1.813250 

1.782645 
1.784568 
1.792716 
1.793722 
1.803702 
1.792165 
1.800469 
1.779075 
1.798819 
1.783316 
1.801385 
1.774498 
1.781424 
1.795522 
1.789180 
1.779349 
1.805351 
1.790365 
1.771964 
1.789724 
1.792841 
1.809894 
1.801871 
1.796198 
1.790579 
1.793691 
1.794367 
1.796988 
1.808033 
1.793757 
1.787009 
1.787528 
1.783316 
1.821217 
1.788229 
1.796683 
1.791249 
1.816641 
1.795247 
1.791249 
1.790400 
1.778465 
1.791555 
1.790705 
1.800435 
1.801871 
1.791860 
1.793936 
1.802300 
1.778806 
1.790365 
1.782645 
1.789419 
1.805927 
1.810169 
1.772398 
1.788534 
1.796378 
1.776602 
1.797723 
1.784873 
1.805838 
1.792165 
1.794062 
1.804007 
1.790334 
1.778806 
1.796378 
1.789180 
1.796683 

1.784908 
1.789419 
1.803215 
1.793080 
1.787959 

1.824269 
1.797723 
1.781247 

1.786739 
1.805961 

1.813589 
1.803456 
1.787349 
1.787588 
1.791800 
1.776297 
1.793631 
1.796132 
1.812369 
1.802876 
1.790885 
1.774161 
1.785213 
1.803791 
1.796683 
1.802300 
1.787009 
1.787528 
1.803150 
1.795587 
1.790975 
1.799735 
1.797113 
1.799214 
1.780264 
1.803181 
1.789664 
1.789724 
1.809284 
1.798209 
1.795247 
1.784781 
1.798028 
1.797994 
1.792411 
1.804371 
1.795282 
1.781211 
1.799489 
1.780331 
1.788443 
1.788808 
1.797723 
1.800130 
1.785391 
1.788808 
1.776236 
1.792501 
1.797293 
1.802300 
1.794027 
1.797904 
1.811389 
1.796198 
1.795553 
1.793631 
1.795522 
1.790060 
1.805286 
1.790400 
1.788840 
1.793021 
1.813220 
1.785518 
1.789145 
1.798819 
1.784841 
1.796503 
1.787528 
1.793452 
1.803181 
1.801566 
1.796742 
1.817861 
1.779898 
1.797353 
1.798028 
1.798514 
1.784263 
1.788443 
1.797658 
1.814200 
1.793936 
1.786129 
1.787009 
1.803092 
1.796808 
1.797994 
1.777585 
1.787924 
1.790885 
1.797353 
1.803150 
1.796808 
1.808063 
1.793631 
1.788808 
1.796503 
1.812945 
1.793326 
1.807422 
1.808063 
1.791800 
1.790639 
1.793452 
1.791586 
1.777762 
1.791011 
1.795858 
1.809195 
1.775755 
1.776236 
1.794301 
1.790705 
1.793417 
1.798209 
1.792470 
1.796683 


1.791800 
1.794911 
1.793757 

1.803397 
1.798878 
1.796808 
1.807758 
1.797599 
1.790639 
1.790944 
1.788138 
1.797113 
1.797078 
1.795767 
1.782705 
1.794301 

1.791495 
1.786704 
1.794672 
1.776939 
1.786062 

1.791555 
1.794977 
1.800130 
1.794242 
1.789419 
1.805622 
1.811389 
1.784908 

1.797599 
1.788840 
1.796073 
1.799824 
1.793691 
1.798639 
1.790670 
1.799430 
1.793996 
1.769957 
1.791281 
1.794852 
1.793691 
1.789054 
1.787283 
1.794977 
1.785757 
1.811942 
1.791860 
1.797418 
1.804371 
1.778501 
1.804096 
1.803092 
1.778433 
1.793757 
1.780601 
1.796378 
1.785452 
1.806572 
1.806449 
1.804371 
1.803150 
1.791926 
1.787009 
1.798209 
1.796132 
1.799249 
1.796468 
1.806507 
1.806877 
1.779288 
1.800099 
1.791316 
1.795767 
1.772940 
1.789145 
1.796073 
1.779043 
1.793452 

1.807728 
1.788570 
1.799519 
1.789969 
1.800404 

1.793021 
1.785146 
1.795587 
1.800774 
1.772703 
1.803397 
1.796132 
1.805046 
1.802876 
1.810111 
1.798878 
1.806572 

1.799430 
1.806507 
1.778501 
1.798944 
1.807148 
1.800040 
1.789419 
1.801566 
1.777213 

1.793111 
1.806144 

1.804131 
1.802266 

1.792536 
1.796988 
1.801625 
1.794062 

1.800956 


1.814994 
1.798268 
1.789485 

1.794852 
1.798878 
1.802300 
1.786398 
1.791555 
1.795247 


1.788229 
1.793631 
1.801319 
1.796808 

1.784263 

1.797078 
1.793631 
1.805592 
1.806267 
1.793326 
1.791281 
1.807728 
1.794027 
1.792411 
1.794301 
1.811454 

1.783255 
1.789485 
1.790670 
1.796378 
1.786739 
1.800650 
1.761955 
1.807792 
1.799214 
1.790885 
1.795827 
1.802300 
1.802481 
1.800404 
1.806843 
1.772940 
1.773314 
1.802266 
1.793111 
1.800345 
1.789113 
1.805656 
1.797078 
1.802787 
1.799183 
1.801079 
1.801655 
1.788748 
1.787044 
1.808979 
1.793326 
1.786672 
1.792536 
1.806843 
1.802481 
1.785452 
1.791926 
1.792716 
1.817798 
1.794977 
1.788840 
1.807669 
1.800774 

1.785452 
1.785824 
1.795247 
1.784476 
1.801995 
1.786398 
1.778196 
1.785788 
1.805592 
1.788748 
1.796742 
1.781821 
1.789724 
1.779416 
1.801566 
1.785483 
1.790334 
1.776975 
1.803791 
1.805961 
1.782127 
1.796988 
1.786398 
1.806754 
1.806267 
1.801566 
1.801625 
1.795892 
1.805317 
1.795157 
1.801655 
1.794606 
1.791011 
1.791281 
1.797293 
1.807728 
1.797994 
1.800164 
1.793722 
1.792716 
1.797963 
1.801045 
1.809864 
1.799859 
1.806232 
1.795767 
1.768737 
1.781821 
1.788748 
1.776602 
1.806877 
1.782127 
1.787893 
1.802300 
1.794242 
1.787959 
1.783042 
1.799554 
1.776329 
1.792470 
1.815115 
1.793021 
1.801319 
1.796773 
1.805012 
1.789755 
1.773795 
1.782705 
1.794301 
1.782162 
1.782432 
1.808585 
1.808368 
1.795157 


1.787833 


1.796683 


1.805228 

1.809894 
1.798514 
1.796437 
1.799554 
1.802266 
1.810779 
1.779654 
1.803520 
1.796683 
1.796742 
1.781516 
1.803702 
1.799794 
1.803520 
1.799214 
1.778067 
1.802540 
1.792501 
1.801566 
1.797293 
1.787588 
1.781211 
1.795157 
1.792470 
1.787349 
1.770531 
1.777457 
1.797963 
1.786129 
1.799824 
1.796808 
1.791586 
1.799124 
1.792775 
1.794942 
1.808585 
1.786977 
1.799554 
1.777762 
1.793691 
1.793757 
1.790274 
1.799249 
1.780264 
1.789485 
1.793996 
1.793146 

1.802300 
1.791316 

1.785518 

1.786434 
1.792841 
1.790944 
1.801261 
1.806812 
1.784908 
1.797904 
1.794606 
1.803826 
1.801566 
1.782705 
1.805838 
1.797658 
1.792196 
1.793326 
1.771110 
1.790095 
1.783957 
1.770499 
1.794062 
1.801960 
1.790579 
1.815909 
1.809013 
1.793417 
1.791249 
1.774534 
1.800435 
1.799735 
1.800099 
1.805046 
1.796163 
1.791495 
1.791926 
1.782400 
1.783993 
1.785391 
1.779043 
1.804371 
1.804401 
1.791555 
1.781247 
1.786398 
1.789969 
1.783010 
1.814505 
1.776634 
1.759209 
1.794547 
1.782705 
1.801319 
1.772093 
1.768395 
1.794852 
1.808338 
1.785824 
1.772972 
1.783255 
1.791555 
1.803181 
1.787893 
1.789485 
1.793996 
1.777585 

1.783010 
1.796198 

1.791249 
1.782772 
1.788443 
1.801045 
1.801960 
1.764639 
1.780296 
1.804981 
1.801995 
1.787833 
1.795587 
1.789145 
1.785697 
1.793691 
1.794367 
1.793417 
1.799430 
1.801079 
1.783042 
1.802910 
1.797078 
1.776297 
1.810843 
1.791190 
1.804371 
1.784908 
1.776846 
1.780874 
1.791891 
1.796378 
1.783316 
1.794062 
1.805012 
1.780203 
1.792841 
1.789145 
1.792165 
1.799859 
1.790670 
1.791860 
1.797113 
1.773583 
1.792411 
1.812000 
1.803215 
1.776602 
1.798819 
1.782095 
1.804096 
1.784476 
1.798268 
1.800164 
1.790944 
1.813589 
1.789450 
1.806754 
1.790944 
1.794637 
1.789969 
1.792806 
1.804312 
1.791249 
1.791926 
1.790029 
1.795767 
1.787044 
1.790885 
1.804371 
1.807669 
1.794672 
1.781516 
1.793936 
1.779349 
1.786739 
1.803791 
1.789054 
1.787588 
1.782467 
1.800345 
1.786672 
1.790975 
1.783255 
1.785452 
1.805012 
1.789969 
1.801319 
1.779991 
1.809894 
1.781247 
1.783652 
1.795767 
1.804131 
1.803181 
1.800040 
1.789113 
1.784873 
1.786672 
1.786704 
1.798514 
1.787893 
1.790975 
1.793631 
1.783993 
1.790060 
1.810111 
1.784841 
1.785518 
1.789724 
1.805317 
1.770568 
1.801655 
1.805838 
1.791926 
1.804707 
1.779654 
1.784298 
1.772879 
1.799794 
1.784908 
1.779898 
1.780874 
1.790400 
1.796683 
1.798268 
1.794027 
1.794852 
1.780601 
1.786367 
1.815115 
1.787924 
1.791190 
1.776939 
1.788748 
1.814505 
1.798878 
1.791586 

1.776024 
1.806754 
1.803150 

1.806754 
1.807487 
1.797994 
1.799249 
1.797078 

1.790639 
1.785788 


1.782340 
1.795216 
1.803215 
1.793722 
1.792411 
1.792775 
1.801960 
1.783621 

1.800130 

1.804371 
1.776634 
1.802300 

1.786672 
1.790095 

1.763855 
1.797688 

1.786672 
1.803520 
1.804401 
1.781119 
1.808033 
1.769584 
1.778501 
1.793417 
1.793326 
1.794977 


1.802605 


1.794332 
1.812915 
1.785178 
1.806267 
1.802876 

1.791011 
1.781211 
1.809806 
1.786062 
1.799249 
1.798604 
1.790885 
1.803150 
1.790400 
1.793417 
1.797599 
1.813220 
1.794977 
1.792716 
1.794911 
1.785824 
1.810809 
1.806754 
1.797353 
1.801690 

1.808643 
1.794027 
1.806144 
1.808338 
1.790060 

1.797353 
1.809806 
1.779721 
1.796808 
1.808368 
1.804007 
1.799489 
1.794977 
1.797113 
1.793996 
1.797688 
1.802176 
1.795587 
1.785697 
1.811084 
1.782162 
1.805317 


1.807758 
1.806144 
1.794301 
1.793417 
1.784841 
1.792536 
1.800435 
1.803397 
1.786977 
1.789180 
1.803826 
1.785518 
1.803092 
1.798333 
1.796773 
1.794911 
1.800164 
1.799519 
1.793326 
1.794367 
1.783652 
1.786367 
1.819997 
1.793021 
1.810779 
1.784298 


1.784603 
1.781424 
1.795282 
1.799214 
1.794852 
1.789419 

1.800774 
1.774771 
1.788875 
1.811942 
1.791860 
1.813556 
1.773278 
1.797113 
1.788534 
1.805838 
1.794672 
1.787619 
1.779593 
1.795827 
1.795553 
1.807364 
1.782705 
1.782162 
1.808402 
1.794852 
1.799794 
1.797599 
1.791621 
1.803486 
1.782095 
1.798028 
1.792806 
1.773551 
1.795892 
1.794027 
1.806202 
1.800469 
1.799430 
1.779043 
1.790400 
1.804618 
1.784476 
1.789113 
1.807182 
1.790060 
1.800956 

1.797113 
1.788534 
1.798944 
1.791281 
1.809501 
1.805897 
1.792536 
1.781821 
1.784781 
1.791926 
1.800956 
1.804066 
1.785824 
1.799519 
1.803702 
1.812915 
1.801261 
1.778501 
1.814689 
1.795462 
1.797353 
1.775144 
1.808673 
1.789145 
1.796988 
1.794852 
1.810169 

1.781790 
1.779685 
1.780814 
1.809253 
1.792806 
1.803702 
1.795587 
1.795553 
1.804007 
1.814136 
1.797047 

1.778372 
1.799794 
1.807453 
1.775931 
1.797047 
1.786129 
1.803181 
1.803397 
1.788198 
1.797904 
1.788503 
1.809894 
1.795553 
1.799430 

1.798604 
1.789969 
1.796503 
1.787044 
1.805897 
1.776060 
1.772057 
1.796683 
1.799519 
1.795892 
1.773583 
1.782705 
1.791891 
1.781424 
1.792775 
1.806449 
1.788808 
1.784908 
1.779898 
1.799794 
1.785824 
1.804096 
1.789359 
1.789450 
1.803092 
1.801995 
1.804066 
1.782162 
1.788748 
1.794301 
1.783077 
1.789145 

1.800469 
1.807453 
1.799124 
1.786739 
1.782645 
1.787044 
1.808585 
1.813220 
1.762598 
1.789664 
1.798299 
1.794367 
1.797383 
1.810416 
1.778738 
1.805351 
1.789664 
1.794332 
1.794852 
1.796773 
1.799124 
1.790029 
1.784263 
1.800956 
1.803150 
1.818776 
1.781211 
1.800040 
1.805897 
1.796437 
1.790060 
1.793936 
1.804436 
1.801566 
1.771415 
1.788570 

1.805533 
1.798573 
1.788264 
1.785483 
1.785697 
1.824511 
1.791011 
1.798514 
1.812000 

1.804676 
1.796808 
1.797418 
1.805897 
1.796808 
1.781857 

1.797113 

1.791011 
1.785391 
1.807487 
1.784781 
1.787654 
1.788229 
1.798819 
1.787283 
1.790400 
1.784171 
1.788503 
1.784263 
1.804676 
1.815115 
1.794332 
1.790400 
1.810809 
1.788808 
1.813589 
1.785178 
1.788503 
1.798604 
1.790579 
1.796742 
1.802481 
1.814776 
1.794606 
1.801690 
1.793111 
1.788808 
1.798028 
1.805927 
1.778067 
1.801690 
1.800650 
1.808643 
1.807792 
1.787619 
1.804066 
1.782162 
1.796163 
1.795587 
1.792411 
1.786434 
1.807059 
1.776907 
1.792231 
1.776329 
1.810721 
1.786977 
1.778128 
1.799249 
1.774839 
1.791621 
1.790095 
1.770226 
1.805012 
1.792411 
1.808643 
1.795587 
1.807453 
1.791555 
1.808979 
1.794301 
1.792196 
1.798878 
1.787283 
1.796808 
1.786062 
1.780942 
1.787314 
1.797113 
1.795522 
1.787044 
1.779959 
1.802876 
1.793326 
1.791860 
1.777280 
1.776939 
1.787222 
1.805897 
1.769006 
1.769522 
1.799794 
1.813895 
1.786398 
1.776846 
1.774161 
1.776329 
1.793080 
1.796503 
1.799519 
1.797904 
1.788570 
1.784841 
1.787924 
1.787588 
1.797113 
1.800345 
1.808643 
1.791316 
1.787924 
1.784603 
1.785178 
1.780874 
1.787349 
1.792806 
1.783255 
1.790334 
1.801690 
1.780296 
1.801319 
1.798909 
1.810416 
1.779288 
1.781857 
1.789450 
1.795462 
1.801014 
1.779111 
1.788748 
1.798573 
1.790400 
1.797078 
1.803761 
1.781211 
1.786307 
1.770194 
1.796808 
1.793996 
1.801690 
1.803791 
1.780814 
1.783316 
1.785518 
1.799214 
1.780203 
1.785146 
1.781857 
1.802266 
1.783560 
1.781247 
1.783347 
1.792775 
1.782645 
1.805592 
1.800774 
1.791281 
1.787222 
1.794672 
1.811420 
1.816520 
1.787588 
1.804981 
1.792716 
1.806267 
1.781516 
1.804981 
1.785213 
1.787833 
1.802845 
1.776602 
1.789450 
1.795767 
1.781790 
1.790670 
1.786367 
1.798944 
1.803181 
1.795157 
1.783316 
1.795892 
1.801871 
1.785146 
1.816030 
1.783347 
1.801079 
1.780296 
1.789969 
1.794606 
1.801385 
1.805838 
1.787619 
1.789969 
1.791926 
1.775108 
1.781119 
1.780942 
1.799519 
1.795462 
1.796503 
1.789450 
1.796683 
1.777518 
1.793757 
1.783652 
1.799554 
1.789724 
1.792231 
1.801930 
1.787349 
1.784476 
1.797658 
1.786739 
1.780331 
1.783957 
1.784781 
1.789485 
1.791495 
1.804066 
1.813250 
1.786307 
1.802845 
1.803826 
1.782127 
1.793631 
1.806507 
1.789755 
1.805897 
1.804131 
1.805927 
1.777518 
1.797418 
1.788503 
1.778465 
1.774193 
1.779288 
1.797353 
1.797353 
1.810233 
1.802266 
1.790639 
1.798333 
1.800040 
1.826896 
1.814505 
1.801385 
1.784263 
1.802266 
1.794242 
1.796742 
1.785483 
1.802235 
1.806267 
1.798878 
1.790095 
1.797078 
1.804007 
1.794606 
1.787314 
1.797078 
1.789755 
1.796773 
1.789419 
1.794672 
1.786398 
1.788503 
1.783255 
1.776602 
1.779721 
1.784873 
1.808948 
1.775108 
1.800469 
1.784873 
1.775321 
1.806507 
1.785518 
1.793417 
1.800469 
1.781247 
1.798639 
1.789145 
1.797963 
1.814383 
1.787893 
1.792536 
1.795858 
1.794547 
1.777518 
1.803520 
1.804096 
1.801261 
1.784841 
1.786739 
1.781424 
1.783621 
1.784298 
1.775414 
1.782950 
1.804676 
1.781247 
1.803181 
1.800040 
1.787893 
1.780296 
1.790274 
1.799489 
1.800469 
1.812247 
1.800469 
1.796773 
1.797904 
1.803215 
1.788229 
1.793631 
1.776297 
1.788570 
1.803486 
1.790885 
1.781790 
1.808673 
1.790274 
1.795587 
1.797599 
1.803761 
1.795462 
1.785452 
1.805927 
1.816825 
1.799183 
1.795282 
1.789145 
1.772635 
1.790060 
1.801930 
1.784263 
1.779898 
1.774466 
1.796198 
1.790885 
1.796468 
1.772330 
1.795587 
1.807148 
1.783866 
1.797723 
1.806754 
1.780203 
1.788198 
1.814505 
1.806144 
1.802235 
1.795157 
1.792165 
1.809318 
1.790975 
1.796988 
1.781552 
1.785452 
1.795587 
1.804096 
1.775382 
1.790095 
1.794942 
1.781424 
1.779959 
1.796198 
1.770226 
1.790334 
1.800469 
1.792806 
1.796683 
1.801930 
1.796808 
1.805927 
1.790274 
1.798333 
1.795247 
1.791621 
1.801566 
1.787588 
1.801079 
1.797599 
1.775382 
1.792536 
1.788138 
1.777213 
1.798604 
1.790639 
1.803826 
1.780509 
1.792165 
1.785213 
1.797383 
1.793631 
1.804066 
1.791011 
1.783042 
1.789969 
1.795892 
1.786704 
1.785391 
1.779349 
1.774193 
1.785824 
1.779991 
1.777213 
1.808402 
1.790975 
1.792105 
1.775382 
1.768090 
1.808280 
1.791249 
1.787009 
1.781552 
1.805317 
1.793386 
1.783993 
1.793631 
1.790060 
1.790639 
1.788570 
1.782432 
1.792105 
1.774498 
1.791860 
1.794977 
1.798604 
1.780509 
1.811084 
1.786739 
1.795157 
1.779043 
1.794062 
1.789145 
1.796988 
1.772940 
1.784873 
1.783866 
1.782705 
1.795892 
1.814471 
1.794547 
1.787314 
1.791860 
1.769042 
1.801079 
1.802571 
1.786307 
1.803826 
1.783652 
1.801871 
1.806507 
1.784231 
1.806267 
1.791586 
1.803092 
1.778501 
1.776939 
1.803092 
1.788198 
1.795282 
1.791586 
1.781790 
1.812369 
1.794637 
1.784603 
1.784263 
1.797293 
1.791281 
1.782645 
1.769921 
1.789359 
1.783010 
1.792105 
1.807422 
1.794547 
1.802605 
1.787619 
1.796378 
1.789419 
1.814200 
1.805622 
1.796198 
1.788840 
1.782095 
1.794942 
1.786917 
1.803397 
1.786062 
1.796198 
1.786367 
1.789485 
1.786398 
1.797658 
1.779111 
1.798268 
1.800040 
1.779349 
1.813284 
1.795858 
1.783621 
1.808890 
1.813525 
1.790670 
1.775015 
1.783621 
1.796773 
1.784171 
1.796437 
1.807453 
1.812552 
1.781790 
1.800435 
1.795522 
1.779380 
1.807975 
1.790334 
1.793146 
1.789054 
1.800404 
1.771788 
1.786307 
1.772635 
1.800164 
1.781516 
1.789969 
1.792536 
1.781729 
1.789790 
1.811084 
1.799249 
1.783926 
1.795282 
1.779654 
1.798028 
1.800099 
1.782162 
1.785824 
1.787044 
1.780942 
1.792470 
1.799859 
1.804066 
1.795892 
1.795767 
1.790944 
1.786739 
1.787924 
1.811389 
1.781552 
1.783926 
1.806537 
1.805592 
1.799554 
1.786704 
1.798944 
1.809284 
1.780569 
1.799430 
1.797963 
1.792841 
1.808979 
1.790334 
1.798028 
1.809284 
1.794547 
1.789054 
1.795282 
1.790365 
1.796132 
1.784841 
1.798268 
1.792536 
1.802266 
1.797904 
1.794062 
1.788748 
1.800404 
1.795282 
1.790060 
1.804981 
1.791891 
1.792775 
1.811148 
1.799824 
1.780296 
1.795827 
1.790705 
1.800650 
1.792536 
1.800650 
1.794911 
1.796073 
1.794606 
1.796468 
1.781729 
1.807182 
1.796773 
1.772879 
1.775449 
1.779685 
1.777762 
1.801014 
1.794367 
1.784873 
1.785824 
1.783957 
1.802540 
1.795587 
1.780814 
1.787283 
1.805351 
1.782950 
1.798573 
1.771788 
1.793722 
1.775992 
1.801385 
1.786093 
1.809501 
1.819629 
1.796808 
1.787009 
1.796988 
1.793111 
1.792470 
1.802300 
1.763724 
1.799183 
1.778983 
1.795522 
1.788840 
1.810721 
1.801350 
1.797293 
1.808063 
1.801625 
1.792231 
1.799554 
1.786398 
1.781424 
1.794606 
1.787959 
1.780264 
1.783042 
1.786672 
1.784603 
1.801350 
1.788198 
1.798944 
1.797994 
1.798268 
1.785391 
1.790400 
1.792806 
1.804312 
1.819387 
1.781516 
1.798878 
1.792536 
1.785178 
1.800774 
1.795858 
1.804066 
1.787009 
1.788443 
1.783077 
1.811420 
1.797418 
1.804707 
1.789664 
1.795462 
1.798573 
1.793386 
1.792806 
1.798209 
1.801930 
1.793111 
1.789664 
1.790639 
1.810504 
1.783866 
1.802910 
1.801960 
1.798268 
1.808673 
1.801566 
1.797047 
1.782772 
1.787833 
1.786307 
1.797418 
1.783316 
1.797383 
1.801655 
1.793021 
1.792231 
1.795157 
1.794301 

1.808643 
1.773583 
1.783560 
1.802845 
1.801995 
1.793722 
1.806232 
1.801014 
1.796683 
1.795462 
1.795247 
1.794547 
1.802235 
1.813589 
1.786307 
1.794942 
1.788138 
1.782705 
1.783560 
1.800774 
1.791249 
1.775755 
1.797599 
1.789790 
1.804436 
1.799214 
1.794672 
1.800404 
1.808707 
1.792716 
1.805046 
1.791586 
1.806754 
1.804371 
1.790705 
1.799824 
1.789359 
1.795157 
1.807117 
1.794637 
1.795157 
1.810504 
1.787893 
1.784568 
1.796683 
1.779043 
1.812064 
1.785697 
1.781552 
1.783957 
1.794547 
1.787588 
1.791621 
1.784873 
1.787833 
1.792165 
1.793417 
1.780814 
1.797353 
1.786434 
1.793417 
1.804676 
1.775449 
1.789145 
1.785788 
1.793021 
1.792775 
1.789450 
1.789664 

1.788748 
1.808643 
1.778770 

1.821828 
1.791281 
1.804676 
1.785824 
1.783652 
1.797353 
1.790885 

1.789450 


1.827287 

1.800469 

1.784781 
1.805656 
1.768607 
1.792165 

1.805012 
1.788748 
1.794606 


1.818713 
1.796773 
1.783926 
1.784568 
1.783866 
1.793996 
1.790400 
1.817827 
1.808890 
1.794911 
1.805533 
1.805351 
1.796683 
1.808033 
1.799554 
1.829728 
1.798209 
1.778433 
1.789485 
1.784231 
1.791495 
1.783077 
1.788138 
1.790029 
1.789485 
1.795462 
1.784781 
1.810779 
1.800774 
1.803092 
1.798333 
1.782340 
1.779349 
1.801385 

1.780509 
1.790060 
1.801960 

1.792196 
1.783560 
1.799794 
1.789450 
1.800650 
1.800709 
1.791621 
1.801960 
1.785391 
1.786977 
1.798639 
1.789755 
1.791190 
1.798333 
1.780296 
1.802176 
1.805286 
1.797113 
1.799824 
1.807975 
1.785452 
1.796503 
1.789054 
1.795522 
1.793146 
1.783042 
1.795462 
1.814136 
1.805897 
1.785518 
1.821184 
1.798573 
1.780026 
1.788534 
1.802176 
1.788503 
1.811637 
1.786062 
1.787619 
1.787222 
1.787349 
1.794942 
1.802481 
1.778128 
1.771658 
1.812064 
1.801871 
1.782400 
1.787833 
1.786977 
1.783993 
1.776541 
1.818103 
1.785518 
1.798514 
1.783010 
1.809623 
1.791800 
1.820239 
1.783383 
1.800130 
1.817251 
1.778160 
1.803702 
1.803456 
1.804741 
1.781424 
1.795827 
1.801871 
1.793996 
1.791011 
1.793080 
1.790095 
1.806449 
1.783077 
1.786307 
1.789485 
1.786002 
1.783316 
1.812945 
1.806449 
1.799249 
1.771353 
1.787893 
1.779349 
1.779111 
1.787283 
1.795157 
1.786977 
1.783383 
1.794242 
1.790029 
1.797113 
1.791190 
1.799794 
1.781552 
1.786062 
1.787924 
1.801261 
1.812064 
1.772574 
1.785213 
1.797994 
1.788138 
1.782772 
1.787893 
1.796503 
1.807758 
1.797904 
1.798878 
1.784908 
1.792806 
1.792536 
1.795216 
1.795247 
1.784476 
1.784263 
1.775626 
1.787283 
1.775931 
1.791555 
1.802605 
1.784171 
1.795587 
1.795767 
1.781180 
1.785213 
1.805046 
1.801566 
1.807117 
1.777585 
1.775719 
1.790274 
1.784603 
1.802876 
1.798209 
1.808948 
1.795587 
1.775931 
1.794027 
1.786612 
1.796742 
1.790095 
1.793996 
1.780601 
1.781180 
1.802910 
1.782034 
1.783993 
1.797963 
1.766906 
1.782340 
1.789180 
1.785788 
1.794367 
1.770531 
1.788748 
1.784298 
1.792105 
1.811389 
1.786093 
1.794301 
1.779111 
1.792411 
1.799859 
1.782432 
1.793936 
1.789755 
1.790274 
1.786062 
1.789145 
1.801930 
1.783347 
1.794547 
1.791249 
1.801690 
1.793021 
1.781485 
1.785518 
1.791281 
1.804676 
1.789450 
1.801995 
1.795157 
1.790639 
1.798944 
1.810504 
1.791800 
1.772972 
1.802235 
1.783383 
1.803181 
1.772635 
1.793722 
1.799859 
1.793111 
1.799735 
1.805046 
1.793111 
1.805897 
1.805317 
1.777152 
1.784536 
1.817861 
1.805592 
1.781211 
1.778770 
1.778465 
1.787528 
1.806843 
1.795587 
1.778465 
1.778067 
1.798944 
1.801045 
1.782645 
1.800435 
1.787283 
1.785788 
1.803826 
1.786704 
1.804676 
1.796503 
1.793722 
1.800404 
1.798639 
1.779380 
1.788443 
1.779959 
1.788570 
1.796163 
1.805838 
1.782705 
1.787619 
1.787314 
1.793021 
1.789419 
1.790095 

1.783347 
1.788138 
1.791495 
1.781516 
1.797904 
1.801625 
1.799214 
1.792105 
1.803150 
1.803215 
1.797383 
1.797599 
1.795858 
1.786917 
1.779349 
1.790705 
1.788534 
1.784841 
1.784781 
1.789790 
1.789359 
1.810538 
1.782645 
1.798268 
1.785086 
1.792231 
1.784171 
1.789113 
1.788264 
1.785697 
1.791555 
1.802571 
1.811332 
1.778738 
1.812674 
1.789969 
1.794301 
1.809623 
1.791316 
1.797383 
1.786002 
1.784231 
1.788264 
1.800130 
1.788443 
1.792165 
1.804741 
1.805012 
1.784781 
1.796988 
1.796198 
1.784568 
1.813220 
1.795282 
1.785178 
1.787528 
1.781790 
1.800164 
1.781516 
1.801261 
1.783010 
1.805046 
1.790670 
1.796073 
1.779349 
1.788570 
1.797293 
1.785757 
1.804131 
1.784568 
1.797293 
1.799489 
1.800774 
1.785086 
1.792775 
1.785518 
1.785788 
1.788138 
1.793691 
1.801079 
1.786704 
1.803761 
1.791316 
1.787833 
1.808643 
1.789419 
1.779416 
1.784536 
1.806572 
1.781857 
1.776975 
1.785452 
1.790400 
1.775687 
1.801385 
1.789664 
1.788808 
1.796163 
1.789724 
1.783077 
1.802876 
1.794852 
1.795522 
1.809928 
1.784263 
1.789054 
1.800099 
1.776670 
1.779685 
1.787833 
1.782705 
1.799249 
1.790670 
1.800650 
1.792775 
1.791316 
1.805012 
1.789419 
1.814200 
1.795553 
1.800164 
1.795858 
1.783560 
1.807148 
1.793631 
1.804066 
1.790670 
1.804676 
1.777213 
1.774710 
1.794606 
1.805351 
1.795462 
1.777213 
1.791621 
1.794547 
1.794911 
1.798333 
1.776024 
1.804007 
1.796132 
1.783347 
1.793996 
1.791281 
1.794911 
1.795858 
1.790274 
1.786002 
1.780264 
1.784171 
1.787044 
1.784298 
1.796773 
1.784781 
1.794637 
1.797078 
1.780509 
1.796163 
1.786002 
1.788840 
1.780203 
1.770226 
1.776602 
1.778770 
1.799519 
1.764334 
1.782034 
1.780569 
1.790095 
1.795462 
1.804096 
1.782340 
1.795522 
1.790944 
1.803215 
1.789145 
1.810416 
1.797599 
1.793996 
1.809928 
1.791011 
1.809013 
1.797904 
1.786367 
1.768090 
1.782645 
1.802540 
1.783383 
1.793722 
1.812305 
1.807182 
1.783042 
1.806267 
1.789664 
1.776907 
1.797599 
1.809928 
1.790670 
1.757988 
1.804131 
1.797078 
1.773795 
1.798573 
1.796437 
1.801385 
1.802300 
1.802266 
1.790579 
1.801871 
1.788808 
1.789145 
1.809318 
1.774193 
1.800650 
1.791555 
1.802845 
1.780296 
1.781119 
1.797994 
1.793326 
1.797963 
1.797418 
1.778770 
1.785697 
1.804066 
1.804436 
1.801655 
1.797599 
1.780264 
1.806877 
1.798909 
1.804066 
1.818471 
1.775414 
1.784781 
1.772940 
1.802787 
1.802300 
1.800130 
1.792716 
1.804981 
1.803702 
1.807182 
1.780296 
1.791860 
1.791316 
1.807059 
1.793757 
1.793021 
1.787283 
1.770262 
1.799124 
1.791249 
1.784603 
1.784873 
1.784873 
1.792716 
1.792470 
1.784908 
1.791316 
1.779288 
1.801625 
1.786739 
1.812335 
1.805592 
1.793386 
1.794062 
1.783926 
1.805838 
1.805286 
1.803826 
1.801045 
1.791249 
1.802300 
1.788229 
1.790274 
1.793757 
1.799430 
1.772025 
1.790060 
1.799124 
1.803520 
1.788264 
1.803397 
1.795858 
1.798514 
1.804436 
1.805317 
1.777152 
1.796808 

1.780264 
1.782772 
1.790400 
1.812979 
1.786398 
1.796378 
1.802540 
1.798604 
1.795282 
1.803181 
1.807728 
1.807487 
1.780906 
1.797904 
1.798573 
1.808707 
1.793417 
1.806267 
1.779043 
1.794606 
1.792231 
1.798209 
1.788503 
1.788229 
1.796742 
1.794242 
1.775077 
1.804618 
1.798573 
1.801995 

1.789450 
1.805533 
1.794547 
1.795282 
1.792196 
1.780509 
1.797963 
1.782737 
1.807669 
1.805592 
1.794672 
1.807453 
1.791249 
1.804312 
1.803520 
1.814471 
1.785824 
1.808402 
1.790029 
1.787833 
1.791860 
1.789180 
1.785483 
1.809806 
1.778196 

1.787959 

1.800435 
1.795282 
1.796773 

1.809928 
1.789450 
1.794547 
1.792470 
1.783383 
1.788138 

1.798333 
1.797383 
1.765250 
1.783957 
1.789054 
1.799794 
1.803826 
1.801655 
1.818351 
1.793996 
1.795892 

1.780203 
1.819629 
1.802876 
1.799249 

1.793936 
1.787588 
1.796503 
1.782737 
1.792470 
1.786129 

1.789359 
1.798573 
1.806267 

1.800130 
1.769827 
1.797047 
1.797723 

1.787349 
1.789450 

1.788198 
1.791891 
1.780636 

1.792411 
1.773246 
1.788264 

1.811026 
1.788503 
1.798028 




1.820544 
1.803215 
1.792411 


1.792501 
1.791190 
1.779991 

1.815662 

1.792470 
1.814994 
1.804066 
1.796198 

1.797723 
1.778433 
1.784298 

1.807422 

1.804923 
1.805286 
1.791011 

1.787044 

1.779898 
1.791555 
1.813284 
1.789724 
1.816641 
1.790885 
1.775687 
1.801690 
1.798299 
1.789969 
1.788570 
1.794637 
1.771720 
1.797293 
1.781790 
1.777855 
1.796988 
1.788808 
1.796163 
1.787044 
1.785391 
1.771415 
1.790029 
1.777585 
1.769522 
1.773856 
1.811420 
1.784171 
1.801014 
1.805046 
1.780906 
1.790274 
1.797353 
1.816607 
1.789664 
1.779959 
1.801995 
1.789664 
1.795587 
1.793722 
1.787009 
1.800040 
1.806877 
1.801350 
1.792105 
1.785757 
1.802605 
1.790365 
1.794547 
1.794911 
1.796468 
1.782645 
1.801625 
1.796468 
1.783077 
1.793080 
1.792231 
1.798333 
1.809195 
1.779991 
1.806812 
1.790095 
1.787009 
1.802300 
1.797078 
1.794547 
1.790944 
1.794367 
1.780942 
1.773184 
1.797658 
1.796437 
1.806232 
1.788264 
1.797078 
1.796683 
1.778160 
1.786093 
1.788443 
1.801930 
1.802876 
1.810721 
1.812000 
1.804131 
1.786398 
1.798878 
1.811725 
1.787893 
1.799124 
1.780569 
1.795522 
1.806144 
1.803150 
1.789180 
1.797994 
1.794547 
1.798573 
1.794332 
1.790060 
1.796988 
1.784298 
1.802571 
1.797963 
1.786739 
1.783042 
1.789724 
1.783077 
1.811942 
1.786977 
1.803181 
1.795767 
1.792775 
1.777550 
1.801871 
1.780942 
1.776329 
1.786002 
1.810169 
1.789180 
1.814383 
1.786977 
1.776060 
1.805622 
1.789664 
1.755242 
1.795587 
1.801960 
1.788748 
1.804676 
1.787009 
1.798573 
1.795247 
1.796988 
1.786672 
1.788875 
1.784171 
1.779043 
1.798639 
1.793417 
1.804066 
1.790400 
1.792470 
1.797418 
1.793021 
1.808707 
1.802176 
1.801690 
1.791891 
1.797904 
1.795462 
1.790705 
1.796468 
1.789419 
1.794852 
1.788264 
1.791891 
1.777152 
1.772362 
1.789359 
1.772635 
1.797723 
1.788229 
1.798333 
1.774803 
1.767211 
1.785824 

1.792231 
1.798299 
1.785391 
1.800164 
1.792231 
1.783316 
1.784298 
1.792411 
1.783010 
1.788264 
1.793111 
1.796742 
1.791926 
1.792231 
1.797078 
1.794547 
1.781180 
1.786002 
1.793386 
1.787009 
1.791800 
1.794062 
1.799735 
1.796437 
1.782162 
1.803181 
1.797113 
1.790060 
1.793326 
1.794942 
1.802540 
1.778806 
1.794027 
1.789969 
1.796132 
1.769522 
1.797047 
1.774100 
1.790029 
1.779721 
1.801960 
1.787833 
1.770499 
1.787314 
1.796437 
1.799430 
1.794301 
1.803520 
1.784873 
1.782645 
1.792196 
1.789054 
1.806202 
1.801690 
1.789145 
1.785697 
1.792775 
1.787619 
1.768301 
1.763550 
1.791555 
1.782127 
1.795522 
1.798944 
1.795462 
1.774193 
1.770438 
1.779654 
1.780331 
1.792806 
1.782645 
1.781790 
1.791891 
1.796683 
1.779721 
1.790060 
1.780906 
1.797963 
1.785788 
1.781729 
1.794606 
1.811725 
1.794547 
1.787283 
1.776602 
1.792501 
1.791555 
1.774710 
1.791011 
1.778128 
1.780601 
1.795462 
1.782705 
1.773619 
1.786398 
1.794911 
1.793146 
1.778465 
1.783077 
1.792105 
1.776297 
1.794637 
1.802176 
1.777213 
1.800164 
1.795247 
1.786398 
1.789054 
1.795522 
1.807182 
1.775077 
1.787959 
1.779991 
1.785391 
1.800404 
1.803826 
1.794942 
1.781119 
1.804371 
1.796378 
1.796503 
1.781552 
1.801079 
1.780569 
1.788570 
1.785697 
1.793080 
1.808097 
1.792501 
1.790274 
1.805897 
1.793111 
1.798819 
1.792501 
1.790944 
1.790400 
1.795553 
1.798209 
1.793146 
1.794637 
1.801566 
1.796742 
1.790095 
1.789664 
1.809318 
1.800404 
1.776297 
1.787349 
1.785788 
1.790579 
1.786977 
1.785178 
1.802845 
1.804436 
1.778067 
1.777550 
1.820182 
1.789419 
1.779991 
1.794852 
1.788808 
1.792231 
1.796773 
1.785391 
1.788840 
1.806449 
1.796073 
1.787588 
1.806572 
1.775687 
1.779075 
1.789664 
1.780569 
1.780331 
1.774803 
1.802300 
1.783010 
1.795587 
1.784231 
1.781424 
1.776907 
1.782162 
1.791891 
1.810233 
1.791281 
1.794852 
1.797994 
1.790274 
1.788570 
1.796773 
1.789054 
1.781485 
1.790400 
1.774534 
1.796773 
1.786917 
1.797383 
1.800040 
1.793146 
1.779991 
1.782950 
1.780331 
1.784231 
1.802605 
1.800130 
1.789969 
1.804007 
1.792470 
1.783383 
1.785391 
1.776365 
1.793021 
1.780569 
1.791586 
1.790885 
1.811148 
1.808402 
1.789145 
1.810474 
1.783652 
1.792716 
1.798878 
1.784908 
1.782127 
1.792775 
1.777550 
1.790095 
1.790060 
1.783560 
1.783010 
1.788875 
1.775414 
1.804312 
1.801319 
1.767386 
1.793691 
1.777244 
1.783866 
1.786612 
1.794301 
1.778806 
1.795767 
1.782432 
1.806144 
1.787893 
1.800774 
1.800435 
1.784171 
1.804676 
1.798944 
1.798909 
1.785757 
1.799554 
1.793722 
1.786672 
1.794062 
1.792501 
1.772879 
1.776060 
1.783866 
1.790334 
1.795587 
1.791860 
1.794637 
1.795522 
1.791316 
1.801655 
1.796988 
1.797963 
1.801385 
1.787924 
1.795462 
1.794911 
1.786739 
1.806754 
1.791011 
1.791891 
1.802176 
1.785757 
1.794367 
1.790274 
1.780264 
1.793417 
1.793996 
1.785824 
1.790060 
1.800435 
1.810111 
1.796742 
1.782162 
1.796773 
1.791249 
1.789485 
1.799214 
1.815604 
1.801385 
1.801014 
1.796773 
1.784231 
1.796378 
1.797723 
1.783957 
1.784841 
1.794062 
1.786307 
1.791249 
1.800469 
1.790274 
1.815604 
1.784841 
1.788875 
1.796773 
1.804312 
1.808338 
1.783077 
1.803702 
1.798573 
1.790095 
1.790334 
1.789485 
1.785086 
1.790639 
1.786434 
1.774466 
1.783383 
1.777244 
1.800040 
1.790639 
1.808097 
1.770837 
1.791926 
1.790365 
1.781857 
1.781485 
1.809623 
1.803486 
1.778196 
1.784171 
1.796808 
1.793631 
1.790944 
1.790400 
1.777550 
1.786307 
1.792470 
1.807182 
1.776939 
1.774161 
1.801995 

1.774100 
1.818408 
1.817522 
1.788198 
1.800435 
1.795767 
1.812674 
1.791891 
1.796437 
1.801566 
1.773856 
1.784536 
1.790639 
1.797113 
1.787009 
1.796132 
1.799554 
1.805012 
1.804007 
1.788503 
1.802571 
1.798268 
1.791011 
1.797383 
1.791190 
1.792165 
1.799519 
1.789419 
1.797994 
1.805533 
1.794977 
1.796988 
1.782705 
1.791281 
1.794242 
1.787893 
1.799859 
1.769006 
1.804312 
1.789450 
1.784171 
1.802235 
1.808097 
1.799519 
1.797047 
1.804131 
1.796468 
1.801261 
1.793691 
1.799183 
1.781552 
1.801655 
1.803092 
1.783926 
1.802571 
1.794062 

1.781424 
1.786672 
1.811148 

1.788138 
1.796988 


1.799183 

1.796378 
1.802540 

1.797994 

1.788198 


1.789419 
1.789790 

1.801930 
1.801350 
1.800164 
1.782432 
1.803092 
1.800099 


1.806267 
1.789724 

1.792165 

1.792411 
1.776907 


1.805656 
1.805286 

1.795858 
1.782400 

1.799824 
1.792716 
1.805592 

1.794637 








1.815115 
1.776939 
1.799124 
1.799794 
1.800740 

1.806232 




1.804401 

1.808338 

1.794606 



1.797963 
1.794977 

1.779898 
1.776602 

1.794547 
1.797418 
1.796683 
1.790639 
1.783688 
1.789969 
1.787893 
1.794062 

1.779654 
1.796503 
1.816607 
1.799183 
1.801385 
1.796683 
1.809864 

1.804066 

1.804707 

1.808402 
1.791860 
1.779721 

1.786977 
1.786434 

1.786672 



1.802605 

1.786002 
1.803215 


1.792411 
1.792775 
1.778501 
1.805622 
1.790274 
1.796132 
1.808097 

1.795157 
1.772940 
1.802266 
1.786977 
1.803520 


1.799124 
1.786062 


1.789664 
1.807487 
1.796378 
1.791891 
1.797418 





1.791555 
1.802910 
1.828812 
1.785391 
1.782127 
1.810169 
1.786434 
1.793111 
1.782772 
1.792806 
1.791495 
1.798573 
1.787314 
1.777213 
1.802910 
1.793722 
1.783255 
1.794606 
1.788570 
1.782705 
1.772703 
1.805012 
1.794547 
1.802540 
1.800709 
1.794027 
1.757988 
1.788570 
1.773888 
1.795216 
1.794027 
1.785452 
1.799249 
1.797383 
1.800345 
1.802540 
1.810233 
1.809284 
1.788138 
1.806507 
1.791011 
1.791800 
1.797723 
1.788534 
1.791891 
1.789969 
1.777890 
1.808948 
1.803215 
1.805012 
1.793386 
1.781857 
1.795858 
1.801319 
1.805622 
1.786367 
1.795892 
1.794942 
1.780264 
1.791316 
1.791190 
1.790944 
1.800345 
1.792196 
1.793631 
1.797353 
1.799519 
1.804131 
1.798909 
1.798819 
1.795827 
1.798299 
1.796073 
1.808707 
1.792716 
1.792470 
1.805927 
1.771964 
1.801625 
1.801385 
1.780296 
1.790274 
1.788808 
1.792411 
1.782705 
1.788138 
1.792716 
1.795522 
1.785788 
1.785697 
1.779075 
1.786917 
1.803150 
1.777585 
1.791555 
1.785788 
1.813861 
1.812552 
1.785213 
1.801960 
1.801871 
1.786977 
1.796808 
1.798909 
1.789664 
1.788808 
1.779721 
1.798604 
1.798878 
1.776060 
1.801319 
1.775015 
1.786434 
1.789145 
1.799794 
1.785213 
1.783347 
1.789113 
1.793757 
1.788534 
1.788443 
1.780331 
1.783560 
1.788808 
1.801350 
1.801690 
1.746426 

1.792470 
1.788443 
1.793080 
1.803215 
1.796773 
1.790579 
1.798909 
1.800345 
1.787959 
1.804618 
1.799794 
1.780942 
1.793722 
1.793631 
1.779991 
1.775015 
1.771110 
1.781247 
1.790975 
1.779288 
1.791555 
1.776329 
1.786612 
1.797658 
1.800774 
1.799519 
1.798819 
1.794301 
1.787619 
1.787528 
1.789485 
1.787924 
1.799124 
1.776907 
1.790975 
1.799519 
1.786398 
1.788503 
1.764465 
1.792411 
1.791249 
1.771048 
1.803150 
1.780814 
1.793452 
1.794332 
1.798514 
1.791860 
1.796503 
1.792806 
1.778128 
1.796808 
1.802266 
1.783866 
1.785757 
1.795247 
1.791495 
1.782705 
1.787528 
1.792196 
1.774534 
1.785697 
1.793757 
1.805533 
1.799794 
1.796073 
1.785146 
1.805656 
1.798909 
1.797353 
1.777280 
1.792411 
1.797047 
1.797418 
1.781424 
1.798028 
1.799430 
1.791011 
1.800469 
1.790060 
1.782705 
1.775321 
1.796773 
1.778738 
1.794547 
1.781485 
1.788840 
1.779959 
1.782467 
1.816520 
1.790944 
1.801385 
1.814166 
1.779959 
1.796503 
1.786093 
1.783316 
1.787619 
1.782705 
1.790705 
1.773583 
1.778372 
1.780331 
1.793722 
1.794301 
1.794332 
1.784231 
1.787009 
1.780814 
1.775414 
1.792536 
1.787222 
1.798878 
1.786434 
1.809284 
1.803397 
1.791249 
1.782432 
1.777518 
1.781247 
1.793021 
1.816272 
1.792196 
1.798209 
1.778501 
1.792196 
1.789664 
1.787283 
1.782467 
1.775077 
1.805046 
1.804007 
1.793996 
1.797113 
1.793631 
1.784536 
1.822013 
1.780569 
1.798028 
1.789724 
1.780636 
1.793080 
1.777890 
1.789969 
1.781180 
1.796163 
1.795462 
1.772025 
1.785452 
1.801385 
1.807792 
1.788264 
1.785452 
1.793996 
1.787349 
1.779288 
1.779349 
1.785824 
1.782645 
1.787654 
1.783652 
1.784171 
1.800099 
1.763550 
1.778465 
1.796378 
1.793080 
1.777280 
1.792165 
1.811114 
1.773795 
1.794977 
1.794027 
1.786672 
1.797047 
1.789485 
1.787314 
1.785391 
1.803791 
1.787222 
1.787893 
1.791891 
1.796073 
1.787924 
1.780814 
1.789724 
1.787349 
1.784908 
1.801350 
1.817187 
1.779416 
1.794852 
1.787009 
1.798209 
1.787009 
1.797904 
1.796163 
1.780264 
1.778196 
1.778067 
1.790705 
1.809864 
1.784568 
1.785757 
1.780296 
1.775626 
1.786739 
1.796808 
1.778067 
1.780264 
1.786434 
1.782432 
1.807364 
1.767516 
1.789485 
1.786704 
1.787528 
1.778677 
1.798878 
1.785391 
1.812915 
1.794027 
1.789113 
1.794637 
1.793021 
1.781552 
1.799519 
1.783010 
1.781857 
1.773184 
1.790400 
1.799214 
1.779593 
1.776907 
1.788229 
1.777762 
1.805897 

1.767821 
1.786307 
1.790670 
1.795157 
1.796503 
1.785788 
1.821217 
1.807792 
1.780601 
1.804741 
1.791586 
1.808368 
1.803092 
1.782400 
1.792716 
1.798878 
1.794977 
1.803791 
1.792165 
1.792231 
1.790944 
1.766775 
1.782705 
1.790095 
1.806144 
1.799519 
1.780569 
1.799554 
1.805838 
1.802876 
1.784171 
1.790944 
1.769311 
1.779898 
1.807728 
1.804436 
1.776329 
1.803092 
1.797963 
1.791621 
1.801014 
1.791011 
1.794852 
1.797658 
1.803520 
1.792501 
1.795522 
1.787044 
1.800740 
1.774405 
1.792165 
1.786093 
1.794911 
1.787959 
1.794637 
1.787528 
1.810538 
1.800435 
1.803397 
1.801930 
1.796808 
1.780509 
1.790944 
1.801960 
1.799183 
1.795282 
1.807453 
1.790885 
1.797904 
1.798573 
1.798944 
1.775108 
1.791800 
1.798573 
1.791586 
1.796683 
1.814441 
1.787924 
1.779898 
1.796163 
1.793326 
1.792536 
1.793386 
1.791011 
1.796163 
1.774710 
1.777518 
1.783993 
1.789755 
1.793326 
1.796742 
1.802300 
1.788138 
1.799183 
1.820607 
1.802571 
1.796742 
1.775719 
1.787833 
1.779654 
1.791926 
1.810809 
1.815299 
1.803215 
1.801655 
1.796198 
1.794637 
1.798209 
1.763481 
1.806267 
1.797078 
1.806754 
1.805286 
1.792536 
1.783347 
1.795858 
1.808643 
1.797688 
1.789724 
1.798028 
1.787924 
1.796378 
1.786367 
1.805351 
1.774839 
1.807364 
1.783316 
1.795892 
1.785178 
1.804618 
1.805046 
1.795553 
1.800164 
1.790365 
1.806202 
1.795892 
1.784263 
1.789054 
1.796742 
1.788875 
1.798819 
1.806507 
1.812369 
1.787619 
1.786062 
1.808063 
1.797353 
1.787349 
1.797994 
1.784781 
1.797418 
1.801045 
1.801566 
1.790705 
1.793111 
1.782095 
1.786307 
1.792165 
1.801079 

1.797723 
1.813861 
1.795767 
1.783621 
1.800040 
1.784298 
1.776024 
1.779959 
1.788534 
1.804066 
1.797113 
1.805622 
1.802235 
1.786434 
1.800435 
1.780874 
1.789180 
1.794027 
1.801014 
1.799859 
1.778738 
1.799124 
1.785757 
1.779288 

1.797963 
1.780026 

1.788808 
1.817251 

1.771110 
1.809623 
1.783347 
1.773184 
1.800404 
1.784908 
1.784873 
1.795767 
1.792470 
1.809318 
1.794852 
1.797658 
1.785788 
1.794301 
1.802876 
1.775321 
1.807792 
1.805622 
1.781424 
1.793691 

1.788198 
1.797113 
1.793080 
1.805656 

1.781790 



1.787588 
1.800774 
1.786398 
1.778677 
1.791860 

1.801930 

1.788875 

1.797293 
1.800774 

1.834220 



1.826404 
1.789969 



1.785146 
1.814505 
1.793021 
1.801930 
1.797418 

1.795522 
1.788570 
1.796163 
1.807364 

1.798819 
1.789113 


1.776602 


1.812064 

1.809501 
1.802571 



1.791495 
1.787283 
1.785824 

1.793996 
1.796198 

1.788443 
1.799859 

1.775992 
1.793757 

1.786307 
1.815967 
1.788264 
1.797293 
1.791249 
1.797113 

1.786367 
1.799824 

1.792841 
1.797078 
1.783621 

1.781424 
1.810169 
1.804007 
1.793386 
1.805656 
1.795247 
1.788443 
1.797723 

1.790400 

1.795827 
1.792411 
1.797113 

1.785391 

1.771964 
1.805592 

1.788748 
1.799489 
1.811759 
1.790060 
1.787833 
1.784536 
1.789790 

1.809559 
1.798514 
1.800709 
1.792841 
1.803826 


1.801319 
1.804436 

1.793936 
1.805286 
1.812674 

1.796683 
1.810779 
1.800774 
1.786367 
1.800469 

1.807669 
1.792841 
1.780509 

1.790885 
1.801014 
1.806267 
1.795892 

1.788138 
1.805351 
1.787222 
1.783926 
1.809318 

1.782340 
1.802540 
1.817861 
1.790060 
1.830558 
1.790334 
1.798944 
1.810504 
1.797293 
1.806812 
1.806754 
1.807487 
1.789359 
1.802845 
1.796378 
1.798268 
1.789485 

1.794852 
1.798573 
1.804618 
1.790944 
1.796808 
1.801045 
1.790274 
1.783077 
1.801045 
1.804007 
1.790944 
1.788875 
1.799735 
1.786739 
1.822099 
1.796198 
1.817217 
1.803397 
1.784908 
1.794027 
1.801261 
1.786062 
1.809013 
1.797078 
1.796378 
1.788503 
1.791621 
1.783347 
1.786002 
1.784603 
1.783347 
1.780203 
1.799183 
1.764160 
1.802266 
1.789724 
1.796808 
1.792841 
1.788840 
1.806449 
1.781485 
1.795553 
1.806507 
1.798333 
1.809806 
1.798944 
1.790579 
1.798878 
1.776670 
1.801045 
1.800956 
1.800709 
1.804066 
1.819997 
1.785483 
1.805533 
1.788198 
1.787654 
1.795216 
1.796773 
1.792470 
1.791190 
1.793080 
1.776670 
1.793417 
1.781857 
1.783347 
1.801319 
1.795282 
1.799519 
1.791800 
1.778128 
1.794977 
1.801350 
1.807975 
1.791586 
1.786612 
1.802540 
1.786739 
1.802571 
1.779898 
1.789113 
1.800435 
1.804371 
1.803520 
1.800130 
1.791555 
1.792105 
1.802540 
1.792501 
1.793936 
1.777518 

1.787528 
1.789485 
1.785391 
1.798639 
1.784873 
1.776541 
1.796378 
1.796437 
1.797383 
1.776236 
1.788229 
1.800345 
1.792196 
1.786307 
1.818713 
1.770262 
1.792806 
1.803486 
1.785697 
1.787044 
1.798514 
1.771720 
1.789485 
1.800435 
1.776236 
1.787283 
1.794911 
1.798333 
1.792806 
1.812030 
1.797904 
1.802845 
1.790365 
1.785757 
1.786739 
1.787893 
1.791011 
1.783866 
1.773924 
1.812945 
1.783866 
1.793452 
1.788748 
1.804371 
1.794062 
1.792841 
1.801045 
1.787833 
1.798878 
1.797113 
1.795553 
1.790579 
1.789450 
1.797963 
1.774229 
1.802571 
1.807975 
1.783316 
1.783652 
1.803092 
1.792165 
1.780942 
1.796163 
1.807728 
1.785518 
1.799554 
1.772667 
1.789664 
1.786367 
1.793757 
1.797994 
1.794637 
1.786917 
1.790095 
1.789145 
1.792105 
1.780569 
1.813284 
1.794332 
1.806144 
1.796437 
1.795587 
1.783560 
1.780636 
1.796773 
1.799554 
1.792196 
1.797723 
1.798268 
1.793722 
1.786612 
1.799554 
1.795767 
1.790029 
1.813861 
1.791495 
1.802300 
1.792196 
1.793080 
1.779685 
1.802845 
1.786093 
1.801261 
1.785757 
1.792105 
1.775931 
1.807792 
1.790060 
1.803150 
1.787654 
1.793417 
1.800709 
1.784603 
1.794027 
1.798819 
1.769921 
1.794852 
1.785757 
1.791316 
1.782127 
1.782705 
1.794062 
1.791800 
1.798944 
1.779654 
1.803181 
1.792105 
1.798909 
1.784476 
1.780026 
1.783560 
1.793996 
1.803826 
1.788229 
1.796437 
1.765686 
1.781516 
1.799214 
1.790639 
1.784908 
1.798573 
1.787654 
1.783042 
1.783866 
1.782095 
1.797293 
1.777518 
1.791621 
1.791926 
1.784781 
1.790400 
1.763818 
1.798333 
1.781821 
1.793631 
1.794942 
1.785086 
1.793691 
1.777890 
1.786704 
1.789419 
1.786129 
1.801045 
1.792411 
1.792775 
1.784298 
1.786093 
1.801930 
1.805046 
1.773888 
1.781729 
1.788808 
1.791621 
1.776939 
1.790579 
1.778433 
1.786739 
1.785697 
1.782400 
1.777280 
1.793452 
1.780874 
1.778501 
1.795587 
1.789664 
1.786367 
1.784908 
1.808063 
1.813773 
1.790274 
1.786739 
1.779380 
1.813773 
1.799554 
1.790975 
1.794062 
1.782127 
1.786612 
1.790400 
1.791495 
1.774466 
1.804436 
1.772667 
1.777244 
1.786917 
1.780942 
1.792196 
1.779349 
1.788875 
1.809623 
1.793326 
1.795522 
1.782772 
1.793417 
1.771658 
1.785452 
1.792231 
1.789755 
1.795553 
1.790885 
1.786977 
1.785824 
1.773924 
1.798209 
1.779685 
1.787283 
1.786093 
1.791555 
1.798299 
1.799735 
1.788808 
1.800435 
1.786062 
1.784568 
1.785146 
1.793452 
1.799735 
1.799735 
1.790060 
1.798268 
1.796773 
1.795892 
1.795462 
1.792841 
1.783652 
1.801319 
1.770262 
1.808368 
1.783560 
1.792806 
1.797904 
1.776602 
1.777280 
1.785788 
1.792716 
1.773551 
1.781821 
1.785391 
1.793080 
1.805351 
1.781211 
1.802176 
1.783560 
1.802910 
1.791586 
1.805228 
1.777518 
1.796163 
1.793386 
1.804741 
1.789113 
1.787959 
1.792470 
1.794942 
1.791926 
1.775414 
1.796378 
1.792231 
1.804436 
1.780601 
1.796683 
1.797658 
1.806267 
1.798909 
1.797904 
1.791555 
1.794367 
1.794637 
1.793996 
1.800435 
1.779593 
1.792841 
1.788138 
1.799794 
1.782467 
1.803181 
1.791190 
1.793691 
1.793417 
1.787314 
1.793021 
1.796132 
1.794332 
1.793326 
1.795216 
1.820607 
1.805927 
1.789419 
1.794977 
1.793936 
1.771415 
1.802605 
1.801871 
1.767753 
1.767691 
1.797353 
1.801995 
1.802266 
1.788748 
1.792806 
1.783560 
1.822438 
1.790885 
1.806877 
1.793722 
1.802605 
1.800740 
1.811084 
1.784873 
1.788503 
1.803702 
1.799489 
1.798333 
1.791555 
1.800469 
1.782737 
1.795157 
1.803397 
1.796742 
1.805046 
1.779654 
1.784603 
1.798299 
1.806507 
1.804741 
1.790579 
1.799489 
1.801079 
1.787314 
1.788198 
1.789790 
1.801045 
1.785697 
1.809928 
1.801319 
1.799859 
1.790274 
1.794672 
1.797293 
1.793691 
1.786367 
1.809318 
1.810111 
1.791249 
1.824269 
1.766259 
1.791800 
1.803215 
1.796773 
1.803092 
1.792165 
1.806877 
1.812640 
1.799735 
1.781790 
1.801995 
1.771142 
1.784171 
1.805656 
1.790975 
1.787833 
1.801625 
1.805656 
1.790670 
1.795522 
1.795282 
1.790060 
1.802176 
1.793386 
1.766906 

1.788503 
1.788503 
1.785178 
1.791495 
1.779043 
1.797688 
1.782340 
1.793452 
1.777457 
1.799519 

1.787833 
1.795522 

1.799489 
1.808673 
1.789113 
1.794062 
1.820879 
1.776329 
1.801014 
1.791621 
1.788534 
1.800099 
1.817522 
1.800345 
1.783560 
1.788808 
1.797723 
1.795553 
1.811026 
1.789790 
1.784568 
1.791495 
1.813895 
1.786704 
1.789969 
1.796683 
1.788808 
1.784908 
1.803215 
1.786672 
1.798944 
1.801045 
1.787528 
1.789485 
1.805961 
1.787314 
1.797293 
1.775382 
1.790400 
1.793111 
1.794242 
1.791860 
1.792411 
1.793996 
1.789113 
1.802910 
1.795858 
1.785086 
1.785146 
1.799735 
1.800404 
1.792231 
1.801566 
1.784841 
1.787924 
1.793631 
1.784908 


1.811148 
1.783042 
1.771048 
1.818471 

1.796073 
1.794911 
1.787314 
1.811637 
1.815420 
1.779075 
1.803761 
1.796808 
1.798514 
1.795587 

1.812857 
1.791860 
1.814505 

1.820607 
1.783957 
1.795767 
1.809253 
1.803520 
1.789180 
1.801960 
1.796988 
1.813525 
1.806202 
1.777280 
1.775626 
1.797353 

1.801385 
1.792196 
1.798333 
1.775719 
1.786129 


1.794301 
1.793452 
1.797078 
1.767753 
1.773924 

1.791190 
1.793080 
1.816030 
1.804741 
1.796773 

1.791621 
1.778983 

1.784908 
1.796073 
1.810169 


1.787893 
1.787283 
1.787654 



1.791926 



1.808280 
1.802845 
1.789485 

1.787283 

1.779898 
1.788534 
1.805012 
1.794332 

1.790579 
1.797353 
1.795553 


1.791586 
1.812247 
1.803761 
1.789180 

1.800774 
1.797994 

1.797723 
1.796468 

1.793996 
1.798028 
1.792501 
1.792716 
1.809253 
1.790705 
1.785697 
1.789180 
1.794637 

1.794911 
1.794062 


1.805286 
1.779380 
1.805961 


1.779654 
1.789485 
1.789755 
1.783316 
1.796503 


1.799489 

1.783926 
1.792536 
1.793111 
1.806144 
1.804371 
1.796808 
1.776541 
1.804401 

1.812000 
1.782772 

1.802605 

1.805286 
1.800469 
1.788840 
1.796378 
1.817861 
1.788534 
1.784231 
1.793722 

1.792231 
1.796132 
1.790705 

1.797047 
1.803520 
1.790975 
1.778983 
1.778501 
1.791860 
1.778160 
1.803092 
1.794637 


1.799489 
1.773924 
1.790639 
1.807669 
1.780331 


1.819323 
1.780874 


1.801625 
1.805656 
1.772057 

1.780569 
1.801690 

1.798268 
1.809013 
1.806232 
1.807728 
1.797904 
1.799859 

1.790334 
1.805656 
1.814471 
1.806754 
1.807487 
1.789359 
1.795282 
1.791555 
1.792716 
1.802876 
1.801014 
1.792501 
1.786002 
1.784603 
1.777855 
1.791800 
1.796198 
1.801690 
1.788748 
1.801319 
1.811026 
1.811148 
1.796468 
1.794242 
1.792841 
1.819658 
1.791800 
1.791555 
1.785483 
1.782340 
1.785178 
1.785391 
1.797658 
1.799554 
1.789359 
1.790639 
1.777585 
1.786062 
1.794977 
1.788840 
1.800956 
1.801385 
1.781180 
1.813284 
1.785178 
1.813163 
1.791891 
1.799183 
1.792536 
1.786398 
1.791190 
1.786307 
1.791281 
1.776060 
1.788840 
1.794242 
1.794911 
1.804741 
1.798299 
1.789359 
1.790944 
1.802300 
1.799124 
1.797113 
1.796163 
1.794852 
1.789419 
1.792806 
1.780203 
1.784568 
1.793021 
1.808673 
1.775382 
1.770262 
1.768090 
1.798209 
1.773314 
1.773888 
1.811725 
1.771483 
1.790670 
1.797963 
1.793757 
1.792105 
1.783316 
1.786434 
1.782737 
1.778738 
1.788875 
1.793722 
1.812552 
1.778738 
1.797994 
1.820182 
1.795282 
1.791800 
1.783316 
1.788264 
1.794637 
1.773489 
1.805046 
1.798604 
1.784171 
1.794301 
1.789113 
1.795892 
1.800164 
1.795858 
1.787619 
1.798819 
1.788198 
1.814200 
1.784873 
1.788748 
1.796132 
1.800435 
1.802787 
1.786672 
1.792231 
1.791891 
1.781424 
1.779111 
1.782705 
1.790334 
1.787222 
1.783652 
1.776541 
1.801625 
1.803826 
1.782127 
1.782950 
1.790334 
1.792841 
1.780906 
1.780874 
1.780296 
1.785697 
1.791249 
1.784263 
1.791800 
1.790705 
1.778465 
1.796132 
1.790705 
1.789113 
1.797599 
1.789755 
1.790885 
1.791249 
1.790705 
1.812030 
1.804923 
1.796132 
1.798909 
1.769217 
1.776975 
1.785788 
1.789969 
1.783347 
1.782645 
1.797723 
1.775414 
1.799124 
1.801625 
1.793146 
1.787654 
1.796132 
1.802876 
1.784781 
1.789419 
1.790095 
1.796163 
1.798268 
1.785178 
1.783621 
1.787044 
1.798819 
1.778067 
1.786672 
1.789485 
1.779685 
1.782645 
1.789419 
1.776975 
1.803092 
1.797047 
1.778465 
1.791860 
1.765991 
1.776541 
1.777213 
1.791860 
1.783077 
1.793722 
1.783866 
1.791926 
1.791281 
1.808033 
1.769616 
1.785697 
1.794367 
1.795553 
1.775626 
1.779349 
1.785483 
1.785391 
1.788503 
1.783383 
1.808673 
1.789969 
1.793996 
1.809623 
1.776634 
1.800345 
1.766837 
1.800040 
1.790705 
1.791586 
1.802787 
1.792165 
1.777585 
1.796468 
1.782400 
1.792536 
1.782950 
1.768058 
1.781516 
1.800099 
1.787044 
1.797994 
1.781729 
1.791249 
1.782950 
1.778128 
1.767516 
1.782340 
1.778738 
1.789180 
1.795247 
1.797904 
1.774771 
1.780942 
1.801045 
1.790274 
1.793691 
1.796198 
1.782645 
1.793691 
1.792231 
1.788840 
1.776846 
1.793691 
1.779416 
1.770226 
1.787588 
1.801385 
1.788138 
1.791860 
1.775144 
1.795462 
1.790705 
1.798028 
1.783926 
1.782162 
1.795767 
1.798639 
1.790365 
1.795462 
1.786977 
1.792231 
1.776846 
1.774161 
1.780331 
1.785391 
1.801350 
1.775015 
1.801014 
1.798333 
1.783957 
1.791800 
1.804981 
1.809623 
1.779991 
1.790579 
1.797113 
1.787619 
1.815604 
1.795216 
1.791011 
1.780601 
1.796073 
1.811695 
1.780331 
1.805351 
1.801045 
1.796988 
1.787924 
1.796988 
1.805286 
1.781516 
1.798514 
1.804741 
1.779991 
1.802176 
1.768973 
1.774229 
1.796988 
1.785146 
1.792536 
1.774771 
1.791926 
1.787314 
1.789054 
1.795827 
1.799249 
1.783866 
1.803520 
1.796773 
1.795462 
1.790705 
1.807975 
1.789180 
1.785178 
1.794911 
1.791555 
1.805046 
1.793326 
1.774771 
1.801871 
1.773551 
1.797688 
1.790579 
1.805286 
1.805961 
1.786093 
1.812552 
1.790095 
1.789755 
1.792105 
1.780026 
1.785483 
1.809501 
1.787349 
1.784873 
1.775077 
1.776670 
1.792411 
1.804436 
1.785483 
1.793936 
1.785146 
1.791281 
1.796988 
1.788808 
1.794637 
1.796437 
1.790705 
1.788808 
1.795587 
1.785146 
1.787959 
1.808979 
1.772269 
1.783621 
1.802845 
1.776670 
1.787009 
1.786977 
1.800469 
1.789485 
1.797904 
1.798878 
1.784908 
1.798909 
1.789969 
1.787959 
1.791586 
1.786307 
1.786672 
1.797113 
1.787588 
1.807792 
1.782737 
1.795827 
1.785824 
1.782400 
1.788840 
1.792105 
1.805286 
1.791621 
1.775626 
1.811454 
1.803215 
1.788229 
1.794606 
1.781857 
1.793722 
1.790885 
1.790029 
1.791926 
1.780906 
1.793631 
1.780026 
1.778160 
1.793936 
1.788808 
1.776297 
1.801079 
1.801995 
1.801871 
1.795522 
1.803702 
1.789450 
1.791800 
1.779959 
1.799554 
1.790975 
1.801690 
1.804007 
1.779416 
1.795216 
1.769957 
1.804007 
1.784841 
1.791621 
1.771752 
1.793631 
1.798878 
1.785788 
1.801261 
1.792775 
1.788138 
1.803150 
1.789145 
1.791316 
1.793722 
1.784781 
1.798028 
1.795247 
1.807792 
1.788198 
1.787349 
1.795553 
1.777518 
1.803181 
1.782340 
1.791860 
1.810233 
1.789664 
1.807728 
1.796773 
1.794977 
1.801350 
1.785391 
1.778067 
1.791860 
1.790060 
1.798819 
1.777518 
1.804436 
1.793722 
1.799794 
1.806843 
1.808585 
1.783316 
1.787619 
1.779288 
1.788198 
1.797113 
1.788443 
1.800709 
1.802266 
1.801014 
1.799519 
1.798514 
1.810233 
1.780569 
1.801690 
1.805317 
1.802540 
1.796503 
1.780296 
1.793936 
1.777518 
1.797113 
1.795767 
1.784908 
1.785391 
1.790029 
1.804436 
1.791586 
1.804066 
1.811759 

1.781119 
1.818408 
1.787654 
1.802571 
1.783255 
1.776907 

1.796808 
1.783621 
1.794942 
1.805228 
1.783993 
1.785483 
1.792105 
1.798878 
1.796773 
1.799124 
1.784536 
1.793757 
1.793326 
1.792775 
1.802571 
1.784781 
1.797113 
1.784873 
1.819571 
1.812000 
1.796163 
1.792231 
1.794242 
1.795858 
1.784476 
1.792716 
1.795827 
1.800956 
1.792196 
1.811026 
1.805046 
1.796468 
1.808280 
1.790060 
1.803761 
1.797383 
1.795767 
1.786977 
1.779075 
1.803702 
1.794606 
1.797113 
1.805012 
1.798944 
1.780601 
1.787222 
1.787349 
1.793722 
1.801079 
1.789450 
1.787833 
1.799554 
1.784568 
1.801319 
1.788840 
1.799249 
1.793996 
1.781485 
1.779991 
1.804312 
1.793691 
1.791281 
1.782400 
1.796503 

1.786307 
1.793691 
1.800469 
1.797994 
1.802787 
1.800404 
1.810233 
1.788138 
1.795892 
1.789724 
1.796808 

1.787833 
1.782095 

1.783621 
1.816641 
1.782645 
1.789113 
1.780026 
1.785178 
1.785452 
1.790400 
1.777550 
1.802176 
1.803826 
1.796378 
1.803761 
1.808097 


1.790029 

1.806144 

1.793080 
1.784781 
1.800099 
1.777823 
1.799214 
1.786612 
1.792470 
1.795553 
1.775015 

1.801079 
1.800435 
1.794301 
1.797078 
1.779593 
1.772362 


1.786398 
1.799735 
1.813773 
1.789359 
1.777213 
1.805317 
1.786002 

1.794637 
1.806812 
1.796198 

1.807364 
1.791011 
1.795827 
1.788264 
1.778465 
1.786977 
1.800774 
1.812247 
1.789113 
1.792231 

1.790579 
1.792841 
1.796742 
1.805351 
1.772330 
1.803215 

1.779593 
1.784536 
1.812674 
1.782950 
1.783688 

1.780203 
1.780331 
1.788138 
1.788503 
1.794367 
1.794637 
1.807669 
1.774498 
1.810721 
1.796808 
1.798909 
1.796378 
1.786062 
1.781857 
1.791621 
1.786977 
1.791281 
1.781119 
1.812915 
1.796503 
1.792716 
1.802845 
1.799554 
1.792470 
1.796163 
1.786672 
1.782950 
1.787044 

1.815356 
1.786977 
1.808402 
1.796468 
1.797293 
1.801319 
1.799554 
1.788840 
1.797353 
1.798028 
1.790060 
1.790885 
1.801319 
1.803826 
1.795553 
1.785086 
1.795892 
1.800956 
1.793691 
1.803826 
1.787009 
1.789359 
1.804981 
1.774803 
1.785518 
1.785178 
1.779380 
1.806449 
1.795282 
1.794547 
1.799794 
1.796198 
1.800130 
1.779288 
1.791860 
1.802910 
1.805927 
1.805228 
1.809284 
1.792105 
1.812915 
1.780331 
1.796988 
1.798268 
1.800740 
1.789969 

1.788570 
1.787619 
1.796378 
1.793996 
1.776060 
1.797383 
1.808585 
1.813831 
1.795282 
1.803215 
1.797994 
1.793021 
1.791860 
1.796773 
1.787528 
1.779959 
1.820302 
1.794332 

1.777518 

1.791800 
1.807487 

1.782340 
1.790400 
1.793021 
1.794301 
1.780942 
1.789724 

1.797904 
1.787893 
1.787044 
1.800740 
1.782095 
1.799124 
1.794367 
1.799430 
1.799859 
1.807148 
1.803761 
1.780636 
1.794062 
1.816302 
1.797293 
1.791860 
1.801079 
1.799824 
1.789054 
1.772940 
1.794027 
1.795216 
1.786434 
1.781516 
1.786672 
1.802605 
1.775719 
1.804312 
1.797418 
1.793021 
1.798028 
1.806449 
1.797418 
1.807453 
1.796073 
1.797658 
1.788840 
1.793936 
1.794672 
1.788534 
1.793080 
1.800469 
1.796073 
1.781485 
1.798028 
1.801261 
1.786367 
1.794852 
1.794911 
1.775449 
1.790579 
1.790885 
1.783010 
1.788229 
1.774534 
1.799519 
1.801261 
1.790400 
1.791586 
1.794332 
1.799735 
1.803761 
1.801079 
1.788534 
1.795216 
1.787349 
1.789755 
1.785697 
1.784231 
1.792536 
1.789145 
1.803702 
1.789450 
1.780331 
1.797599 
1.779043 
1.806267 
1.785824 
1.792105 
1.802845 
1.792231 
1.787009 
1.784476 
1.783926 
1.791281 
1.784231 
1.801014 
1.791011 
1.784781 
1.793691 
1.794062 
1.790975 
1.789113 
1.791316 
1.791621 
1.808368 
1.790885 
1.780264 
1.778501 
1.801960 
1.801566 
1.790944 
1.792536 
1.775626 
1.815051 
1.792231 
1.771142 
1.790579 
1.778128 
1.792501 
1.776060 
1.786917 
1.790639 
1.785824 
1.794332 
1.787009 
1.787222 
1.792165 
1.784263 
1.790579 
1.769584 
1.801385 
1.768701 
1.793691 
1.793146 
1.805622 
1.787588 
1.783347 
1.795157 
1.790705 
1.798299 
1.777518 
1.790705 
1.794332 
1.804007 
1.799183 
1.795587 
1.778983 
1.779991 
1.780814 
1.802540 
1.784781 
1.783866 
1.789180 
1.781485 
1.797418 
1.786367 
1.792841 
1.785391 
1.788840 
1.788138 
1.791555 
1.784568 
1.793021 
1.808948 
1.807182 
1.789113 
1.783077 
1.790579 
1.772398 
1.794942 
1.786977 
1.797599 
1.790060 
1.790365 
1.790274 
1.798944 
1.780601 
1.783866 
1.805961 
1.799214 
1.795462 
1.797047 
1.809623 
1.775414 
1.790274 
1.795892 
1.778160 
1.766532 
1.799554 
1.796163 
1.779288 
1.806572 
1.775719 
1.778677 
1.788570 
1.792501 
1.812857 
1.797688 
1.783560 
1.793691 
1.803826 
1.788534 
1.797904 
1.801319 
1.786434 
1.771752 
1.794242 
1.793996 
1.797723 
1.784263 
1.793631 
1.787044 
1.785178 
1.791800 
1.784536 
1.793757 
1.803092 
1.772025 
1.792196 
1.785391 
1.791860 
1.803520 
1.788748 
1.764091 
1.780942 
1.775449 
1.784536 
1.790274 
1.797113 
1.795522 
1.779380 
1.801385 
1.804707 
1.808033 
1.805656 
1.791249 
1.795587 
1.780296 
1.778128 
1.799859 
1.799735 
1.774161 
1.784908 
1.769522 
1.800404 
1.787619 
1.788748 
1.791011 
1.772667 
1.787833 
1.784231 
1.776060 
1.809864 
1.792501 
1.798819 
1.792536 
1.780296 
1.804436 
1.795247 
1.785391 
1.803215 
1.780601 
1.798878 
1.789485 
1.781821 
1.778677 
1.795587 
1.762598 
1.774405 
1.802540 
1.791190 
1.780569 
1.786307 
1.792501 
1.775931 
1.790095 
1.779898 
1.785146 
1.788503 
1.806572 
1.787619 
1.793326 
1.797963 
1.790975 
1.788748 
1.789755 
1.769889 
1.804436 
1.768395 
1.796437 
1.785518 
1.795767 
1.772330 
1.797383 
1.791800 
1.766565 
1.802540 
1.806843 
1.796742 
1.797113 
1.777855 
1.807364 
1.798268 
1.769616 
1.803397 
1.786977 
1.784908 
1.785178 
1.800099 
1.800435 
1.799430 
1.799794 
1.782162 
1.786612 
1.782467 
1.784568 
1.793080 
1.800469 
1.774100 
1.796163 
1.791891 
1.824879 
1.781729 
1.780569 
1.783957 
1.802540 
1.796683 
1.775687 
1.781729 
1.787959 
1.794242 
1.783926 
1.791891 
1.784841 
1.794027 
1.787528 
1.804676 
1.792716 
1.781180 
1.790060 
1.790639 
1.782432 
1.775321 
1.778160 
1.769522 
1.810779 
1.787833 
1.779043 
1.804131 
1.787222 
1.779959 
1.794852 
1.796742 
1.795587 
1.813556 
1.794242 
1.809864 
1.793722 
1.768301 
1.808097 
1.776236 
1.804981 
1.779593 
1.794367 
1.785757 
1.793146 
1.803181 
1.783255 
1.797963 
1.796503 
1.805897 
1.803215 
1.789664 
1.780569 
1.806267 
1.795247 
1.763419 
1.770873 
1.793417 
1.788443 
1.771415 
1.803826 
1.791190 
1.782095 
1.797078 
1.794606 
1.790400 
1.790670 
1.811332 
1.788808 
1.790060 
1.800040 
1.784231 
1.804741 
1.772057 
1.783866 
1.787222 
1.791860 
1.805046 
1.788840 
1.792165 
1.785824 
1.793996 
1.799489 
1.791621 
1.789664 
1.802481 
1.804436 
1.813468 
1.787654 
1.787314 
1.811084 
1.789359 
1.788534 
1.784908 
1.792716 
1.805592 
1.783993 
1.776329 
1.797599 
1.801045 
1.787222 
1.776297 
1.801319 
1.804436 

1.799124 
1.796198 
1.789113 
1.788264 
1.801566 
1.800404 
1.803826 
1.790975 
1.800040 
1.813220 
1.781821 
1.811026 
1.795216 
1.776634 
1.794672 

1.809928 
1.778465 
1.790060 
1.797293 
1.806232 
1.801261 
1.788840 
1.785697 
1.809589 
1.786672 
1.794672 
1.797688 
1.802481 
1.810843 
1.809589 
1.783926 
1.791586 
1.778067 
1.776297 
1.808338 
1.774771 
1.794637 
1.777823 
1.778501 
1.785391 
1.797963 
1.817251 
1.793417 
1.791495 
1.783010 
1.784873 
1.770438 
1.783316 
1.789450 
1.805533 
1.813589 
1.784476 
1.787654 
1.804371 
1.819387 
1.797599 
1.794301 
1.801625 
1.800435 
1.815909 
1.811454 
1.811725 
1.783316 
1.781516 
1.793691 
1.777855 
1.785086 
1.800774 
1.817522 
1.779593 
1.797113 
1.767691 
1.792165 
1.795892 
1.785788 
1.794301 
1.797078 

1.803215 
1.786367 
1.777585 
1.786398 

1.803456 
1.802605 
1.797994 

1.801690 

1.794332 

1.803761 

1.767175 

1.792501 

1.796742 
1.798639 


1.800774 
1.788229 

1.784841 
1.787959 
1.785178 
1.806202 

1.780601 
1.778433 

1.794027 

1.792806 

1.787588 
1.795587 



1.796163 
1.804618 
1.787588 
1.805961 
1.801045 
1.807975 

1.783957 
1.784873 

1.783957 
1.781821 
1.775687 
1.794027 
1.813220 
1.798639 


1.773856 
1.777890 


1.793722 

1.790334 
1.794942 

1.790365 

1.805961 

1.790944 
1.800774 

1.795216 


1.794911 
1.795282 
1.788840 
1.786002 
1.776365 
1.817522 

1.790705 
1.788229 
1.790885 
1.784231 
1.795553 
1.782645 
1.769279 
1.794977 


1.784171 
1.795553 
1.800164 
1.807148 
1.789790 
1.794242 
1.792470 
1.799249 
1.795247 
1.788138 
1.779654 
1.787833 
1.779043 
1.785824 
1.790579 
1.794977 

1.794547 
1.806202 
1.790400 
1.788534 

1.780636 
1.795858 
1.788748 

1.781180 
1.790670 
1.789113 
1.800164 
1.787619 
1.787528 
1.785518 
1.808673 
1.779416 
1.785178 
1.805351 
1.811725 
1.790029 
1.784298 
1.772057 
1.774161 
1.795282 

1.802605 

1.808280 
1.777585 
1.812945 
1.796378 
1.792806 
1.794606 
1.796468 
1.790885 



1.781211 
1.803150 
1.801655 
1.796073 
1.792841 

1.786977 

1.783560 

1.802300 
1.793021 
1.793996 
1.798909 
1.798514 
1.798573 
1.783993 
1.779380 
1.797418 
1.785178 
1.805656 
1.794027 
1.791860 
1.798944 
1.799824 
1.799183 
1.799249 
1.778465 

1.802235 
1.810504 
1.796378 
1.793757 
1.800435 
1.784908 
1.791281 

1.809864 
1.787959 
1.785178 

1.788229 
1.805838 
1.791190 
1.795892 
1.781485 
1.796503 
1.798209 

1.798909 
1.792716 
1.779111 

1.808033 
1.802910 
1.785788 
1.799183 
1.815420 
1.791281 
1.788748 
1.791860 
1.801995 
1.779593 
1.782705 
1.791621 
1.785391 
1.806507 
1.787924 
1.795157 
1.791555 
1.789113 
1.780296 

1.780296 
1.797904 

1.798028 
1.795462 
1.791800 
1.783316 
1.794242 
1.774803 
1.777152 
1.777823 
1.801690 
1.782737 
1.787283 
1.789113 
1.797723 
1.794242 
1.798573 
1.793757 
1.794332 
1.789969 
1.785146 
1.792231 
1.791586 
1.800650 
1.795216 
1.800345 
1.793080 
1.787044 
1.788534 
1.781424 
1.781180 
1.802910 
1.812369 
1.783957 
1.777762 
1.790334 
1.813284 
1.788229 
1.808643 
1.798639 
1.799735 
1.798573 
1.813589 
1.786093 
1.794547 
1.794301 
1.789790 
1.798299 
1.786367 
1.787619 
1.792470 
1.801995 
1.786093 
1.789969 
1.803150 
1.779721 
1.794027 
1.794911 
1.791316 
1.791281 
1.781180 
1.791281 
1.767386 
1.788198 
1.775108 
1.788748 
1.799794 
1.777550 
1.800404 
1.777890 
1.770743 
1.784263 
1.791281 
1.782400 
1.777890 
1.772879 
1.810199 
1.804312 
1.792165 
1.776329 
1.789359 
1.775992 
1.784908 
1.775108 
1.787528 
1.798268 
1.800469 
1.799519 
1.790029 
1.781729 
1.790705 
1.784568 
1.790885 
1.792775 
1.784568 
1.788198 
1.786977 
1.796468 
1.798333 
1.778983 
1.777855 
1.775687 
1.788875 
1.796773 
1.807975 
1.795216 
1.792231 
1.795858 
1.770262 
1.804401 
1.778372 
1.795522 
1.798819 
1.787283 
1.795767 
1.797658 
1.808402 
1.796378 
1.801079 
1.785483 
1.802176 
1.783621 
1.795858 
1.796378 
1.807117 
1.809013 
1.794027 
1.804981 
1.780296 
1.786307 
1.785213 
1.789450 
1.789969 
1.787283 
1.774839 
1.788840 
1.796378 
1.778738 
1.795157 
1.792165 
1.795587 
1.794027 
1.788503 
1.805927 
1.796683 
1.770873 
1.780296 
1.788264 
1.787314 
1.798333 
1.768395 
1.793936 
1.781790 
1.788875 
1.788840 
1.769217 
1.781485 
1.792501 
1.781424 
1.763786 
1.798639 
1.779288 
1.785146 
1.799859 
1.793996 
1.795282 
1.791011 
1.798819 
1.762565 
1.793452 
1.801655 
1.773184 
1.782095 
1.785518 
1.787893 
1.790400 
1.786398 
1.791800 
1.788808 
1.792841 
1.786704 
1.773489 
1.765039 
1.785086 
1.795522 
1.772703 
1.787619 
1.790579 
1.788198 
1.800774 
1.787924 
1.786739 
1.786002 
1.788808 
1.796163 
1.781180 
1.796773 
1.784171 
1.794301 
1.784908 
1.766470 
1.799489 
1.799554 
1.804618 
1.801690 
1.809894 
1.794242 
1.791860 
1.782737 
1.783621 
1.779721 
1.803791 
1.779288 
1.777518 
1.799554 
1.784263 
1.774100 
1.787349 
1.805927 
1.780814 
1.795282 
1.803702 
1.757105 
1.768668 
1.781180 
1.800164 
1.785757 
1.793452 
1.780296 
1.793326 
1.795587 
1.802266 
1.773489 
1.796132 
1.783383 
1.784568 
1.791190 
1.806877 
1.798878 
1.793146 
1.777213 
1.791011 
1.793417 
1.802910 
1.782737 
1.789359 
1.793996 
1.780636 
1.799519 
1.785824 
1.769006 
1.800040 
1.785178 
1.783010 
1.772093 
1.792501 
1.795767 
1.789419 
1.797418 
1.795858 
1.791800 
1.811725 
1.791190 
1.775077 
1.798028 
1.795553 
1.797047 
1.790095 
1.802571 
1.791316 
1.786917 
1.791555 
1.781790 
1.791621 
1.779898 
1.772330 
1.778067 
1.810779 
1.810169 
1.817251 
1.802571 
1.785697 
1.792775 
1.783347 
1.799430 
1.757142 
1.787314 
1.758904 
1.783993 
1.785178 
1.794242 
1.797078 
1.784908 
1.791586 
1.807975 
1.807487 
1.796163 
1.785391 
1.791316 
1.778738 
1.791011 
1.770194 
1.779721 
1.802787 
1.784536 
1.799214 
1.778677 
1.801930 
1.775015 
1.781857 
1.806537 
1.809195 
1.771110 
1.783077 
1.808979 
1.790274 
1.806537 
1.805228 
1.794942 
1.778128 
1.790670 
1.777518 
1.791926 
1.786612 
1.812369 
1.803791 
1.788138 
1.792470 
1.799249 
1.788229 
1.808585 
1.775992 
1.810233 
1.810199 
1.788443 
1.783926 
1.792501 
1.784231 
1.784568 
1.794911 
1.788264 
1.802176 
1.816607 
1.786307 
1.795282 
1.807148 
1.793691 
1.801045 
1.809501 
1.792470 
1.792536 
1.787314 
1.783688 
1.795462 
1.808338 
1.790095 
1.793722 
1.795858 
1.797658 
1.777585 
1.804401 
1.795827 
1.778806 
1.791891 
1.795767 
1.779959 
1.782034 
1.784841 
1.795587 
1.801625 
1.808063 
1.790579 
1.792165 
1.798333 
1.800404 
1.805961 
1.790885 
1.813220 
1.795858 
1.804007 
1.798944 
1.792196 
1.781119 
1.780636 
1.784263 
1.803397 
1.789145 
1.786917 
1.809864 
1.793417 
1.795157 
1.801690 
1.801960 
1.781790 
1.786129 
1.795247 
1.789664 
1.784568 
1.797599 
1.797963 
1.802876 
1.789419 
1.796808 
1.800130 
1.808338 
1.793417 
1.795892 
1.796073 
1.816272 
1.793757 
1.795827 
1.809318 
1.801960 
1.782095 
1.791891 
1.780509 
1.797963 
1.787009 
1.800404 
1.792165 
1.779416 
1.802481 
1.794301 
1.808673 
1.786002 
1.785146 
1.772398 
1.781119 
1.793146 
1.799214 
1.811454 
1.784476 
1.802300 
1.770743 
1.791281 
1.785452 
1.774534 
1.786917 
1.794977 
1.801350 
1.807669 
1.800404 
1.795157 
1.799859 
1.813773 
1.779654 
1.770568 
1.784568 
1.805838 
1.794606 
1.798944 
1.796742 
1.785213 
1.802266 
1.792411 
1.781180 
1.777244 
1.796808 
1.781424 

1.793452 
1.799124 
1.785146 
1.789790 
1.779991 
1.816030 
1.799519 
1.810416 
1.790639 
1.797688 
1.787044 
1.802787 
1.788198 
1.796198 
1.798209 
1.775015 
1.783042 

1.802266 
1.804312 
1.805317 
1.789113 
1.805317 
1.797113 
1.792196 
1.812247 
1.792231 
1.789969 
1.790029 
1.803215 
1.789450 

1.800404 
1.811759 
1.785697 
1.793080 
1.796503 
1.806144 
1.799249 
1.794637 
1.775626 
1.783957 
1.797904 
1.798909 
1.781790 
1.784476 
1.802540 
1.804096 
1.798944 
1.799249 

1.790885 
1.823015 
1.793631 
1.786062 
1.807059 
1.815051 
1.775108 

1.782095 
1.780601 

1.790670 
1.798514 
1.806202 
1.792231 
1.792196 
1.797658 


1.787528 
1.806202 

1.778501 
1.792411 
1.785518 

1.793691 
1.777280 
1.783347 

1.793691 
1.800164 

1.790705 
1.802787 
1.798944 
1.807148 
1.783255 
1.803761 
1.795858 

1.794301 
1.801690 
1.793111 
1.794852 
1.793386 
1.802910 

1.788503 
1.797994 

1.785213 
1.791011 
1.803486 
1.787528 
1.791011 
1.796163 
1.792165 
1.809623 
1.775687 
1.794062 
1.808280 
1.804436 


1.780636 
1.786612 
1.785757 
1.777585 
1.801566 
1.801655 
1.786977 
1.824879 

1.806202 

1.795553 
1.820269 

1.781485 
1.786739 
1.793111 

1.769584 
1.787654 
1.796468 

1.800099 
1.810721 
1.792775 
1.803092 
1.800099 
1.798604 
1.783255 
1.780569 
1.798639 
1.796683 
1.803456 
1.778677 
1.785146 
1.806267 
1.807453 
1.802540 
1.785518 
1.789790 

1.787619 
1.794242 
1.812305 
1.786434 
1.789359 
1.784536 
1.797113 
1.782467 

1.801319 
1.787654 
1.776329 
1.786739 
1.794942 
1.803150 
1.794672 
1.789755 
1.786307 
1.789450 
1.800040 
1.807117 
1.791281 
1.802176 
1.799183 
1.800469 
1.808979 
1.779898 
1.795522 
1.774229 
1.790639 
1.761377 
1.804371 
1.802300 
1.795247 
1.793691 
1.794367 
1.782645 
1.775755 
1.797293 
1.788138 
1.790639 
1.799430 
1.804676 
1.799859 
1.797383 
1.802176 
1.800099 
1.822743 
1.793631 
1.779959 
1.787314 
1.786612 
1.801319 
1.803181 
1.796437 
1.791621 

1.803761 
1.791891 
1.787528 
1.797599 

1.792165 
1.787959 
1.789113 
1.802605 
1.794242 
1.802845 
1.789790 
1.780509 
1.780509 
1.790944 
1.812674 
1.808097 
1.790365 
1.795767 
1.798639 
1.799430 
1.784841 
1.802910 
1.764091 
1.785213 
1.778067 
1.789485 
1.791249 
1.802300 
1.800650 
1.801014 
1.797418 
1.778677 
1.793080 
1.778806 
1.784603 
1.792196 
1.791860 
1.785518 
1.783042 
1.799430 
1.810538 
1.778770 
1.790944 
1.788264 
1.786977 
1.776060 
1.794637 
1.786002 
1.791281 
1.762565 
1.777244 
1.800099 
1.791011 
1.791891 
1.776541 
1.785824 
1.803092 
1.787283 
1.794672 
1.772972 
1.779593 
1.791249 
1.783957 
1.791860 
1.792231 
1.803702 
1.783042 
1.754021 
1.787654 
1.794637 
1.798333 
1.794301 
1.783077 
1.781211 
1.805927 
1.806812 
1.806267 
1.796468 
1.789969 
1.800774 
1.799519 
1.791800 
1.772025 
1.779380 
1.786367 
1.797293 
1.784536 
1.762293 
1.784476 
1.789724 
1.801079 
1.787044 
1.801079 
1.805046 
1.792501 
1.788534 
1.792841 
1.791891 
1.786002 
1.778501 
1.792196 
1.781119 
1.784603 
1.789755 
1.789664 
1.787044 
1.778465 
1.784171 
1.802571 
1.803702 
1.810721 
1.773856 
1.793722 
1.791249 
1.805351 
1.791281 
1.795462 
1.803181 
1.775414 
1.782340 
1.786672 
1.787959 
1.791011 
1.810809 
1.796988 
1.792501 
1.786917 
1.814136 
1.785788 
1.779959 
1.807487 
1.792196 
1.800130 
1.785086 
1.796198 
1.782950 
1.787044 
1.794332 
1.799824 
1.793021 
1.817217 
1.793936 
1.772025 
1.794062 
1.786398 
1.788138 
1.791555 
1.799249 
1.788229 
1.789969 
1.809623 
1.795553 
1.788443 
1.795522 
1.794367 
1.777244 
1.789969 
1.785146 
1.782162 
1.785178 
1.797658 
1.782095 
1.789113 
1.809589 
1.786672 
1.787959 
1.802876 
1.767386 
1.801350 
1.783255 
1.797688 
1.795767 
1.805046 
1.788748 
1.792196 
1.793326 
1.788570 
1.769347 
1.794242 
1.784298 
1.790975 
1.793021 
1.798299 
1.803702 
1.799794 
1.794977 
1.779075 
1.791316 
1.788229 
1.799183 
1.799859 
1.798299 
1.777457 
1.787893 
1.781211 
1.782095 
1.769616 
1.773924 
1.794027 
1.784231 
1.807758 
1.800709 
1.782034 
1.788198 
1.782772 
1.808673 
1.789969 
1.793080 
1.799554 
1.799430 
1.790670 
1.777280 
1.780203 
1.787283 
1.797418 
1.797904 
1.800709 
1.796988 
1.798268 
1.791926 
1.796773 
1.786434 
1.783042 
1.793417 
1.794852 
1.799249 
1.800740 
1.798514 
1.794637 
1.790579 
1.800099 
1.779416 
1.792716 
1.787893 
1.789485 
1.799735 
1.794242 
1.789419 
1.784908 
1.798604 
1.784781 
1.780331 
1.803150 
1.811454 
1.792165 
1.793146 
1.789969 
1.801960 
1.782950 
1.809864 
1.792775 
1.802910 
1.787314 
1.797599 
1.794062 
1.809253 
1.794367 
1.797293 
1.828173 
1.796988 
1.783957 
1.796988 
1.780942 
1.783621 
1.780026 
1.798909 
1.793021 
1.793757 
1.794242 
1.771110 
1.792841 
1.786672 
1.791316 
1.801350 
1.784873 
1.798209 
1.795522 
1.787349 
1.794332 
1.800404 
1.792231 
1.789359 
1.795587 
1.808338 
1.786434 
1.785483 
1.803150 
1.783866 

1.799554 
1.797904 
1.794911 
1.783688 
1.793936 
1.790095 
1.792196 
1.800040 
1.793757 
1.789450 
1.795767 
1.788570 
1.803486 
1.771048 
1.800774 
1.792501 
1.800650 
1.788503 
1.805046 
1.800099 
1.795587 
1.786307 

1.782162 
1.804066 
1.797113 
1.800164 

1.790029 

1.785146 

1.790400 
1.769921 
1.784781 
1.796437 
1.804436 
1.802571 
1.797047 
1.791926 
1.772667 
1.800345 
1.779349 
1.794301 
1.784603 
1.792716 
1.794301 
1.790400 
1.803791 
1.786002 
1.790639 
1.787009 
1.782034 
1.774498 
1.798604 
1.788229 

1.792806 
1.787619 
1.796988 
1.787314 
1.787619 
1.801261 
1.788503 
1.784263 
1.803702 
1.767448 
1.802910 
1.795462 
1.781790 
1.794367 
1.785391 
1.785452 
1.806232 
1.786612 
1.791860 
1.799430 
1.789359 
1.786977 
1.811759 
1.805317 
1.783866 
1.792165 
1.799249 

1.802481 


1.801995 
1.804707 
1.816882 
1.793452 
1.786093 
1.796132 
1.784603 
1.801871 
1.794977 
1.773583 

1.795522 

1.804981 
1.790975 
1.801319 
1.795587 
1.788503 
1.795858 
1.797963 
1.794367 
1.789450 
1.786977 
1.787349 
1.809318 
1.793691 
1.804707 
1.790274 
1.792501 
1.804741 
1.798819 
1.774229 
1.809284 
1.800404 
1.792196 

1.797658 
1.792231 
1.776939 
1.784908 
1.786917 

1.787349 
1.792165 
1.808368 
1.790060 
1.788534 
1.792716 
1.796742 
1.797113 
1.804707 
1.795462 
1.794672 
1.788748 
1.810474 
1.778196 
1.783621 
1.787044 
1.780906 
1.800040 
1.792536 
1.787009 
1.786307 
1.778738 
1.785788 
1.795587 
1.798604 
1.804618 
1.789419 
1.801995 
1.797688 
1.794062 
1.785178 
1.785146 
1.786739 
1.791281 
1.790579 
1.799249 


1.790334 
1.789724 
1.796808 
1.814200 
1.787283 
1.795462 
1.766601 


1.803215 
1.795553 
1.819266 
1.779416 
1.798819 
1.783621 
1.814505 
1.788264 
1.788534 
1.784841 
1.815420 
1.798604 
1.797353 
1.787349 
1.788229 
1.785757 
1.800164 

1.794062 
1.789755 
1.806754 
1.809864 
1.794852 
1.800164 
1.797047 
1.765686 
1.795858 
1.810809 
1.784171 
1.785178 
1.804007 
1.812610 
1.790095 
1.797293 
1.807487 
1.801566 

1.786704 
1.773489 
1.811759 
1.786672 
1.788443 
1.784231 
1.788229 
1.808280 
1.805351 
1.782127 
1.789054 
1.766906 
1.789450 
1.797418 
1.812640 
1.782034 
1.786977 
1.784873 
1.793021 
1.789724 
1.799824 
1.793691 
1.787959 
1.777550 
1.801995 
1.783042 
1.797904 
1.787044 

1.782340 
1.788808 
1.793111 
1.780203 
1.796073 
1.790334 
1.791860 
1.777280 
1.782737 
1.788748 
1.804371 

1.808643 
1.774534 
1.803486 
1.772879 
1.786367 
1.795767 
1.797963 
1.794637 
1.785697 
1.812610 
1.786704 
1.807728 
1.786434 
1.794911 
1.794242 
1.791249 
1.797688 
1.805533 
1.799859 
1.779380 
1.785391 
1.798639 
1.793722 
1.773184 
1.804371 
1.791281 
1.793452 
1.807059 
1.786129 
1.790365 
1.796198 
1.769616 
1.795157 

1.800040 
1.773314 
1.791891 
1.793021 
1.792841 

1.792716 
1.796742 
1.792165 
1.782467 
1.791555 
1.794332 
1.782340 
1.794062 
1.782645 

1.795247 
1.793691 
1.806812 
1.806267 
1.804007 
1.799859 
1.791281 
1.793936 
1.807117 
1.789419 
1.777890 
1.796073 
1.775449 

1.786062 
1.799824 
1.789664 

1.796073 

1.802787 

1.775626 
1.802605 

1.800040 
1.788570 
1.797904 
1.793386 
1.801871 


1.782340 
1.786977 
1.795462 
1.798909 
1.799735 
1.787893 
1.770873 
1.803791 
1.802787 
1.809928 
1.790639 

1.800099 
1.805351 
1.800099 
1.777890 
1.781516 
1.800956 
1.794301 
1.809806 
1.799489 
1.783688 
1.794942 
1.790274 
1.793996 
1.794547 
1.797293 
1.791249 
1.811148 
1.783042 
1.809195 
1.782772 
1.789145 
1.810416 
1.798333 
1.785483 
1.766227 
1.790095 

1.764160 
1.773888 


1.783042 
1.781424 
1.804371 
1.785518 
1.798909 
1.790639 
1.794977 
1.785178 
1.789359 
1.799794 
1.812674 
1.794637 
1.786002 
1.795827 
1.810199 
1.798573 
1.802910 
1.780296 
1.790944 

1.768395 
1.780814 
1.801014 
1.782772 
1.792806 
1.795767 
1.803761 
1.787959 
1.793417 
1.794852 
1.784536 
1.802605 
1.776541 

1.794672 
1.794852 
1.798209 
1.800774 
1.819571 
1.800709 
1.783621 
1.800164 
1.815115 
1.774710 
1.799859 
1.782127 
1.790639 
1.794547 
1.806572 
1.765954 
1.791495 
1.808948 
1.795587 
1.795858 
1.809806 
1.797353 
1.794977 
1.781119 
1.788875 
1.817217 
1.795587 
1.795858 
1.793146 
1.790060 
1.787833 
1.784908 
1.799214 
1.781424 
1.793691 
1.796198 
1.786398 
1.787222 
1.785213 
1.779685 
1.768912 
1.793146 
1.789969 
1.790400 
1.808890 
1.791011 
1.784568 
1.794672 
1.776634 
1.801566 
1.799183 
1.792841 
1.772330 
1.794637 
1.793021 
1.784841 
1.789450 
1.787588 
1.778501 
1.804096 
1.795462 
1.787314 
1.797353 
1.786398 
1.785757 
1.805351 
1.806537 
1.801871 
1.765617 
1.806537 
1.799430 
1.797113 
1.783010 
1.798878 
1.789450 
1.773184 
1.778806 
1.802176 
1.797047 
1.803092 
1.795827 
1.782467 
1.795462 
1.798028 
1.794332 
1.776846 
1.800740 
1.803702 
1.788198 
1.785483 
1.775015 
1.791860 
1.787959 
1.788748 
1.790334 
1.798944 
1.789145 
1.807728 
1.809284 
1.794242 
1.791249 
1.791011 
1.812247 
1.788503 
1.791011 
1.804007 
1.804371 
1.791891 
1.786307 
1.801625 
1.796132 
1.783993 
1.793996 
1.786739 
1.787044 
1.774405 
1.787283 
1.810233 
1.784568 
1.795157 
1.790400 
1.790975 
1.786612 
1.787893 
1.785086 
1.803761 
1.791316 
1.795247 
1.799735 
1.791621 
1.791891 
1.778433 
1.793452 
1.798909 
1.792716 
1.774466 
1.793417 
1.781119 
1.795892 
1.800740 
1.793080 
1.799554 
1.791586 
1.802235 
1.775719 
1.791495 
1.787893 
1.796198 
1.782340 
1.788198 
1.792536 
1.794637 
1.790579 
1.801385 
1.795553 
1.788443 
1.795216 
1.806537 
1.800099 
1.783255 
1.806202 
1.791891 
1.791190 
1.778738 
1.786434 
1.779380 
1.781729 
1.787959 
1.799489 

1.802266 
1.802481 
1.793386 
1.786917 
1.792775 
1.791891 
1.772269 
1.793722 

1.777244 
1.800040 
1.792501 
1.814078 
1.788840 
1.775626 
1.804066 
1.804096 
1.797599 
1.790029 
1.787619 

1.797418 
1.778770 
1.787893 
1.794332 
1.779111 
1.802266 
1.780026 
1.803181 
1.811637 
1.791249 
1.793452 
1.808368 
1.783560 
1.787283 
1.801385 
1.781424 
1.765007 
1.783993 
1.788534 
1.803092 
1.788808 
1.784568 
1.793936 
1.792775 
1.790095 
1.793722 
1.767996 
1.793691 
1.802300 
1.807059 
1.781180 
1.774161 
1.786434 
1.775414 
1.792105 
1.806507 
1.797113 
1.789969 
1.782772 
1.784873 
1.797113 
1.818743 
1.778372 
1.795282 
1.801655 
1.799554 
1.795247 
1.794547 
1.793757 
1.791586 
1.785391 
1.797723 
1.790365 
1.795892 
1.790975 
1.788748 
1.797963 
1.794062 
1.794547 
1.801014 
1.797599 
1.797078 
1.805533 
1.781790 
1.791281 
1.802176 
1.789969 
1.778738 
1.793722 
1.782645 
1.779043 
1.792841 
1.787283 
1.781821 
1.787222 
1.801319 
1.800774 
1.806754 
1.802235 
1.786434 
1.784568 
1.781180 
1.794942 
1.782034 
1.782705 
1.792806 
1.794242 
1.796468 
1.788748 
1.804371 
1.802300 
1.793417 
1.799735 
1.815051 
1.805046 
1.798909 
1.819266 
1.792165 
1.783957 
1.782705 
1.797418 
1.800709 
1.803826 
1.799519 
1.791495 
1.802540 
1.794367 
1.790060 
1.796503 
1.805351 
1.781516 
1.786917 
1.780874 
1.791926 
1.796378 
1.801045 
1.787222 
1.797383 
1.792775 
1.800774 
1.783042 
1.812369 
1.796773 
1.792716 
1.789485 
1.798333 
1.783957 
1.795767 
1.795827 
1.789790 
1.792775 
1.789755 
1.784536 
1.789180 
1.797383 
1.798514 
1.779959 
1.774193 
1.784263 
1.784781 
1.778806 

1.793936 
1.794606 

1.802481 
1.801930 
1.794062 
1.793386 
1.796132 
1.788840 
1.792716 
1.802540 
1.799519 
1.775382 
1.787283 
1.779111 
1.804401 
1.787222 
1.798268 
1.790400 
1.797078 
1.794852 
1.798028 
1.796988 
1.793691 
1.791926 
1.783010 
1.786739 
1.797383 
1.790400 
1.780601 
1.793691 
1.785518 
1.802876 
1.790334 
1.795247 
1.796683 
1.803456 
1.796683 
1.797047 
1.798333 
1.792501 
1.800345 
1.791555 
1.794367 
1.782737 
1.793757 
1.786739 
1.783347 
1.788443 
1.792716 
1.796378 
1.792165 
1.787349 
1.796773 
1.782950 
1.799183 
1.788748 
1.803520 
1.779288 
1.786977 
1.811148 
1.794606 
1.791011 
1.801655 
1.805838 
1.799794 
1.799859 
1.801350 
1.811026 
1.789450 
1.792775 
1.785824 
1.783042 
1.793021 
1.801014 
1.771788 
1.778677 
1.778806 
1.795858 
1.778433 
1.778501 
1.791800 
1.797963 
1.795587 
1.797078 
1.785391 
1.794637 
1.807669 
1.790400 
1.798604 
1.788443 

1.802266 
1.802481 
1.791281 
1.773583 
1.782034 
1.790029 
1.791891 
1.796073 
1.767821 
1.792196 
1.795157 
1.784263 
1.789969 
1.790334 
1.765954 
1.781119 
1.786672 
1.794062 
1.796163 
1.784781 
1.819018 
1.798944 
1.793146 
1.785788 
1.784476 
1.788808 
1.791926 
1.783652 
1.802787 
1.800404 
1.794672 
1.800345 
1.789724 
1.794672 
1.784171 
1.774161 
1.787654 
1.789724 
1.781211 
1.790705 
1.789485 
1.790885 
1.799489 
1.791586 
1.799124 
1.788503 
1.796503 
1.786398 
1.793080 
1.790400 
1.780203 
1.805897 
1.789450 
1.788138 
1.774771 
1.800774 
1.792716 
1.794606 
1.788840 
1.790639 
1.805656 
1.792196 
1.785824 
1.773184 
1.808707 
1.794637 
1.783866 
1.794606 
1.796503 

1.791555 
1.789180 
1.789969 
1.777280 

1.799859 
1.798299 
1.791495 
1.804371 
1.791316 

1.795157 
1.790639 
1.816030 
1.780942 

1.773583 
1.801690 
1.792470 
1.785824 
1.793936 
1.793996 
1.779111 
1.798299 
1.801871 
1.806507 
1.780601 
1.796073 
1.793452 
1.807487 
1.792196 
1.801261 
1.797658 
1.804741 
1.787619 
1.800709 
1.798944 
1.788534 
1.806144 
1.779991 
1.785757 
1.792231 
1.822405 
1.778128 

1.803702 

1.797963 
1.792470 
1.782340 
1.802571 
1.809559 
1.799249 
1.796988 
1.789180 
1.795553 
1.782340 
1.790029 
1.782162 
1.809623 
1.798604 
1.800956 
1.794911 
1.804436 
1.797904 
1.806267 
1.801655 
1.771658 
1.812064 
1.796468 
1.798819 
1.807422 
1.800740 
1.799249 
1.808643 
1.788229 
1.789359 
1.800099 
1.795587 
1.809284 
1.782432 
1.809806 
1.780026 
1.801655 
1.792105 
1.788808 
1.791800 
1.789450 
1.805351 
1.788443 
1.812305 
1.801079 
1.806144 
1.789724 
1.796468 

1.791621 

1.792105 
1.784908 
1.787833 
1.791860 
1.804981 
1.805046 
1.788748 
1.799249 

1.782095 
1.797113 
1.811695 


1.790400 
1.799430 
1.784298 
1.814166 

1.798028 
1.801655 
1.814746 
1.796437 
1.785213 
1.806537 

1.802571 
1.791190 

1.796132 
1.803702 
1.792165 
1.813861 


1.780296 


1.786093 

1.798604 
1.812857 
1.779593 




1.791555 
1.788229 
1.782340 
1.790944 
1.794242 
1.801625 
1.809318 
1.781211 
1.783010 
1.807792 
1.794027 
1.782095 
1.776670 

1.779111 
1.789450 
1.778983 
1.814136 
1.795282 
1.777550 
1.792411 
1.789145 
1.796132 
1.796808 
1.786093 
1.793631 

1.795892 
1.795216 
1.781552 
1.803520 
1.807148 
1.796988 
1.779416 

1.782034 

1.796073 
1.782095 
1.796808 
1.776939 
1.793021 
1.809013 
1.783347 
1.782034 
1.790639 
1.798639 
1.791891 

1.801385 
1.794942 
1.806812 
1.806267 
1.809501 
1.805286 
1.801385 
1.795553 

1.791621 

1.799489 
1.790670 
1.791495 
1.789755 
1.782340 
1.812305 
1.781729 
1.789485 
1.786704 
1.792470 
1.781119 
1.809318 
1.774710 
1.785518 
1.802876 

1.810233 
1.800130 
1.804096 


1.770837 

1.795892 
1.787654 
1.791281 
1.782034 
1.789755 
1.791495 
1.773924 
1.797658 
1.784298 
1.797994 
1.785697 
1.793722 
1.820239 
1.777762 
1.799489 

1.787528 
1.794672 
1.787924 
1.808280 
1.795553 
1.790705 
1.782162 
1.791860 
1.780942 
1.780601 
1.781729 
1.804923 
1.797904 
1.795858 
1.798639 
1.802266 
1.777585 
1.798299 
1.790885 
1.775992 
1.792105 
1.799859 
1.781821 
1.790579 
1.798878 
1.781516 
1.784171 
1.782095 
1.794672 
1.795858 
1.786129 
1.776541 
1.798268 
1.790400 
1.819048 
1.795216 
1.794637 
1.770743 
1.783926 
1.796773 
1.796683 
1.780296 
1.790639 
1.795892 
1.782950 
1.788570 
1.789969 
1.783077 
1.789664 
1.794301 
1.802300 
1.790579 
1.786129 
1.789054 
1.792775 
1.793146 
1.778677 
1.794301 
1.789180 
1.802481 
1.794301 
1.783077 
1.793722 
1.777762 
1.799554 
1.777762 
1.786367 
1.796773 

1.787314 
1.777457 
1.785757 
1.781119 
1.780874 
1.764334 

1.799124 
1.788198 
1.785213 
1.786002 
1.790639 
1.783383 
1.781211 
1.793936 
1.779959 
1.809623 
1.769006 
1.780509 
1.800709 
1.778128 
1.784908 
1.790060 
1.801625 
1.764160 
1.790060 
1.795282 
1.778160 
1.772879 
1.791926 
1.779991 
1.792716 
1.798573 
1.792841 
1.775108 
1.795522 
1.801045 
1.770132 
1.773314 
1.788534 
1.784171 
1.802540 
1.792841 
1.786704 
1.793936 
1.791011 
1.789724 
1.783042 
1.788443 
1.777518 
1.792470 
1.781857 
1.771447 
1.764160 
1.789450 
1.783621 
1.788229 
1.783926 
1.775755 
1.775414 
1.793936 
1.782772 
1.787893 
1.777280 
1.776236 
1.810169 
1.815997 
1.769889 
1.803397 
1.801385 
1.787009 
1.790579 
1.785788 
1.779593 
1.792501 
1.779593 
1.784873 
1.776602 
1.772269 
1.792775 
1.796988 
1.802300 
1.809013 
1.768395 
1.786612 
1.790885 
1.809928 
1.801960 
1.802481 
1.805961 
1.797293 
1.805351 
1.811026 
1.799489 
1.787893 
1.757753 
1.793021 
1.786367 
1.795587 
1.793722 
1.771964 
1.797963 
1.777585 
1.798268 
1.800469 
1.792470 
1.793452 
1.791586 
1.794606 
1.790095 
1.806537 
1.799124 
1.811084 
1.786093 
1.798819 
1.789969 
1.792165 
1.794367 
1.790885 

1.783957 
1.775626 
1.793146 
1.791800 
1.798573 
1.798639 
1.791860 
1.805622 
1.800650 
1.793386 
1.799519 

1.808368 
1.781516 
1.797904 
1.805927 

1.791281 
1.797688 
1.799214 
1.776634 
1.802266 
1.801960 
1.805622 
1.783652 
1.800740 
1.804436 
1.786398 
1.782095 
1.797994 
1.805286 
1.789755 
1.792196 
1.791495 
1.781790 

1.783255 

1.796808 
1.815115 
1.778372 
1.805533 
1.793080 
1.790705 
1.788748 
1.786917 
1.819018 
1.789359 
1.789145 
1.792716 
1.796073 
1.783560 
1.797904 
1.795462 
1.812000 

1.806144 
1.781729 
1.773246 
1.786612 
1.781790 
1.798209 
1.801350 
1.803181 
1.822070 
1.795827 
1.800164 
1.794242 
1.786739 
1.786977 
1.788229 
1.787654 
1.806572 
1.813468 

1.796683 

1.814166 
1.794606 
1.791249 
1.802266 
1.774193 
1.793111 
1.791190 
1.793722 
1.806449 
1.804401 


1.784171 
1.790670 
1.822013 
1.787924 
1.822623 
1.797383 
1.794242 
1.779685 
1.823234 
1.792501 
1.800740 
1.805317 
1.798299 
1.788264 
1.804401 
1.803826 
1.814505 
1.801871 
1.782162 
1.805228 

1.783688 
1.803486 
1.781119 

1.794027 

1.780636 
1.835863 
1.819997 

1.774534 

1.804371 
1.797418 



1.801690 
1.797293 

1.789664 


1.801995 



1.802910 


1.796198 
1.781424 
1.793936 
1.796163 

1.798514 
1.822680 


1.800164 



1.794672 
1.812030 

1.790885 
1.797723 
1.795858 

1.791495 
1.800650 


1.801960 
1.789755 
1.796808 

1.812857 
1.797293 
1.801625 

1.788840 

1.792105 



1.803092 

1.796198 
1.829151 
1.802266 
1.802605 




1.812030 
1.795553 

1.792196 





1.816825 

1.798909 
1.793722 
1.815081 
1.791891 
1.801261 

1.779991 

1.798604 
1.785788 


1.815386 
1.801655 
1.792806 

1.792501 
1.809894 
1.799824 
1.793631 

1.824149 
1.813250 
1.814994 
1.797658 
1.810199 
1.807975 


1.831473 










1.807364 

1.789054 


1.801350 
1.800040 
1.785391 
1.790274 
1.797994 
1.814471 
1.785391 
1.782340 
1.799124 

1.794332 
1.815997 
1.791281 
1.792105 
1.788748 
1.787528 
1.797904 
1.800130 
1.783993 

1.823015 



1.831559 
1.795587 
1.821154 

1.799824 
1.786704 
1.788840 
1.782127 
1.801350 
1.796437 
1.795157 
1.776634 
1.780601 
1.799214 
1.791891 
1.792806 
1.788443 
1.803397 
1.799430 
1.781516 
1.780203 
1.800164 
1.786434 
1.801261 
1.791281 
1.799430 
1.811942 
1.805351 
1.797418 
1.791011 
1.788443 
1.791190 
1.791586 
1.785518 
1.786002 
1.804096 
1.779898 
1.803702 
1.786434 
1.803092 
1.811637 
1.816520 
1.791800 
1.777762 
1.805927 
1.800040 
1.789664 
1.788198 
1.794637 
1.797688 
1.805533 
1.784171 
1.800040 
1.782127 
1.794062 
1.808890 
1.800099 
1.812857 
1.808673 
1.800404 
1.772269 
1.787528 
1.799124 
1.779959 
1.789664 
1.808585 
1.782705 
1.779349 
1.793936 
1.797078 
1.811332 
1.784476 
1.800740 
1.805838 
1.797994 
1.781516 
1.797599 
1.805533 
1.797599 
1.796773 
1.780296 
1.780906 
1.797599 
1.804096 
1.791495 
1.786307 
1.785391 
1.804618 
1.775931 
1.805533 
1.797599 
1.800345 
1.793080 
1.784781 
1.783866 
1.799859 
1.808643 
1.797688 
1.790060 
1.785452 
1.795157 
1.788840 
1.794242 
1.771720 
1.807453 
1.805228 
1.783652 
1.784171 
1.787009 
1.781485 
1.797383 
1.790060 
1.787924 
1.792196 
1.800404 
1.784263 
1.790334 
1.779075 
1.794637 
1.794637 
1.776907 
1.798909 
1.781247 
1.781790 
1.786917 
1.775449 
1.793757 
1.807117 
1.789145 
1.790400 
1.778501 
1.785483 
1.789755 
1.807453 
1.795858 
1.800435 
1.807148 
1.801014 
1.789755 
1.796468 
1.795858 
1.793326 
1.783993 
1.793080 
1.793631 
1.789359 
1.807758 
1.793936 
1.801350 
1.801625 
1.790334 

1.778160 
1.786917 
1.779654 


1.814689 
1.768363 
1.778372 
1.785788 
