2.428100 
2.410403 

2.425964 

2.436339 
2.430540 
2.415590 
2.422912 
2.420777 
2.432066 
2.424439 
2.444273 
2.450985 
2.438474 
2.436033 
2.425351 
2.416503 
2.425049 
2.438474 
2.418945 
2.420472 
2.438169 
2.430540 
2.431762 
2.435118 
2.448850 
2.420165 
2.416811 
2.429320 
2.437559 
2.417420 
2.434202 
2.425658 
2.434508 
2.425048 
2.447324 
2.439085 
2.432982 
2.424438 
2.429320 
2.426880 
2.458613 
2.429319 
2.426879 
2.434203 
2.438779 
2.426879 
2.436644 
2.442136 
2.421691 
2.421693 
2.414365 
2.435118 
2.424439 
2.405823 
2.433591 
2.418029 
2.460138 
2.433591 
2.411618 
2.423827 
2.456173 
2.411012 
2.418943 
2.418334 
2.440610 
2.406736 
2.421388 
2.441831 
2.409790 
2.427795 
2.436949 
2.425353 
2.417726 
2.434813 
2.437559 
2.439390 
2.422910 
2.416809 
2.425659 
2.432065 
2.435728 
2.434203 
2.444883 
2.421079 
2.406128 
2.430541 
2.399106 
2.415283 

2.412844 
2.414367 
2.417419 
2.413760 
2.424437 
2.427490 
2.421388 

2.446408 

2.424439 
2.434507 
2.401547 

2.451902 
2.463497 
2.451900 
2.411012 
2.426877 
2.433287 
2.427185 
2.428710 
2.440915 
2.433287 
2.437254 
2.438779 
2.398499 
2.403081 
2.431151 
2.455869 
2.418639 
2.420777 
2.433592 
2.427182 
2.436643 
2.430236 
2.437864 
2.430234 
2.426879 
2.436033 
2.434202 
2.441831 
2.413757 

2.417420 
2.411313 
2.451596 
2.429626 
2.445798 
2.423826 
2.433287 
2.432677 
2.417725 
2.442747 
2.434202 
2.436339 
2.426267 
2.440610 
2.440305 
2.443357 
2.432676 
2.450375 
2.442747 
2.427184 
2.427185 
2.402163 
2.420469 
2.404301 
2.418946 
2.430236 
2.418334 
2.432372 
2.445187 
2.447324 
2.444272 
2.418335 
2.432065 
2.435118 
2.412234 
2.446713 
2.427488 
2.422912 
2.425048 
2.450376 
2.448239 
2.429626 
2.424438 
2.426572 
2.405823 
2.425353 
2.433897 
2.425659 
2.441221 
2.434507 
2.409485 
2.427795 
2.423523 
2.423218 
2.449459 
2.450986 
2.430541 
2.433897 


2.409482 
2.445492 
2.440305 
2.445493 
2.448849 
2.432982 
2.414674 



2.447323 

2.413144 
2.417725 
2.426572 
2.434813 
2.442136 
2.419250 
2.434203 
2.407656 
2.434812 
2.416809 
2.444272 
2.426879 
2.423520 
2.426268 
2.427490 
2.411926 
2.440915 
2.429625 
2.402158 
2.428709 
2.426575 
2.444577 
2.444273 
2.433592 
2.427488 
2.429930 
2.437254 
2.434507 
2.453427 
2.432677 
2.420471 
2.418332 
2.421081 
2.469902 
2.422607 
2.428403 
2.416809 
2.451595 
2.430541 
2.428099 
2.428100 
2.408876 
2.423522 
2.424439 
2.438474 
2.436033 
2.428709 
2.433896 
2.437254 
2.414980 
2.427184 
2.419858 
2.429320 
2.448239 
2.449460 
2.408573 
2.425964 
2.434812 
2.412842 
2.438169 
2.420471 
2.451292 
2.421386 
2.434508 
2.443052 
2.424742 
2.413760 
2.440000 
2.429321 
2.429319 

2.417116 
2.422301 
2.437864 
2.429320 
2.424134 

2.462274 
2.437559 
2.412539 

2.427490 
2.446713 

2.457392 
2.448239 
2.422608 
2.424742 
2.427488 
2.404603 
2.435117 
2.431456 
2.451595 
2.441221 
2.419858 
2.396974 
2.420167 
2.440000 
2.432371 
2.436644 
2.419861 
2.424741 
2.436338 
2.432067 
2.427795 
2.435422 
2.433592 
2.442746 
2.422606 
2.440000 
2.426877 
2.421691 
2.455257 
2.434202 
2.431761 
2.421384 
2.436644 
2.440915 
2.433896 
2.445798 
2.426270 
2.409181 
2.430235 
2.410709 
2.421384 
2.426573 
2.440305 
2.441221 
2.417417 
2.426879 
2.411008 
2.427184 
2.430234 
2.435728 
2.428710 
2.429929 
2.447018 
2.449459 
2.430236 
2.427488 
2.427794 
2.428405 
2.419860 
2.426575 
2.425048 
2.430234 
2.456478 
2.431152 
2.422607 
2.435422 
2.429320 
2.438780 
2.426572 
2.423829 
2.444272 
2.443967 
2.433287 
2.458307 
2.416196 
2.433592 
2.433287 
2.436033 
2.422607 
2.423826 
2.435728 
2.455561 
2.434202 
2.415590 
2.423218 
2.440916 
2.431152 
2.436033 
2.407657 
2.428100 
2.435422 
2.430845 
2.436338 
2.439695 
2.444272 
2.434202 
2.421081 
2.435423 
2.446408 
2.422605 
2.452206 
2.448849 
2.430234 
2.444577 
2.427795 
2.432066 
2.406736 
2.437254 
2.424133 
2.448240 
2.406437 
2.407956 
2.431456 
2.425049 
2.433592 
2.439695 
2.425658 
2.438169 


2.417112 
2.430845 
2.429626 

2.447324 
2.437559 
2.433898 
2.447934 
2.438474 
2.419860 
2.436338 
2.422605 
2.434203 
2.441831 
2.425351 
2.414672 
2.435118 

2.432676 
2.430236 
2.425659 
2.407656 
2.420165 

2.431456 
2.427185 
2.442441 
2.431455 
2.427489 
2.447018 
2.450985 
2.426575 

2.417722 
2.423218 
2.430234 
2.436644 
2.425658 
2.439390 
2.421387 
2.435727 
2.435728 
2.427490 
2.427489 
2.434202 
2.429625 
2.425351 
2.419250 
2.436033 
2.421996 
2.454649 
2.430845 
2.442746 
2.438779 
2.411624 
2.448239 
2.446104 
2.411011 
2.436339 
2.406740 
2.433591 
2.418639 
2.447018 
2.445493 
2.434812 
2.444882 
2.426880 
2.417115 
2.436338 
2.444882 
2.439085 
2.432372 
2.445798 
2.448543 
2.411008 
2.437254 
2.428100 
2.426267 
2.401856 
2.428100 
2.416806 
2.412842 
2.426880 

2.443357 
2.426575 
2.439390 
2.422605 
2.436338 

2.431455 
2.420470 
2.433898 
2.440610 
2.410709 
2.448240 
2.428099 
2.445492 
2.445492 
2.456785 
2.439695 
2.447933 

2.431455 
2.445188 
2.411319 
2.438474 
2.443967 
2.440305 
2.426879 
2.441221 
2.409485 

2.428405 
2.447629 

2.446713 
2.437254 

2.424439 
2.434507 
2.440915 
2.431457 

2.438169 


2.456174 
2.436338 
2.428711 

2.428403 
2.433897 
2.439085 
2.420776 
2.428099 
2.431761 


2.424438 
2.430234 
2.438474 
2.430236 

2.418335 

2.428405 
2.423215 
2.440915 
2.443051 
2.433286 
2.426879 
2.444882 
2.428710 
2.434202 
2.428404 
2.455866 

2.417112 
2.420167 
2.425353 
2.437864 
2.420167 
2.434507 
2.416503 
2.447628 
2.435728 
2.426267 
2.430540 
2.432372 
2.446409 
2.444882 
2.452511 
2.406739 
2.419252 
2.435728 
2.431456 
2.437253 
2.420165 
2.449459 
2.424133 
2.440000 
2.432982 
2.442441 
2.438779 
2.426267 
2.421388 
2.449154 
2.428708 
2.422606 
2.431762 
2.437254 
2.447629 
2.425048 
2.426575 
2.432065 
2.463802 
2.431457 
2.418640 
2.452512 
2.437864 

2.421996 
2.418337 
2.433897 
2.418332 
2.438474 
2.422302 
2.417421 
2.420776 
2.447934 
2.423826 
2.433287 
2.419251 
2.428709 
2.413455 
2.440916 
2.424438 
2.419250 
2.417116 
2.442746 
2.443051 
2.424438 
2.439390 
2.420166 
2.445493 
2.440000 
2.438169 
2.441526 
2.433592 
2.450680 
2.435727 
2.441221 
2.422301 
2.421998 
2.429015 
2.439390 
2.450680 
2.437559 
2.438474 
2.429320 
2.432676 
2.434202 
2.437559 
2.451596 
2.439085 
2.443662 
2.432676 
2.401250 
2.416505 
2.419858 
2.410095 
2.448543 
2.420776 
2.423522 
2.436033 
2.429624 
2.423829 
2.414674 
2.434203 
2.411622 
2.433592 
2.460138 
2.428403 
2.439695 
2.433592 
2.436033 
2.433592 
2.409787 
2.422606 
2.432066 
2.411014 
2.414674 
2.447324 
2.445492 
2.436033 


2.420774 


2.431455 


2.448240 

2.444272 
2.439084 
2.428099 
2.428711 
2.441831 
2.452816 
2.421081 
2.448238 
2.437253 
2.434812 
2.421997 
2.440610 
2.434812 
2.443967 
2.439695 
2.411618 
2.443357 
2.425048 
2.438474 
2.431760 
2.424132 
2.413758 
2.430234 
2.435118 
2.421083 
2.397586 
2.412534 
2.436643 
2.424744 
2.443051 
2.436644 
2.433592 
2.433286 
2.428709 
2.428710 
2.446714 
2.418945 
2.431762 
2.408567 
2.430845 
2.437864 
2.429014 
2.436949 
2.412231 
2.427795 
2.435728 
2.426880 

2.435423 
2.425659 

2.424744 

2.421693 
2.429321 
2.425353 
2.447324 
2.445493 
2.407962 
2.438779 
2.435728 
2.440305 
2.439084 
2.414978 
2.440916 
2.435118 
2.430236 
2.428403 
2.403687 
2.416811 
2.418335 
2.402772 
2.430236 
2.440915 
2.425657 
2.455869 
2.440915 
2.427489 
2.429625 
2.410403 
2.437559 
2.436338 
2.433897 
2.444272 
2.437559 
2.429014 
2.430846 
2.415283 
2.415896 
2.420774 
2.411621 
2.444577 
2.452511 
2.427184 
2.423218 
2.424743 
2.424741 
2.421386 
2.448543 
2.410707 
2.389040 
2.429624 
2.418639 
2.438169 
2.406132 
2.403079 
2.441831 
2.441526 
2.420472 
2.410097 
2.424131 
2.433287 
2.440000 
2.421081 
2.423218 
2.421691 
2.411014 

2.419555 
2.437864 

2.433287 
2.424134 
2.424436 
2.439390 
2.438474 
2.406430 
2.415589 
2.446103 
2.444577 
2.420774 
2.438780 
2.432066 
2.417112 
2.423827 
2.436644 
2.432982 
2.434507 
2.448848 
2.416505 
2.446102 
2.430541 
2.417114 
2.454036 
2.427793 
2.440610 
2.429626 
2.412839 
2.415588 
2.430236 
2.432371 
2.420776 
2.430236 
2.438169 
2.409177 
2.425354 
2.436338 
2.426879 
2.437559 
2.430541 
2.426268 
2.441526 
2.407961 
2.431455 
2.450375 
2.444272 
2.412231 
2.437559 
2.417419 
2.443967 
2.419858 
2.433897 
2.439695 
2.420165 
2.460748 
2.432372 
2.452818 
2.429015 
2.432677 
2.412534 
2.436949 
2.443052 
2.425963 
2.428100 
2.430845 
2.435422 
2.426880 
2.429929 
2.437559 
2.445798 
2.431762 
2.417115 
2.430234 
2.426573 
2.421693 
2.442136 
2.425962 
2.428404 
2.422913 
2.434812 
2.422301 
2.427184 
2.417417 
2.426268 
2.443356 
2.432676 
2.437254 
2.413758 
2.445492 
2.408573 
2.416810 
2.432981 
2.441526 
2.444882 
2.436033 
2.420776 
2.410707 
2.418334 
2.423828 
2.442747 
2.424132 
2.429625 
2.432065 
2.419252 
2.431456 
2.452512 
2.411621 
2.420777 
2.400636 
2.447628 
2.407962 
2.436644 
2.449766 
2.429016 
2.449764 
2.405518 
2.416506 
2.400632 
2.439085 
2.418642 
2.417722 
2.420470 
2.429931 
2.436948 
2.438779 
2.436033 
2.431455 
2.415894 
2.421996 
2.454036 
2.417725 
2.423215 
2.406130 
2.431150 
2.449154 
2.437864 
2.421997 

2.401553 
2.440916 
2.443052 

2.444273 
2.443661 
2.439085 
2.445492 
2.435423 

2.431761 
2.412843 


2.427793 
2.433592 
2.442136 
2.432982 
2.424741 
2.429320 
2.444577 
2.428709 

2.432372 

2.429625 
2.410097 
2.444882 

2.416809 
2.424134 

2.388740 
2.435118 

2.419860 
2.442746 
2.443967 
2.416501 
2.452511 
2.410095 
2.414370 
2.429625 
2.426267 
2.432982 


2.444272 


2.436338 
2.442746 
2.418640 
2.451289 
2.436949 

2.425659 
2.419251 
2.444883 
2.429625 
2.440305 
2.443967 
2.430845 
2.445798 
2.424744 
2.427184 
2.433286 
2.450680 
2.424744 
2.430845 
2.436948 
2.425659 
2.447934 
2.450376 
2.432676 
2.432372 

2.449155 
2.435728 
2.435727 
2.444882 
2.433287 

2.436033 
2.450681 
2.414065 
2.429016 
2.444272 
2.444578 
2.433592 
2.434203 
2.435118 
2.428709 
2.425353 
2.440916 
2.427795 
2.418027 
2.453121 
2.413149 
2.442136 


2.447018 
2.446104 
2.430845 
2.429625 
2.421386 
2.424744 
2.446408 
2.432676 
2.421691 
2.429016 
2.444577 
2.425049 
2.446104 
2.430846 
2.430236 
2.435423 
2.434508 
2.439390 
2.429319 
2.433287 
2.413758 
2.422301 
2.465630 
2.431455 
2.453427 
2.423524 


2.444272 
2.417417 
2.434203 
2.434202 
2.431455 
2.426879 

2.440000 
2.408875 
2.417421 
2.453733 
2.426268 
2.446713 
2.403689 
2.434508 
2.422607 
2.444273 
2.421693 
2.421082 
2.420774 
2.433287 
2.432372 
2.449461 
2.422301 
2.413455 
2.445187 
2.428403 
2.439695 
2.438779 
2.436949 
2.440000 
2.419860 
2.440305 
2.434202 
2.407044 
2.429626 
2.429320 
2.445188 
2.441220 
2.443662 
2.410400 
2.422303 
2.436643 
2.425351 
2.422606 
2.438169 
2.429015 
2.438474 

2.436033 
2.423523 
2.440610 
2.422302 
2.451292 
2.446408 
2.432067 
2.412538 
2.422605 
2.430541 
2.432981 
2.442441 
2.415590 
2.441831 
2.442136 
2.452511 
2.443052 
2.408573 
2.456480 
2.432981 
2.437864 
2.409793 
2.453426 
2.417420 
2.423520 
2.427488 
2.452816 

2.419555 
2.414063 
2.417112 
2.447324 
2.431761 
2.436948 
2.433592 
2.431761 
2.440916 
2.443662 
2.429320 

2.410398 
2.433287 
2.447934 
2.409177 
2.433287 
2.424134 
2.437864 
2.441526 
2.428404 
2.442747 
2.425658 
2.450985 
2.430236 
2.428708 

2.438169 
2.424131 
2.430236 
2.418031 
2.446713 
2.407962 
2.421082 
2.435727 
2.443662 
2.437254 
2.411927 
2.416503 
2.425659 
2.419248 
2.429015 
2.440305 
2.425658 
2.418947 
2.412229 
2.430540 
2.413760 
2.448849 
2.424436 
2.420166 
2.441831 
2.428100 
2.439390 
2.415285 
2.421384 
2.433287 
2.412234 
2.418946 

2.442136 
2.447934 
2.437559 
2.416201 
2.419553 
2.422913 
2.447629 
2.449765 
2.393619 
2.421079 
2.436338 
2.426575 
2.439695 
2.445798 
2.410095 
2.443967 
2.423826 
2.432982 
2.434812 
2.423218 
2.434202 
2.436033 
2.417115 
2.432981 
2.446713 
2.456171 
2.416810 
2.446409 
2.443967 
2.433287 
2.418030 
2.426877 
2.443051 
2.401853 
2.408875 
2.434203 

2.441221 
2.440305 
2.417116 
2.415589 
2.419248 
2.472346 
2.422303 
2.438779 
2.450985 

2.444882 
2.432677 
2.429931 
2.445188 
2.425659 
2.413149 

2.437559 

2.419252 
2.424131 
2.446713 
2.414975 
2.421693 
2.421692 
2.429319 
2.426268 
2.422303 
2.419248 
2.417419 
2.409486 
2.439085 
2.458612 
2.432066 
2.432372 
2.455562 
2.421081 
2.453425 
2.421082 
2.424437 
2.437254 
2.425962 
2.435728 
2.441221 
2.453731 
2.432676 
2.440915 
2.427795 
2.430540 
2.436949 
2.446408 
2.410092 
2.438474 
2.438474 
2.451901 
2.443356 
2.428100 
2.442746 
2.414980 
2.431761 
2.437559 
2.427182 
2.420472 
2.447629 
2.411011 
2.425964 
2.408876 
2.443967 
2.418639 
2.415283 
2.442746 
2.403081 
2.428100 
2.425659 
2.408876 
2.443051 
2.430845 
2.446713 
2.431457 
2.447018 
2.433897 
2.443051 
2.424742 
2.428100 
2.440000 
2.429320 
2.441831 
2.419250 
2.410098 
2.416199 
2.432677 
2.431761 
2.427490 
2.413757 
2.445798 
2.428403 
2.429015 
2.412539 
2.414674 
2.422300 
2.445493 
2.401858 
2.403989 
2.434507 
2.451595 
2.420776 
2.408567 
2.408264 
2.412233 
2.432066 
2.436339 
2.438169 
2.433286 
2.425659 
2.417114 
2.422302 
2.426879 
2.438474 
2.442747 
2.449460 
2.432372 
2.426269 
2.420472 
2.415284 
2.410095 
2.425964 
2.425048 
2.407346 
2.428404 
2.440610 
2.410097 
2.443662 
2.436338 
2.450986 
2.407346 
2.416811 
2.429931 
2.435117 
2.445188 
2.415896 
2.425046 
2.440305 
2.425659 
2.436949 
2.447018 
2.412843 
2.429929 
2.400636 
2.442136 
2.433592 
2.439695 
2.443356 
2.421994 
2.414672 
2.421388 
2.440610 
2.421689 
2.414672 
2.416201 
2.446713 
2.418027 
2.416506 
2.419251 
2.430845 
2.421079 
2.446103 
2.436949 
2.429625 
2.426877 
2.433592 
2.452205 
2.450376 
2.417114 
2.442441 
2.434507 
2.452205 
2.415894 
2.440915 
2.425354 
2.424741 
2.443357 
2.415283 
2.426574 
2.429624 
2.418639 
2.420776 
2.414672 
2.431762 
2.443967 
2.426572 
2.426879 
2.431457 
2.440305 
2.423827 
2.453120 
2.419556 
2.436644 
2.417725 
2.423826 
2.432066 
2.436644 
2.449766 
2.427795 
2.420469 
2.427490 
2.407656 
2.415891 
2.411624 
2.432372 
2.429929 
2.425659 
2.428405 
2.440916 
2.404908 
2.429626 
2.419251 
2.439695 
2.430845 
2.426575 
2.442441 
2.421388 
2.422300 
2.433897 
2.420472 
2.405521 
2.420776 
2.408872 
2.425354 
2.432676 
2.446103 
2.455257 
2.426572 
2.448544 
2.445492 
2.416199 
2.434507 
2.449765 
2.427489 
2.454952 
2.440915 
2.446713 
2.411011 
2.431762 
2.417724 
2.416199 
2.407045 
2.423215 
2.428099 
2.434507 
2.454646 
2.439390 
2.423217 
2.432372 
2.436643 
2.477537 
2.434203 
2.439085 
2.419556 
2.440610 
2.432981 
2.429320 
2.417115 
2.437559 
2.444577 
2.436948 
2.421998 
2.435728 
2.442136 
2.429320 
2.421692 
2.430541 
2.426269 
2.436033 
2.427184 
2.432372 
2.431151 
2.429015 
2.417417 
2.407654 
2.416811 
2.420776 
2.451596 
2.409181 
2.440000 
2.421692 
2.409787 
2.447018 
2.421693 
2.437254 
2.445492 
2.406437 
2.435423 
2.428100 
2.442441 
2.459531 
2.435423 
2.431457 
2.429931 
2.432676 
2.404603 
2.443967 
2.450069 
2.446714 
2.420776 
2.424439 
2.414060 
2.426573 
2.425964 
2.415894 
2.418027 
2.447018 
2.411929 
2.442441 
2.436643 
2.423217 
2.412538 
2.424741 
2.440305 
2.437254 
2.451597 
2.440000 
2.434813 
2.434812 
2.443967 
2.424438 
2.426267 
2.401246 
2.422608 
2.444882 
2.427793 
2.421081 
2.454341 
2.422910 
2.426270 
2.435727 
2.446713 
2.430845 
2.422606 
2.450375 
2.458311 
2.436033 
2.432982 
2.427489 
2.410095 
2.420166 
2.435728 
2.430541 
2.415281 
2.405823 
2.437864 
2.422910 
2.436949 
2.402161 
2.436644 
2.445492 
2.422910 
2.436949 
2.451292 
2.419858 
2.426268 
2.455561 
2.449766 
2.438779 
2.436338 
2.423217 
2.449154 
2.427184 
2.441831 
2.414980 
2.418639 
2.429016 
2.447323 
2.411316 
2.428100 
2.427184 
2.418943 
2.412842 
2.430236 
2.402773 
2.413452 
2.438474 
2.428710 
2.439695 
2.442746 
2.432982 
2.443662 
2.428708 
2.439390 
2.421997 
2.428100 
2.433896 
2.421691 
2.437559 
2.436033 
2.409485 
2.424439 
2.422910 
2.412536 
2.442746 
2.427184 
2.441831 
2.408872 
2.426268 
2.420777 
2.433897 
2.434202 
2.440915 
2.429321 
2.424743 
2.427488 
2.429626 
2.426879 
2.419553 
2.413147 
2.401553 
2.413149 
2.414674 
2.412536 
2.449764 
2.426879 
2.429624 
2.409180 
2.395755 
2.453733 
2.422606 
2.422302 
2.418337 
2.450375 
2.414672 
2.421693 
2.430234 
2.422912 
2.432066 
2.417726 
2.420166 
2.434507 
2.414369 
2.424437 
2.432372 
2.433592 
2.419248 
2.452511 
2.427185 
2.431760 
2.409485 
2.425964 
2.432066 
2.434507 
2.405823 
2.420471 
2.418332 
2.424437 
2.432677 
2.450985 
2.432676 
2.425353 
2.422912 
2.392096 
2.433592 
2.439390 
2.423520 
2.440610 
2.421997 
2.446104 
2.440610 
2.416198 
2.445492 
2.430846 
2.435117 
2.423218 
2.408876 
2.447324 
2.421081 
2.435118 
2.425659 
2.417114 
2.452205 
2.433897 
2.426575 
2.413453 
2.436643 
2.425048 
2.416196 
2.397586 
2.423215 
2.420776 
2.424131 
2.446713 
2.431455 
2.448238 
2.414369 
2.431760 
2.432676 
2.451289 
2.449154 
2.434813 
2.423828 
2.416809 
2.434508 
2.419858 
2.446104 
2.424437 
2.435118 
2.419860 
2.419557 
2.418640 
2.434507 
2.410709 
2.436643 
2.436643 
2.410706 
2.450984 
2.427489 
2.421386 
2.445798 
2.449460 
2.426879 
2.411618 
2.414062 
2.430541 
2.421384 
2.445798 
2.445492 
2.453733 
2.414672 
2.443967 
2.427794 
2.413148 
2.455259 
2.429320 
2.430846 
2.429624 
2.436948 
2.401250 
2.416806 
2.407044 
2.437559 
2.418335 
2.427793 
2.429626 
2.418332 
2.420167 
2.448849 
2.434508 
2.415283 
2.430846 
2.411621 
2.437559 
2.435423 
2.413760 
2.427185 
2.424439 
2.408878 
2.433592 
2.434813 
2.440610 
2.432982 
2.432981 
2.423522 
2.427795 
2.420471 
2.457088 
2.414980 
2.419250 
2.442441 
2.440000 
2.435423 
2.424133 
2.439085 
2.447018 
2.412842 
2.436643 
2.440610 
2.433592 
2.452511 
2.427794 
2.434508 
2.456477 
2.427488 
2.418332 
2.440305 
2.429931 
2.435423 
2.427794 
2.434507 
2.430541 
2.437864 
2.442136 
2.427795 
2.425351 
2.437864 
2.430846 
2.424438 
2.447018 
2.429931 
2.423827 
2.449154 
2.437559 
2.414979 
2.436033 
2.425354 
2.441831 
2.429626 
2.436338 
2.427184 
2.432065 
2.426573 
2.433287 
2.418637 
2.444882 
2.436338 
2.398190 
2.403081 
2.408266 
2.408261 
2.437864 
2.432372 
2.421692 
2.418031 
2.400943 
2.437254 
2.431457 
2.434507 
2.427489 
2.444577 
2.415891 
2.435118 
2.400334 
2.423828 
2.413147 
2.439390 
2.423828 
2.446409 
2.467769 
2.437254 
2.426269 
2.437559 
2.438474 
2.436643 
2.434813 
2.397885 
2.443662 
2.413449 
2.430845 
2.428405 
2.455869 
2.442136 
2.436948 
2.447018 
2.441221 
2.416201 
2.431762 
2.428100 
2.416806 
2.426573 
2.426575 
2.412842 
2.418030 
2.423522 
2.415896 
2.436338 
2.418334 
2.433287 
2.428710 
2.444272 
2.422910 
2.425049 
2.424438 
2.444578 
2.460748 
2.413758 
2.441526 
2.426880 
2.421997 
2.445492 
2.431151 
2.444272 
2.427489 
2.425962 
2.416506 
2.447934 
2.430541 
2.444272 
2.431150 
2.430539 
2.437254 
2.431151 
2.433897 
2.432065 
2.436948 
2.433897 
2.420774 
2.428099 
2.446408 
2.415586 
2.443661 
2.436949 
2.439390 
2.445492 
2.441221 
2.432066 
2.422913 
2.423215 
2.421689 
2.431762 
2.418029 
2.431456 
2.447018 
2.429929 
2.425354 
2.434202 
2.438169 

2.449765 
2.413148 
2.421079 
2.442441 
2.435118 
2.427795 
2.439390 
2.439695 
2.425657 
2.426572 
2.430236 
2.432371 
2.436033 
2.456171 
2.420163 
2.433287 
2.424741 
2.412231 
2.419553 
2.437254 
2.430540 
2.408573 
2.430539 
2.418337 
2.438780 
2.436033 
2.433287 
2.441831 
2.448543 
2.423826 
2.447018 
2.418640 
2.446104 
2.451901 
2.424744 
2.449154 
2.428403 
2.432371 
2.450375 
2.431761 
2.432371 
2.447934 
2.419250 
2.424133 
2.438169 
2.403687 
2.450679 
2.418943 
2.423829 
2.412843 
2.431455 
2.419250 
2.422608 
2.423523 
2.421384 
2.429015 
2.435118 
2.416501 
2.440610 
2.418947 
2.441221 
2.450985 
2.405827 
2.424743 
2.420166 
2.426572 
2.421691 
2.419861 
2.420469 

2.427182 
2.452816 
2.414674 

2.465630 
2.424743 
2.441526 
2.421388 
2.421997 
2.431456 
2.430234 

2.424133 


2.463495 

2.439390 

2.419248 
2.447933 
2.403684 
2.425048 

2.450069 
2.421994 
2.427794 


2.460445 
2.435728 
2.424437 
2.426879 
2.421689 
2.428709 
2.421388 
2.460444 
2.444578 
2.436033 
2.449766 
2.447018 
2.438474 
2.449460 
2.429931 
2.474175 
2.437253 
2.416503 
2.422608 
2.424437 
2.430234 
2.419252 
2.430234 
2.426573 
2.420472 
2.440000 
2.417112 
2.461666 
2.436033 
2.443967 
2.439390 
2.421994 
2.411011 
2.433898 

2.419248 
2.432372 
2.444272 

2.428100 
2.421689 
2.440915 
2.421692 
2.437559 
2.440915 
2.431457 
2.438169 
2.421384 
2.421081 
2.436949 
2.414979 
2.425657 
2.438474 
2.413758 
2.437864 
2.443052 
2.431152 
2.437254 
2.451597 
2.425048 
2.432982 
2.418027 
2.433592 
2.429931 
2.422912 
2.436338 
2.454952 
2.447934 
2.422608 
2.462885 
2.442746 
2.414675 
2.430541 
2.438779 
2.423522 
2.451292 
2.420470 
2.425659 
2.423520 
2.425659 
2.431761 
2.449461 
2.408875 
2.395139 
2.456782 
2.445798 
2.410706 
2.427488 
2.419860 
2.421083 
2.406736 
2.462581 
2.421693 
2.436643 
2.414672 
2.457392 
2.420163 
2.465328 
2.422608 
2.439085 
2.457392 
2.407350 
2.445493 
2.441221 
2.445797 
2.410703 
2.430845 
2.445493 
2.432066 
2.430846 
2.422301 
2.427185 
2.440000 
2.418947 
2.424741 
2.422608 
2.418027 
2.413757 
2.449459 
2.444578 
2.439695 
2.405210 
2.423217 
2.412842 
2.411014 
2.426268 
2.430845 
2.419250 
2.424134 
2.432676 
2.423522 
2.435118 
2.428098 
2.436033 
2.420167 
2.423827 
2.419556 
2.436948 
2.455561 
2.418943 
2.418337 
2.444272 
2.427182 
2.419862 
2.425963 
2.432372 
2.445187 
2.439084 
2.433287 
2.419252 
2.432982 
2.409793 
2.433287 
2.431456 
2.416806 
2.420471 
2.407346 
2.424132 
2.407956 
2.425963 
2.438169 
2.422300 
2.429931 
2.428098 
2.420776 
2.430236 
2.445797 
2.442441 
2.451596 
2.407657 
2.407656 
2.431455 
2.415590 
2.443051 
2.434507 
2.452206 
2.436033 
2.408567 
2.429931 
2.422910 
2.436948 
2.429626 
2.437254 
2.421387 
2.415283 
2.445187 
2.421994 
2.420777 
2.439390 
2.399724 
2.418027 
2.428100 
2.421387 
2.436339 
2.407045 
2.424741 
2.418031 
2.430234 
2.453121 
2.421692 
2.434507 
2.410403 
2.435117 
2.445797 
2.416810 
2.426267 
2.421692 
2.424741 
2.415893 
2.429320 
2.435728 
2.417420 
2.429319 
2.425963 
2.444882 
2.434507 
2.417419 
2.420167 
2.427184 
2.435423 
2.422912 
2.444577 
2.428098 
2.425048 
2.446713 
2.453426 
2.422910 
2.404909 
2.438474 
2.409183 
2.440305 
2.409790 
2.428710 
2.436949 
2.425964 
2.438169 
2.442136 
2.426574 
2.446408 
2.440305 
2.407956 
2.417114 
2.456782 
2.444272 
2.411927 
2.412538 
2.417115 
2.422910 
2.447934 
2.430846 
2.414063 
2.411618 
2.430236 
2.435423 
2.421994 
2.437864 
2.422606 
2.425353 
2.444882 
2.419861 
2.447324 
2.434508 
2.432066 
2.437864 
2.432067 
2.417115 
2.424741 
2.406739 
2.422303 
2.436338 
2.445798 
2.411926 
2.420776 
2.418030 
2.429624 
2.425963 
2.423829 

2.421082 
2.430845 
2.429319 
2.416199 
2.431150 
2.443662 
2.436338 
2.428708 
2.447018 
2.442441 
2.433592 
2.436643 
2.432066 
2.422300 
2.413757 
2.421693 
2.424133 
2.422301 
2.428098 
2.433287 
2.423215 
2.443661 
2.413144 
2.437864 
2.421689 
2.433287 
2.417722 
2.423827 
2.418947 
2.419858 
2.424742 
2.442441 
2.447935 
2.412231 
2.446102 
2.421079 
2.432676 
2.446102 
2.429321 
2.436644 
2.422605 
2.414672 
2.421693 
2.439085 
2.428708 
2.429625 
2.437864 
2.446408 
2.415281 
2.434812 
2.436644 
2.426269 
2.447934 
2.432677 
2.426574 
2.426877 
2.422912 
2.440305 
2.413148 
2.438169 
2.416809 
2.443661 
2.423523 
2.435117 
2.416198 
2.422913 
2.440916 
2.422301 
2.442136 
2.424438 
2.431150 
2.436033 
2.435728 
2.422605 
2.425963 
2.423524 
2.421692 
2.422605 
2.426573 
2.435118 
2.418946 
2.442136 
2.426880 
2.419553 
2.450070 
2.430235 
2.409793 
2.417724 
2.447628 
2.421998 
2.417726 
2.416809 
2.427185 
2.403992 
2.435728 
2.422910 
2.426268 
2.433897 
2.430845 
2.431762 
2.448849 
2.431150 
2.429930 
2.452510 
2.415589 
2.432981 
2.439085 
2.410709 
2.414369 
2.413755 
2.412842 
2.445187 
2.427184 
2.440916 
2.443357 
2.422608 
2.443662 
2.418334 
2.454951 
2.432982 
2.433592 
2.430846 
2.420163 
2.453121 
2.425351 
2.436643 
2.426269 
2.447018 
2.413452 
2.399411 
2.426879 
2.441220 
2.437864 
2.409485 
2.426270 
2.427793 
2.429320 
2.436033 
2.409181 
2.441221 
2.435423 
2.414674 
2.431151 
2.431151 
2.425658 
2.435423 
2.432676 
2.425962 
2.408569 
2.416806 
2.421388 
2.412844 
2.429625 
2.417112 
2.430236 
2.438779 
2.410398 
2.424743 
2.415891 
2.421082 
2.410703 
2.400637 
2.412842 
2.409486 
2.444577 
2.396665 
2.416196 
2.410400 
2.425049 
2.431455 
2.449459 
2.415586 
2.434812 
2.425658 
2.442746 
2.421387 
2.449766 
2.434812 
2.434812 
2.445187 
2.427795 
2.442441 
2.444883 
2.413452 
2.402773 
2.420163 
2.442441 
2.411929 
2.427184 
2.451901 
2.442746 
2.415894 
2.445797 
2.420163 
2.408875 
2.439390 
2.443967 
2.418335 
2.382632 
2.439695 
2.436949 
2.410092 
2.435728 
2.432676 
2.436949 
2.443661 
2.443967 
2.435117 
2.445493 
2.423827 
2.427489 
2.442441 
2.413148 
2.438779 
2.426268 
2.443967 
2.416505 
2.416501 
2.435118 
2.426572 
2.434202 
2.430846 
2.411927 
2.425351 
2.447324 
2.442746 
2.441831 
2.427488 
2.411621 
2.443051 
2.430541 
2.431761 
2.459223 
2.409792 
2.414975 
2.411316 
2.435117 
2.447018 
2.441526 
2.421689 
2.441526 
2.444273 
2.440610 
2.416505 
2.435423 
2.429931 
2.445798 
2.429931 
2.426267 
2.427184 
2.398809 
2.431455 
2.425353 
2.432372 
2.413758 
2.424133 
2.429014 
2.429015 
2.421693 
2.436644 
2.413449 
2.443357 
2.419252 
2.456172 
2.441526 
2.428709 
2.437254 
2.417419 
2.449766 
2.441221 
2.445187 
2.436644 
2.430235 
2.440915 
2.424133 
2.424436 
2.419557 
2.443967 
2.400025 
2.427184 
2.448545 
2.445797 
2.418947 
2.439084 
2.431761 
2.434507 
2.449154 
2.444272 
2.408261 
2.437559 

2.407349 
2.416506 
2.420472 
2.456476 
2.416810 
2.431150 
2.443357 
2.436033 
2.432982 
2.449459 
2.450985 
2.443967 
2.419251 
2.438779 
2.441831 
2.451289 
2.425048 
2.444577 
2.415588 
2.433592 
2.428405 
2.430539 
2.429015 
2.426269 
2.432371 
2.435422 
2.410095 
2.440305 
2.437254 
2.437254 

2.396976 
2.447629 
2.429624 
2.427795 
2.430846 
2.417417 
2.443052 
2.421997 
2.451597 
2.445493 
2.440000 
2.446408 
2.424742 
2.446104 
2.443356 
2.456782 
2.412234 
2.444882 
2.428099 
2.420163 
2.432066 
2.425049 
2.415894 
2.447935 
2.406742 

2.423218 

2.433592 
2.423829 
2.437254 

2.445187 
2.429625 
2.433591 
2.431456 
2.419862 
2.419553 

2.434203 
2.431456 
2.397580 
2.421387 
2.426572 
2.435728 
2.443661 
2.441831 
2.461057 
2.440915 
2.426270 

2.418332 
2.467158 
2.449154 
2.433287 

2.436033 
2.423827 
2.430846 
2.425353 
2.430540 
2.423829 

2.433591 
2.431456 
2.446102 

2.436033 
2.401853 
2.435118 
2.439085 

2.414675 
2.417420 

2.428709 
2.424743 
2.414065 

2.423215 
2.411621 
2.418642 

2.446409 
2.431456 
2.429321 




2.452511 
2.426880 
2.425351 


2.426879 
2.425657 
2.417115 

2.447629 

2.434812 
2.454954 
2.446713 
2.424134 

2.432067 
2.413757 
2.418642 

2.439085 

2.441221 
2.434812 
2.422608 

2.416506 

2.417112 
2.431456 
2.448848 
2.430235 
2.452205 
2.428098 
2.409790 
2.439390 
2.441526 
2.429319 
2.428100 
2.438474 
2.410400 
2.430845 
2.415283 
2.407350 
2.437559 
2.422301 
2.433287 
2.421693 
2.417722 
2.402161 
2.426879 
2.407352 
2.403989 
2.404603 
2.450375 
2.413449 
2.437559 
2.443051 
2.417725 
2.432981 
2.432371 
2.454952 
2.432981 
2.415283 
2.432982 
2.428098 
2.436339 
2.436033 
2.421082 
2.430845 
2.453730 
2.446408 
2.428403 
2.425353 
2.440305 
2.430846 
2.426572 
2.430235 
2.440305 
2.412534 
2.447324 
2.426879 
2.421388 
2.437254 
2.425659 
2.440000 
2.438169 
2.413758 
2.441831 
2.414980 
2.421387 
2.438474 
2.431761 
2.439390 
2.429320 
2.431762 
2.416506 
2.400937 
2.441526 
2.438779 
2.442441 
2.422303 
2.436644 
2.425962 
2.413453 
2.418946 
2.415586 
2.448544 
2.442136 
2.455869 
2.452206 
2.449154 
2.416810 
2.435728 
2.448544 
2.422606 
2.441221 
2.414672 
2.433592 
2.449461 
2.445798 
2.427795 
2.435118 
2.436033 
2.432982 
2.437559 
2.427184 
2.441221 
2.417116 
2.446408 
2.432982 
2.431152 
2.413453 
2.421081 
2.412844 
2.454649 
2.416198 
2.448544 
2.432371 
2.432066 
2.405825 
2.442136 
2.408878 
2.411927 
2.421994 
2.453427 
2.426880 
2.456785 
2.417419 
2.401860 
2.440610 
2.427488 
2.407349 
2.432067 
2.443356 
2.431760 
2.443662 
2.426269 
2.435423 
2.426269 
2.432676 
2.424132 
2.427490 
2.415281 
2.417419 
2.439085 
2.432066 
2.442746 
2.426575 
2.423522 
2.437559 
2.433896 
2.453730 
2.436033 
2.438780 
2.428405 
2.429624 
2.436033 
2.425964 
2.435728 
2.421386 
2.430845 
2.423524 
2.426879 
2.413755 
2.400027 
2.422300 
2.398805 
2.435728 
2.423828 
2.434203 
2.402773 
2.398504 
2.424134 

2.424439 
2.436033 
2.414365 
2.439390 
2.429931 
2.421691 
2.417726 
2.417112 
2.416198 
2.414065 
2.434813 
2.426268 
2.429321 
2.433592 
2.436033 
2.425962 
2.416503 
2.415586 
2.433897 
2.424133 
2.434507 
2.438169 
2.430234 
2.430235 
2.419862 
2.439695 
2.435728 
2.431761 
2.423826 
2.430541 
2.441221 
2.411014 
2.436644 
2.427182 
2.435118 
2.400327 
2.438779 
2.401242 
2.418639 
2.405216 
2.438474 
2.421384 
2.407654 
2.424743 
2.416809 
2.438474 
2.427489 
2.439695 
2.420776 
2.417417 
2.432982 
2.419858 
2.455563 
2.441526 
2.426269 
2.418943 
2.428404 
2.426879 
2.395139 
2.388740 
2.429015 
2.409486 
2.435728 
2.431762 
2.429929 
2.401858 
2.400632 
2.412842 
2.420472 
2.428100 
2.418332 
2.414672 
2.434202 
2.437864 
2.418337 
2.421082 
2.403994 
2.433287 
2.417115 
2.409787 
2.431151 
2.453426 
2.429014 
2.418639 
2.407654 
2.420776 
2.425658 
2.407956 
2.426880 
2.407654 
2.417725 
2.432065 
2.419250 
2.406437 
2.419861 
2.424437 
2.425049 
2.413758 
2.423218 
2.426572 
2.411316 
2.430541 
2.436643 
2.414978 
2.432372 
2.434508 
2.417115 
2.421689 
2.433287 
2.437864 
2.401246 
2.432982 
2.418946 
2.425046 
2.433592 
2.439390 
2.430846 
2.412534 
2.445798 
2.436948 
2.437864 
2.409793 
2.434508 
2.420776 
2.420167 
2.417112 
2.430235 
2.448848 
2.431151 
2.426267 
2.444272 
2.432066 
2.435422 
2.429320 
2.430540 
2.424744 
2.427184 
2.432981 
2.432677 
2.427184 
2.444273 
2.437559 
2.424134 
2.421689 
2.446408 
2.438474 
2.412842 
2.417421 
2.421082 
2.428708 
2.418029 
2.422302 
2.439695 
2.445797 
2.412839 
2.409486 
2.465940 
2.425963 
2.411012 
2.434812 
2.430235 
2.430236 
2.427489 
2.419858 
2.415589 
2.421994 
2.433591 
2.422301 
2.445187 
2.414978 
2.412233 
2.425351 
2.408264 
2.414065 
2.409181 
2.439085 
2.422606 
2.427795 
2.416198 
2.417417 
2.408569 
2.414370 
2.426879 
2.448848 
2.429015 
2.430234 
2.436644 
2.420774 
2.424134 
2.431761 
2.422605 
2.415893 
2.437559 
2.407352 
2.440305 
2.419858 
2.431456 
2.432981 
2.440305 
2.405214 
2.423826 
2.410403 
2.415283 
2.434508 
2.439695 
2.431760 
2.444273 
2.434202 
2.416506 
2.416196 
2.429321 
2.426267 
2.416198 
2.426269 
2.429929 
2.450679 
2.449154 
2.425048 
2.446408 
2.421082 
2.429929 
2.427794 
2.416811 
2.418640 
2.427794 
2.407350 
2.427185 
2.428100 
2.418332 
2.419555 
2.424439 
2.403994 
2.440610 
2.436338 
2.392697 
2.426879 
2.408266 
2.424131 
2.422605 
2.431151 
2.412234 
2.438779 
2.423218 
2.443052 
2.418029 
2.437864 
2.438474 
2.420774 
2.441526 
2.429931 
2.436338 
2.424742 
2.436644 
2.427795 
2.416198 
2.439695 
2.424438 
2.401242 
2.415590 
2.416196 
2.423827 
2.439085 
2.426268 
2.429931 
2.431456 
2.429626 
2.445492 
2.432371 
2.439390 
2.439085 
2.423828 
2.436033 
2.429930 
2.421693 
2.447935 
2.424744 
2.435423 
2.436948 
2.431456 
2.429321 
2.427488 
2.421081 
2.430541 
2.438169 
2.425049 
2.414674 
2.443662 
2.454343 
2.439695 
2.410098 
2.434508 
2.417724 
2.421693 
2.440305 
2.459837 
2.439695 
2.439085 
2.428100 
2.415588 
2.440000 
2.434813 
2.424133 
2.414978 
2.426270 
2.432065 
2.425963 
2.430236 
2.430845 
2.447324 
2.416198 
2.428711 
2.435118 
2.448545 
2.448544 
2.417116 
2.444578 
2.435423 
2.426270 
2.429015 
2.420777 
2.414365 
2.428099 
2.419252 
2.409790 
2.418947 
2.413758 
2.440610 
2.422301 
2.445797 
2.395755 
2.430846 
2.426269 
2.421998 
2.419250 
2.452205 
2.448544 
2.409183 
2.411008 
2.432677 
2.430845 
2.429625 
2.429016 
2.418946 
2.419553 
2.433287 
2.440000 
2.410402 
2.401246 
2.436949 

2.404904 
2.461055 
2.460749 
2.420470 
2.445187 
2.438169 
2.446713 
2.425048 
2.430845 
2.443357 
2.400330 
2.424742 
2.424742 
2.436949 
2.429320 
2.440000 
2.430846 
2.447628 
2.442747 
2.424742 
2.436949 
2.438474 
2.424439 
2.433592 
2.424741 
2.431761 
2.432677 
2.432371 
2.437864 
2.447629 
2.432372 
2.433286 
2.415893 
2.418640 
2.426267 
2.431151 
2.435118 
2.404299 
2.447629 
2.419251 
2.421384 
2.439390 
2.445187 
2.437559 
2.438779 
2.439390 
2.434202 
2.435422 
2.431151 
2.435423 
2.418031 
2.444272 
2.445188 
2.416809 
2.437559 
2.428100 

2.416501 
2.421996 
2.455256 

2.428403 
2.432371 


2.430845 

2.431150 
2.440610 

2.439390 

2.422912 


2.430540 
2.425659 

2.439695 
2.437864 
2.439085 
2.418030 
2.441526 
2.446103 


2.440915 
2.422912 

2.439695 

2.437253 
2.407349 


2.446102 
2.446103 

2.437559 
2.412842 

2.416199 
2.430539 
2.434202 

2.428710 








2.450069 
2.406740 
2.438474 
2.436338 
2.428405 

2.433287 




2.441221 

2.445798 

2.434507 



2.438474 
2.425659 

2.412229 
2.409485 

2.429624 
2.436339 
2.431760 
2.428099 
2.411929 
2.425962 
2.425048 
2.427185 

2.411926 
2.432982 
2.452511 
2.436338 
2.432982 
2.432981 
2.446103 

2.444577 

2.437254 

2.441831 
2.430235 
2.411319 

2.425048 
2.425049 

2.419250 



2.438169 

2.421384 
2.434508 


2.433286 
2.427489 
2.407657 
2.443356 
2.421689 
2.442136 
2.444882 

2.429014 
2.399110 
2.434813 
2.424132 
2.438474 


2.429624 
2.422301 


2.423520 
2.444272 
2.434202 
2.426879 
2.427185 





2.422606 
2.434813 
2.439695 
2.425351 
2.413453 
2.450375 
2.427795 
2.429015 
2.407962 
2.424438 
2.430539 
2.440305 
2.421692 
2.414367 
2.440000 
2.428405 
2.420469 
2.432982 
2.419252 
2.420165 
2.403996 
2.447018 
2.432981 
2.441526 
2.435423 
2.430846 
2.390566 
2.418642 
2.401553 
2.436033 
2.431761 
2.424132 
2.434508 
2.432066 
2.442136 
2.437254 
2.452510 
2.451290 
2.425657 
2.437559 
2.424134 
2.421384 
2.439085 
2.422607 
2.429625 
2.431150 
2.415285 
2.443967 
2.444272 
2.445492 
2.424132 
2.416506 
2.431761 
2.436948 
2.447628 
2.417724 
2.432677 
2.434813 
2.410095 
2.428405 
2.427182 
2.430845 
2.434812 
2.428405 
2.433286 
2.424132 
2.434202 
2.444272 
2.434813 
2.436948 
2.432371 
2.436033 
2.437253 
2.447933 
2.427793 
2.430235 
2.444577 
2.404294 
2.441526 
2.437559 
2.414369 
2.427793 
2.424132 
2.430234 
2.418334 
2.416806 
2.432981 
2.429015 
2.423523 
2.425046 
2.409181 
2.424436 
2.449460 
2.417726 
2.437254 
2.420166 
2.452816 
2.455869 
2.418642 
2.453426 
2.442136 
2.425048 
2.433592 
2.441831 
2.433286 
2.425048 
2.414370 
2.436033 
2.441221 
2.403386 
2.445493 
2.402463 
2.430541 
2.430541 
2.436643 
2.413455 
2.414979 
2.424132 
2.426575 
2.402468 
2.423826 
2.420167 
2.421689 
2.424132 
2.435728 
2.440305 
2.372870 

2.421996 
2.427793 
2.432371 
2.437864 
2.442136 
2.427182 
2.436644 
2.438474 
2.427185 
2.445188 
2.440915 
2.409793 
2.424743 
2.427793 
2.417420 
2.405515 
2.407349 
2.413760 
2.424133 
2.411618 
2.425658 
2.404604 
2.426877 
2.437864 
2.437559 
2.436644 
2.436338 
2.430845 
2.430541 
2.420774 
2.429321 
2.423523 
2.442441 
2.414367 
2.427489 
2.433287 
2.413453 
2.418945 
2.392706 
2.427793 
2.428709 
2.407041 
2.435728 
2.391171 
2.426880 
2.432677 
2.435422 
2.428404 
2.435423 
2.427795 
2.413452 
2.428711 
2.441831 
2.419248 
2.423522 
2.422607 
2.429624 
2.419860 
2.417112 
2.428405 
2.407657 
2.415586 
2.427795 
2.445798 
2.441526 
2.434507 
2.413757 
2.441831 
2.432066 
2.443357 
2.427185 
2.422910 
2.438169 
2.436949 
2.412534 
2.438474 
2.439390 
2.431152 
2.436339 
2.428405 
2.410400 
2.398496 
2.437864 
2.417724 
2.433286 
2.412842 
2.433287 
2.417419 
2.412234 
2.464414 
2.423827 
2.443051 
2.454036 
2.418334 
2.430846 
2.422607 
2.411926 
2.423828 
2.417419 
2.408268 
2.404909 
2.407041 
2.412234 
2.426879 
2.428404 
2.429625 
2.421081 
2.432982 
2.414365 
2.412538 
2.419862 
2.416501 
2.439695 
2.420472 
2.447323 
2.438474 
2.430235 
2.414674 
2.407349 
2.416201 
2.431760 
2.455563 
2.426879 
2.434202 
2.415285 
2.424743 
2.430234 
2.420165 
2.412844 
2.402772 
2.440610 
2.444883 
2.435118 
2.433898 
2.428403 
2.415588 
2.458311 
2.408264 
2.448848 
2.425963 
2.410403 
2.424132 
2.414675 
2.432676 
2.416809 
2.433287 
2.431455 
2.400025 
2.414367 
2.435728 
2.448848 
2.422608 
2.410400 
2.436948 
2.414065 
2.413449 
2.412536 
2.421083 
2.416196 
2.425354 
2.418335 
2.416196 
2.445798 
2.396673 
2.404299 
2.436033 
2.429930 
2.414980 
2.432066 
2.444577 
2.403684 
2.434203 
2.434202 
2.421996 
2.435728 
2.426575 
2.421692 
2.424741 
2.450680 
2.420774 
2.423827 
2.432677 
2.431150 
2.422912 
2.408261 
2.427184 
2.416201 
2.415896 
2.440000 
2.461055 
2.413149 
2.427488 
2.416810 
2.438169 
2.421692 
2.439695 
2.432066 
2.405518 
2.411014 
2.410398 
2.425659 
2.442136 
2.419556 
2.419250 
2.411317 
2.407956 
2.416506 
2.437254 
2.416196 
2.410095 
2.414980 
2.414063 
2.444273 
2.404606 
2.432372 
2.426574 
2.419248 
2.413449 
2.433592 
2.419858 
2.457088 
2.435118 
2.430540 
2.430236 
2.430845 
2.421693 
2.431456 
2.420165 
2.407962 
2.400937 
2.422608 
2.434202 
2.412839 
2.408264 
2.418030 
2.409787 
2.448849 

2.393317 
2.422910 
2.426574 
2.434202 
2.441220 
2.417420 
2.456782 
2.446102 
2.423218 
2.447628 
2.428710 
2.444272 
2.443052 
2.412842 
2.432676 
2.429930 
2.439695 
2.447934 
2.429930 
2.422608 
2.423522 
2.397885 
2.414672 
2.446102 
2.450681 
2.437254 
2.422606 
2.439390 
2.444883 
2.441526 
2.414975 
2.432982 
2.396060 
2.409177 
2.456783 
2.436644 
2.404604 
2.447629 
2.439390 
2.432677 
2.442441 
2.424134 
2.422910 
2.432066 
2.439085 
2.429931 
2.434507 
2.429626 
2.443356 
2.404294 
2.429320 
2.420166 
2.439390 
2.420472 
2.429015 
2.424741 
2.448238 
2.440305 
2.441526 
2.443662 
2.433287 
2.414365 
2.423522 
2.436033 
2.445188 
2.433898 
2.449459 
2.428098 
2.429014 
2.440000 
2.438169 
2.401553 
2.429624 
2.435728 
2.427489 
2.435727 
2.450985 
2.425964 
2.411924 
2.432372 
2.435422 
2.425354 
2.426879 
2.431457 
2.436033 
2.408567 
2.403077 
2.419252 
2.426879 
2.433591 
2.428709 
2.442441 
2.428098 
2.434202 
2.459528 
2.440915 
2.433287 
2.416199 
2.418332 
2.409790 
2.426270 
2.451595 
2.456480 
2.438474 
2.439085 
2.430236 
2.425659 
2.440916 
2.390566 
2.440000 
2.429625 
2.447324 
2.441831 
2.430236 
2.416199 
2.427795 
2.450375 
2.436644 
2.430845 
2.445187 
2.424743 
2.430539 
2.426879 
2.449154 
2.410098 
2.450681 
2.425353 
2.421083 
2.421082 
2.444578 
2.443051 
2.434508 
2.444272 
2.427795 
2.445188 
2.426880 
2.428710 
2.425351 
2.440000 
2.417726 
2.435422 
2.450680 
2.455866 
2.418946 
2.422301 
2.448239 
2.431456 
2.420167 
2.432066 
2.421384 
2.436033 
2.436033 
2.444578 
2.429931 
2.429931 
2.425963 
2.420163 
2.430540 
2.440915 

2.437254 
2.449764 
2.418332 
2.410706 
2.434507 
2.419862 
2.407350 
2.421081 
2.421387 
2.420776 
2.432982 
2.442746 
2.435728 
2.425354 
2.436033 
2.412231 
2.423218 
2.420471 
2.442441 
2.440000 
2.417419 
2.434202 
2.433592 
2.405515 

2.434507 
2.416506 

2.424132 
2.462884 

2.396974 
2.455561 
2.421997 
2.402158 
2.438474 
2.413760 
2.419556 
2.428708 
2.428099 
2.452510 
2.432371 
2.437864 
2.424743 
2.437559 
2.448849 
2.413144 
2.439085 
2.440610 
2.421079 
2.433287 

2.430845 
2.426575 
2.430845 
2.438780 

2.420776 



2.422301 
2.437254 
2.421692 
2.412534 
2.428099 

2.439390 

2.419862 

2.429929 
2.434813 

2.441221 



2.427490 
2.426572 



2.419860 
2.440610 
2.426267 
2.440915 
2.433898 

2.432676 
2.421083 
2.429320 
2.443357 

2.442136 
2.416198 


2.411011 


2.453425 

2.433896 
2.436949 



2.421994 
2.423827 
2.421693 

2.431761 
2.432372 

2.424131 
2.444577 

2.404603 
2.434508 

2.420163 
2.455868 
2.430541 
2.432371 
2.425048 
2.441831 

2.430235 
2.435728 

2.427795 
2.440000 
2.421691 

2.419248 
2.451596 
2.439695 
2.427489 
2.443356 
2.419251 
2.412534 
2.438474 

2.432067 

2.429320 
2.434812 
2.436949 

2.408872 

2.399106 
2.447934 

2.415586 
2.432371 
2.451289 
2.431151 
2.426572 
2.421081 
2.425659 

2.448239 
2.440305 
2.435728 
2.430541 
2.445187 


2.440915 
2.443356 

2.425657 
2.440610 
2.457697 

2.434507 
2.448849 
2.432067 
2.417114 
2.440000 

2.451902 
2.433592 
2.420774 

2.430539 
2.435118 
2.438780 
2.432677 

2.426572 
2.446713 
2.416196 
2.416809 
2.450374 

2.420469 
2.438169 
2.451289 
2.424438 
2.458006 
2.424437 
2.444577 
2.450069 
2.438779 
2.444577 
2.448240 
2.443051 
2.424741 
2.444577 
2.436948 
2.444882 
2.423829 

2.428098 
2.437559 
2.449155 
2.433287 
2.432677 
2.434813 
2.428708 
2.421083 
2.435728 
2.450071 
2.425353 
2.426575 
2.434812 
2.423829 
2.466547 
2.434508 
2.455867 
2.444273 
2.413149 
2.433592 
2.445493 
2.417724 
2.446102 
2.441831 
2.437253 
2.429015 
2.436033 
2.412843 
2.422910 
2.415896 
2.418946 
2.412839 
2.438779 
2.403691 
2.442746 
2.425963 
2.432372 
2.423829 
2.422607 
2.449155 
2.417724 
2.427489 
2.447934 
2.438474 
2.454649 
2.441526 
2.431760 
2.441526 
2.407657 
2.449764 
2.441221 
2.444882 
2.443967 
2.465630 
2.420776 
2.443967 
2.428099 
2.429321 
2.430235 
2.435423 
2.419250 
2.425962 
2.432982 
2.403081 
2.430541 
2.422303 
2.424438 
2.437559 
2.436949 
2.437864 
2.426267 
2.409485 
2.435118 
2.433897 
2.451902 
2.436949 
2.428098 
2.440000 
2.422913 
2.436644 
2.410398 
2.425048 
2.431151 
2.444882 
2.442746 
2.435118 
2.425963 
2.434507 
2.437559 
2.437864 
2.433286 
2.412231 

2.421384 
2.425354 
2.421079 
2.440305 
2.417420 
2.407346 
2.431455 
2.431151 
2.437559 
2.402158 
2.418335 
2.437864 
2.431456 
2.419248 
2.459835 
2.396063 
2.425964 
2.444882 
2.420469 
2.427490 
2.440305 
2.408264 
2.429016 
2.443356 
2.408872 
2.416198 
2.435118 
2.436949 
2.434813 
2.451900 
2.435422 
2.441221 
2.421997 
2.421081 
2.426270 
2.424437 
2.429931 
2.420774 
2.406742 
2.452816 
2.420163 
2.429016 
2.423826 
2.443967 
2.426880 
2.428711 
2.436644 
2.421994 
2.429930 
2.437864 
2.436338 
2.424436 
2.415284 
2.441221 
2.413760 
2.446103 
2.450071 
2.412842 
2.413758 
2.448850 
2.437559 
2.418031 
2.432372 
2.449460 
2.422303 
2.443661 
2.406435 
2.428403 
2.418029 
2.423829 
2.437254 
2.433592 
2.417112 
2.420167 
2.427489 
2.422910 
2.409180 
2.457697 
2.441221 
2.442441 
2.429320 
2.432982 
2.414365 
2.411014 
2.441526 
2.438474 
2.421692 
2.430846 
2.432676 
2.440610 
2.424131 
2.438474 
2.438474 
2.422912 
2.455257 
2.425046 
2.444577 
2.425659 
2.427794 
2.404299 
2.444882 
2.424438 
2.438779 
2.422301 
2.431455 
2.407346 
2.447933 
2.417725 
2.443052 
2.422608 
2.434202 
2.443967 
2.418947 
2.430541 
2.437864 
2.400332 
2.434507 
2.423827 
2.422303 
2.416810 
2.419250 
2.422608 
2.420469 
2.436033 
2.410400 
2.430846 
2.432676 
2.442136 
2.418637 
2.408268 
2.417417 
2.431456 
2.439695 
2.421387 
2.435423 
2.398809 
2.417725 
2.434508 
2.418334 
2.419252 
2.437559 
2.427490 
2.416505 
2.420774 
2.414672 
2.432981 
2.411011 
2.428711 
2.424134 
2.421079 
2.425354 
2.389958 
2.434203 
2.418640 
2.430234 
2.426879 
2.422605 
2.429625 
2.405827 
2.426574 
2.430540 
2.423829 
2.443051 
2.428708 
2.409180 
2.415896 
2.418640 
2.448239 
2.447628 
2.406740 
2.413449 
2.418029 
2.419862 
2.413148 
2.428403 
2.415893 
2.423524 
2.421384 
2.414672 
2.403996 
2.427490 
2.416809 
2.408573 
2.432067 
2.426877 
2.415283 
2.419862 
2.448544 
2.457395 
2.424436 
2.412539 
2.412538 
2.450681 
2.428100 
2.432677 
2.426880 
2.414369 
2.414060 
2.425659 
2.428403 
2.407654 
2.439390 
2.406435 
2.411622 
2.424741 
2.414065 
2.428710 
2.411621 
2.419862 
2.443051 
2.431455 
2.435423 
2.422913 
2.427489 
2.406125 
2.422606 
2.427185 
2.431151 
2.431456 
2.429929 
2.426879 
2.417116 
2.399724 
2.440000 
2.414369 
2.417724 
2.424743 
2.428709 
2.432372 
2.441221 
2.423217 
2.437254 
2.417114 
2.419251 
2.412536 
2.427795 
2.438474 
2.439390 
2.430236 
2.431761 
2.441526 
2.434813 
2.435422 
2.430541 
2.417420 
2.432982 
2.400029 
2.453121 
2.421689 
2.436644 
2.442747 
2.404908 
2.414065 
2.424133 
2.428403 
2.408569 
2.418946 
2.417112 
2.426573 
2.444882 
2.411012 
2.435727 
2.423215 
2.439695 
2.423218 
2.446104 
2.413757 
2.439390 
2.434202 
2.449764 
2.423827 
2.426270 
2.428404 
2.431761 
2.431457 
2.414063 
2.433591 
2.427490 
2.437254 
2.405214 
2.438169 
2.432676 
2.445492 
2.435118 
2.433896 
2.426573 
2.429321 
2.434202 
2.431761 
2.433287 
2.407651 
2.435728 
2.428708 
2.442746 
2.412234 
2.442746 
2.425046 
2.427184 
2.432066 
2.421692 
2.431150 
2.430845 
2.425659 
2.428708 
2.433287 
2.461358 
2.447628 
2.424437 
2.431762 
2.427488 
2.397584 
2.442441 
2.439084 
2.403077 
2.399411 
2.436338 
2.440305 
2.436033 
2.419248 
2.429931 
2.413144 
2.466851 
2.424436 
2.447933 
2.435118 
2.441831 
2.441831 
2.449155 
2.423218 
2.418029 
2.438169 
2.435118 
2.439390 
2.429320 
2.433898 
2.412538 
2.434507 
2.441831 
2.429320 
2.448543 
2.417419 
2.413760 
2.436338 
2.440610 
2.438474 
2.425351 
2.439390 
2.436644 
2.432372 
2.426573 
2.426270 
2.435728 
2.415586 
2.446408 
2.441526 
2.435728 
2.425351 
2.433287 
2.437559 
2.435118 
2.424132 
2.455561 
2.450681 
2.431151 
2.478750 
2.400637 
2.427793 
2.448543 
2.440305 
2.441831 
2.434507 
2.431762 
2.454036 
2.439084 
2.420776 
2.438474 
2.401858 
2.419858 
2.449459 
2.422912 
2.423826 
2.443662 
2.448543 
2.420471 
2.430235 
2.433898 
2.419251 
2.447019 
2.432066 
2.401555 

2.413147 
2.425658 
2.422607 
2.429014 
2.406433 
2.437864 
2.411924 
2.430541 
2.409177 
2.435423 

2.422910 
2.434812 

2.434812 
2.451290 
2.427489 
2.429931 
2.458918 
2.406435 
2.441221 
2.421083 
2.424133 
2.436643 
2.456477 
2.433591 
2.424436 
2.425048 
2.437254 
2.432372 
2.450071 
2.425964 
2.418335 
2.428098 
2.463189 
2.418030 
2.421384 
2.431455 
2.431456 
2.408573 
2.439085 
2.422301 
2.437254 
2.437559 
2.419553 
2.421388 
2.443661 
2.432372 
2.437253 
2.407959 
2.429321 
2.431151 
2.437253 
2.420165 
2.424436 
2.429320 
2.423827 
2.438169 
2.427795 
2.421689 
2.421691 
2.444273 
2.432676 
2.427795 
2.438779 
2.416503 
2.420471 
2.422605 
2.418337 


2.451900 
2.424438 
2.404904 
2.457087 

2.437559 
2.427794 
2.420776 
2.451902 
2.457392 
2.411927 
2.444272 
2.432067 
2.440305 
2.432372 

2.451902 
2.426879 
2.452205 

2.463189 
2.408876 
2.433591 
2.451291 
2.444882 
2.422913 
2.441526 
2.434812 
2.451291 
2.450375 
2.421388 
2.407346 
2.434202 

2.440000 
2.428405 
2.435728 
2.406435 
2.422913 


2.431456 
2.428405 
2.432372 
2.387819 
2.400640 

2.431150 
2.430540 
2.460138 
2.440915 
2.425048 

2.421388 
2.408261 

2.421998 
2.429624 
2.454037 


2.420776 
2.416198 
2.422913 



2.421693 



2.443662 
2.434812 
2.420777 

2.421691 

2.413449 
2.422912 
2.452816 
2.429320 

2.418332 
2.430845 
2.429320 


2.422912 
2.451597 
2.444272 
2.431457 

2.442441 
2.427489 

2.441831 
2.442441 

2.433287 
2.439390 
2.427795 
2.427182 
2.452816 
2.429016 
2.427793 
2.414980 
2.429625 

2.427794 
2.430846 


2.446408 
2.411927 
2.444882 


2.413452 
2.422303 
2.420776 
2.423217 
2.438169 


2.442136 

2.419250 
2.429016 
2.435728 
2.446104 
2.441221 
2.432067 
2.408567 
2.443967 

2.457088 
2.416201 

2.437254 

2.445798 
2.437254 
2.413758 
2.430845 
2.460748 
2.424743 
2.423827 
2.435423 

2.425049 
2.433287 
2.428711 

2.433592 
2.443967 
2.436644 
2.414365 
2.409793 
2.434507 
2.413148 
2.443357 
2.433897 


2.436948 
2.411929 
2.427489 
2.444883 
2.402775 


2.460750 
2.411926 


2.437254 
2.450069 
2.407656 

2.413147 
2.438474 

2.427489 
2.450984 
2.445187 
2.443662 
2.442747 
2.440000 

2.429015 
2.443356 
2.448849 
2.444273 
2.446102 
2.430234 
2.434203 
2.426573 
2.429319 
2.438474 
2.443052 
2.429320 
2.420163 
2.423524 
2.413758 
2.426572 
2.435423 
2.440610 
2.417112 
2.448849 
2.451597 
2.439085 
2.426879 
2.427182 
2.433898 
2.462275 
2.430845 
2.422301 
2.420776 
2.418332 
2.414979 
2.425962 
2.433287 
2.440915 
2.425657 
2.418639 
2.409488 
2.422606 
2.432677 
2.415284 
2.424436 
2.438169 
2.413757 
2.458307 
2.419861 
2.449155 
2.430541 
2.441221 
2.429321 
2.425659 
2.431150 
2.418332 
2.430846 
2.407657 
2.422302 
2.430845 
2.427489 
2.437864 
2.437864 
2.421994 
2.426879 
2.447628 
2.430539 
2.435118 
2.433287 
2.429319 
2.427184 
2.426269 
2.417722 
2.422302 
2.422300 
2.447018 
2.403077 
2.407657 
2.397586 
2.439695 
2.401555 
2.409792 
2.443967 
2.404301 
2.427184 
2.437559 
2.426880 
2.427182 
2.416809 
2.422303 
2.416505 
2.412842 
2.424134 
2.434202 
2.450376 
2.417419 
2.434202 
2.465330 
2.435728 
2.439084 
2.414978 
2.421998 
2.432066 
2.401853 
2.447018 
2.438474 
2.414365 
2.431456 
2.426268 
2.430541 
2.431762 
2.434202 
2.426269 
2.446409 
2.419250 
2.451595 
2.421082 
2.426572 
2.432676 
2.443356 
2.436643 
2.425658 
2.430541 
2.427184 
2.416806 
2.407657 
2.418334 
2.424132 
2.426267 
2.423523 
2.407346 
2.438474 
2.445492 
2.421082 
2.413449 
2.423827 
2.435728 
2.411927 
2.416503 
2.407961 
2.420469 
2.433592 
2.413758 
2.427488 
2.425659 
2.413148 
2.434507 
2.434508 
2.421996 
2.436338 
2.422607 
2.433591 
2.430540 
2.418947 
2.457698 
2.443662 
2.441221 
2.436338 
2.394834 
2.408268 
2.413758 
2.428708 
2.420166 
2.416806 
2.440610 
2.407350 
2.438169 
2.445798 
2.434813 
2.425964 
2.432371 
2.443051 
2.421384 
2.419860 
2.429931 
2.431456 
2.438169 
2.416810 
2.418945 
2.416811 
2.432371 
2.413144 
2.423217 
2.418031 
2.403384 
2.418332 
2.426268 
2.409183 
2.437559 
2.429930 
2.409181 
2.426573 
2.402165 
2.412839 
2.407959 
2.429625 
2.413149 
2.429625 
2.421079 
2.432677 
2.424743 
2.450680 
2.402163 
2.411008 
2.433287 
2.434813 
2.408872 
2.408875 
2.419251 
2.416501 
2.429625 
2.410709 
2.447934 
2.429929 
2.430235 
2.444882 
2.410402 
2.433591 
2.398805 
2.442136 
2.432677 
2.425964 
2.439390 
2.433592 
2.412539 
2.432982 
2.417419 
2.433287 
2.417417 
2.397584 
2.417725 
2.434812 
2.412234 
2.430236 
2.421994 
2.423522 
2.424131 
2.418945 
2.396978 
2.418027 
2.412842 
2.419862 
2.425353 
2.437559 
2.404603 
2.409793 
2.439085 
2.421689 
2.433897 
2.427795 
2.414365 
2.429625 
2.428405 
2.431151 
2.411008 
2.430540 
2.408573 
2.403994 
2.430235 
2.438780 
2.424741 
2.430845 
2.404301 
2.435422 
2.420472 
2.441220 
2.409485 
2.408268 
2.430234 
2.433898 
2.429931 
2.440610 
2.427794 
2.425049 
2.411618 
2.414672 
2.408268 
2.421384 
2.445187 
2.409787 
2.441221 
2.438780 
2.420471 
2.425046 
2.438474 
2.450679 
2.403994 
2.416501 
2.434813 
2.422607 
2.457700 
2.433592 
2.425659 
2.414369 
2.435422 
2.448239 
2.415285 
2.449764 
2.432677 
2.435727 
2.422607 
2.432676 
2.448849 
2.412843 
2.440000 
2.443967 
2.415894 
2.434507 
2.401551 
2.404301 
2.433896 
2.420165 
2.421998 
2.404603 
2.430541 
2.421692 
2.423215 
2.436948 
2.434508 
2.417722 
2.433287 
2.438474 
2.432065 
2.426270 
2.444578 
2.423829 
2.415894 
2.432066 
2.430845 
2.443051 
2.434202 
2.405518 
2.438169 
2.405823 
2.436949 
2.421079 
2.439390 
2.450984 
2.430236 
2.458311 
2.421998 
2.417115 
2.432676 
2.415285 
2.421997 
2.453123 
2.425049 
2.418946 
2.403687 
2.410098 
2.429319 
2.443051 
2.421692 
2.434202 
2.421996 
2.427184 
2.436338 
2.425353 
2.425964 
2.438779 
2.425659 
2.424132 
2.433287 
2.419860 
2.425659 
2.450375 
2.410703 
2.424742 
2.438474 
2.407047 
2.422912 
2.422912 
2.442136 
2.427185 
2.435727 
2.443967 
2.418947 
2.435728 
2.432371 
2.418947 
2.429015 
2.418027 
2.426573 
2.430846 
2.416198 
2.448238 
2.413148 
2.435728 
2.418642 
2.411011 
2.422302 
2.437559 
2.444882 
2.435423 
2.415891 
2.456782 
2.443661 
2.422912 
2.428709 
2.417116 
2.430846 
2.417722 
2.421996 
2.425964 
2.416199 
2.433591 
2.413760 
2.411012 
2.432371 
2.422606 
2.409485 
2.427795 
2.442746 
2.447324 
2.441221 
2.443357 
2.422912 
2.428403 
2.411621 
2.438780 
2.419251 
2.443356 
2.437253 
2.410098 
2.432982 
2.396368 
2.442747 
2.414672 
2.428405 
2.400943 
2.431455 
2.435423 
2.418946 
2.436033 
2.431761 
2.422300 
2.442136 
2.421082 
2.425659 
2.430236 
2.418637 
2.425049 
2.437864 
2.440305 
2.432676 
2.424439 
2.435118 
2.408264 
2.436949 
2.414670 
2.428709 
2.449764 
2.425046 
2.450680 
2.435118 
2.431762 
2.435423 
2.418332 
2.414670 
2.432371 
2.426574 
2.434507 
2.418945 
2.432067 
2.435118 
2.436338 
2.451595 
2.447935 
2.424132 
2.419556 
2.409177 
2.419555 
2.432677 
2.422605 
2.431456 
2.440000 
2.438474 
2.445187 
2.435117 
2.446408 
2.416809 
2.433592 
2.451595 
2.432676 
2.430846 
2.412233 
2.432371 
2.412536 
2.435423 
2.434202 
2.420472 
2.421994 
2.425353 
2.440915 
2.428710 
2.441526 
2.456171 

2.415891 
2.469294 
2.415896 
2.438474 
2.418943 
2.411926 

2.423829 
2.418334 
2.432677 
2.436643 
2.420472 
2.423523 
2.426572 
2.443357 
2.430541 
2.432065 
2.414672 
2.430541 
2.425351 
2.423827 
2.433897 
2.426267 
2.435423 
2.417420 
2.459226 
2.447324 
2.433287 
2.433592 
2.426572 
2.431761 
2.418943 
2.427182 
2.431151 
2.440000 
2.429015 
2.443662 
2.445797 
2.439695 
2.444273 
2.428100 
2.447018 
2.432066 
2.429624 
2.416503 
2.415284 
2.441221 
2.432676 
2.427185 
2.446103 
2.438474 
2.413453 
2.423215 
2.421388 
2.427489 
2.437559 
2.426574 
2.423215 
2.437559 
2.424133 
2.433897 
2.428710 
2.436644 
2.427794 
2.415283 
2.411927 
2.440610 
2.445493 
2.431151 
2.413452 
2.431762 

2.413755 
2.414672 
2.435423 
2.434508 
2.443357 
2.439085 
2.450984 
2.424436 
2.425964 
2.429930 
2.435118 

2.420469 
2.420776 

2.415893 
2.454646 
2.413144 
2.418029 
2.414065 
2.416199 
2.418945 
2.431152 
2.408571 
2.439084 
2.436033 
2.427793 
2.442136 
2.440915 


2.423522 

2.453428 

2.433592 
2.418943 
2.440915 
2.407349 
2.436644 
2.419553 
2.433592 
2.438779 
2.413144 

2.440000 
2.439390 
2.435728 
2.435423 
2.414670 
2.429320 


2.427795 
2.440305 
2.454343 
2.421079 
2.406128 
2.442746 
2.419248 

2.431151 
2.446103 
2.425354 

2.449461 
2.421388 
2.433592 
2.415896 
2.413758 
2.424437 
2.432677 
2.447019 
2.426268 
2.426270 

2.425046 
2.421693 
2.429320 
2.439695 
2.407654 
2.443051 

2.408567 
2.415588 
2.448848 
2.413449 
2.414370 

2.419553 
2.415285 
2.419858 
2.423522 
2.423218 
2.432372 
2.446104 
2.407045 
2.453428 
2.431152 
2.436949 
2.431760 
2.419250 
2.416811 
2.425659 
2.428709 
2.423523 
2.414060 
2.449155 
2.427490 
2.430539 
2.444577 
2.437254 
2.427794 
2.435118 
2.419250 
2.415891 
2.421083 

2.459530 
2.419555 
2.445797 
2.436949 
2.436338 
2.438779 
2.434508 
2.429320 
2.435118 
2.431152 
2.424743 
2.425351 
2.438779 
2.446408 
2.428710 
2.421384 
2.430236 
2.435727 
2.429930 
2.439085 
2.426879 
2.436033 
2.440915 
2.405825 
2.424134 
2.398196 
2.411012 
2.444578 
2.428100 
2.432371 
2.439085 
2.435423 
2.442441 
2.415891 
2.429320 
2.443661 
2.440915 
2.449766 
2.447323 
2.429014 
2.454647 
2.410403 
2.440305 
2.434507 
2.441221 
2.427182 

2.416506 
2.421997 
2.441221 
2.430845 
2.411319 
2.432677 
2.455259 
2.450375 
2.438474 
2.442441 
2.443356 
2.426877 
2.430845 
2.430541 
2.420469 
2.416809 
2.454951 
2.433287 

2.417114 

2.426267 
2.430846 

2.414975 
2.421693 
2.428708 
2.433897 
2.414370 
2.421996 

2.437864 
2.424437 
2.417421 
2.443356 
2.410400 
2.436643 
2.427795 
2.438474 
2.448543 
2.447018 
2.447324 
2.418642 
2.429626 
2.456782 
2.434507 
2.429930 
2.449459 
2.442136 
2.429929 
2.407349 
2.429625 
2.435118 
2.427795 
2.417115 
2.418639 
2.449459 
2.415589 
2.448240 
2.440000 
2.434507 
2.436949 
2.445798 
2.443661 
2.446713 
2.433286 
2.442136 
2.419861 
2.426267 
2.421693 
2.424438 
2.428709 
2.439390 
2.436948 
2.422301 
2.437254 
2.441221 
2.423217 
2.429014 
2.434202 
2.413760 
2.430234 
2.424131 
2.411316 
2.422302 
2.407352 
2.438779 
2.444273 
2.422913 
2.428100 
2.430236 
2.435117 
2.450375 
2.443356 
2.422607 
2.427184 
2.422303 
2.426269 
2.425657 
2.418945 
2.429321 
2.425048 
2.443967 
2.420776 
2.419252 
2.432981 
2.413147 
2.448848 
2.414065 
2.436948 
2.444272 
2.431152 
2.429320 
2.416196 
2.414978 
2.422302 
2.422301 
2.437864 
2.426880 
2.421994 
2.432676 
2.429626 
2.425048 
2.422301 
2.436949 
2.428711 
2.443662 
2.424741 
2.416809 
2.412234 
2.435423 
2.437559 
2.437864 
2.424134 
2.407956 
2.454342 
2.426575 
2.403994 
2.421079 
2.409790 
2.426574 
2.406742 
2.419858 
2.421691 
2.418337 
2.434508 
2.418946 
2.422910 
2.427794 
2.423523 
2.431455 
2.401856 
2.437559 
2.401248 
2.434812 
2.429016 
2.446408 
2.424437 
2.409792 
2.429014 
2.431457 
2.434202 
2.410400 
2.429931 
2.431151 
2.446409 
2.439695 
2.425964 
2.412534 
2.411622 
2.414670 
2.441526 
2.425962 
2.416806 
2.422608 
2.417419 
2.433287 
2.422912 
2.423829 
2.421384 
2.427795 
2.423215 
2.426573 
2.424438 
2.437864 
2.453121 
2.450679 
2.425048 
2.421693 
2.429319 
2.406742 
2.425353 
2.421996 
2.435727 
2.422912 
2.429015 
2.426572 
2.435728 
2.408876 
2.414060 
2.449154 
2.442136 
2.443967 
2.445798 
2.445187 
2.412233 
2.429014 
2.429626 
2.409792 
2.398194 
2.433287 
2.432677 
2.411618 
2.450374 
2.402468 
2.406125 
2.421083 
2.433287 
2.453123 
2.437254 
2.422300 
2.435728 
2.441220 
2.419861 
2.436948 
2.436338 
2.422608 
2.405520 
2.432371 
2.431151 
2.434203 
2.413453 
2.427793 
2.419862 
2.421082 
2.431760 
2.412231 
2.432677 
2.439695 
2.404908 
2.432066 
2.424131 
2.428099 
2.444577 
2.426572 
2.393312 
2.416811 
2.403081 
2.415283 
2.431455 
2.442746 
2.440915 
2.411012 
2.434508 
2.441831 
2.445493 
2.447933 
2.441526 
2.425354 
2.414979 
2.407349 
2.432372 
2.435422 
2.409790 
2.414980 
2.402158 
2.443967 
2.421082 
2.423520 
2.424744 
2.395755 
2.425351 
2.417419 
2.406742 
2.440610 
2.431456 
2.438779 
2.427490 
2.417420 
2.440000 
2.436033 
2.427488 
2.437254 
2.418030 
2.450375 
2.423829 
2.419861 
2.404904 
2.431152 
2.389653 
2.410398 
2.439390 
2.422605 
2.417114 
2.419553 
2.432982 
2.415586 
2.419252 
2.420774 
2.422606 
2.431151 
2.439695 
2.425964 
2.425046 
2.431456 
2.429320 
2.425046 
2.431151 
2.402466 
2.447018 
2.396671 
2.436338 
2.420777 
2.433286 
2.403382 
2.434813 
2.425962 
2.392399 
2.441221 
2.446103 
2.444272 
2.435728 
2.405214 
2.443662 
2.443662 
2.400943 
2.448545 
2.415893 
2.422303 
2.419861 
2.446408 
2.433897 
2.436948 
2.433592 
2.404911 
2.421079 
2.417726 
2.419861 
2.429625 
2.433287 
2.410398 
2.439390 
2.421082 
2.463799 
2.417417 
2.410706 
2.424743 
2.442441 
2.429014 
2.402772 
2.417112 
2.415285 
2.435117 
2.416198 
2.430541 
2.418945 
2.429320 
2.418027 
2.440915 
2.429929 
2.415283 
2.429625 
2.435118 
2.416199 
2.405210 
2.403079 
2.425962 
2.455868 
2.425351 
2.418945 
2.439390 
2.421079 
2.408264 
2.427793 
2.434202 
2.429931 
2.460139 
2.425351 
2.449155 
2.436644 
2.397275 
2.443051 
2.403073 
2.436948 
2.410703 
2.429321 
2.423522 
2.430541 
2.443051 
2.418637 
2.444882 
2.434203 
2.449765 
2.429016 
2.426572 
2.414062 
2.443356 
2.434202 
2.392392 
2.400334 
2.433592 
2.426267 
2.404908 
2.440610 
2.427182 
2.417419 
2.433592 
2.428099 
2.417421 
2.425659 
2.459531 
2.422912 
2.423523 
2.439390 
2.420776 
2.440000 
2.412233 
2.415586 
2.425046 
2.432676 
2.443967 
2.417420 
2.427794 
2.417726 
2.431761 
2.440305 
2.422913 
2.421384 
2.434202 
2.439085 
2.448240 
2.418337 
2.422302 
2.448239 
2.421079 
2.426574 
2.422303 
2.430234 
2.443052 
2.419252 
2.403994 
2.435422 
2.436644 
2.415586 
2.416503 
2.441221 
2.441526 

2.440000 
2.429931 
2.427184 
2.423218 
2.442441 
2.433592 
2.445492 
2.429320 
2.438779 
2.455868 
2.414979 
2.454343 
2.429625 
2.411012 
2.431762 

2.456171 
2.408876 
2.421692 
2.440610 
2.444272 
2.440305 
2.420776 
2.411924 
2.455562 
2.426268 
2.428405 
2.430541 
2.442441 
2.459528 
2.450069 
2.424742 
2.420471 
2.417417 
2.407654 
2.441831 
2.412536 
2.424438 
2.415283 
2.409488 
2.415586 
2.435423 
2.456476 
2.429320 
2.421079 
2.418029 
2.419251 
2.396359 
2.422912 
2.429015 
2.441526 
2.452205 
2.419553 
2.425049 
2.437254 
2.457087 
2.440000 
2.430845 
2.434202 
2.439390 
2.462278 
2.448848 
2.450069 
2.416503 
2.410402 
2.432676 
2.411622 
2.419553 
2.435423 
2.467462 
2.407651 
2.434813 
2.393613 
2.425353 
2.433898 
2.417725 
2.433287 
2.431151 

2.447933 
2.416503 
2.405521 
2.421387 

2.447324 
2.440000 
2.433592 

2.441831 

2.434813 

2.444882 

2.394230 

2.430236 

2.439390 
2.435423 


2.441220 
2.423523 

2.425353 
2.425964 
2.416505 
2.444272 

2.419556 
2.417114 

2.431151 

2.427489 

2.426268 
2.430541 



2.432677 
2.425351 
2.423827 
2.445187 
2.441831 
2.436948 

2.426269 
2.415284 

2.418335 
2.418335 
2.408264 
2.430846 
2.452816 
2.439085 


2.407654 
2.411319 


2.429320 

2.428099 
2.432372 

2.427184 

2.438780 

2.424437 
2.439085 

2.433897 


2.430845 
2.436033 
2.425353 
2.416806 
2.403691 
2.454036 

2.427490 
2.414674 
2.429929 
2.415588 
2.439695 
2.412839 
2.403992 
2.426270 


2.418332 
2.425659 
2.434508 
2.447018 
2.422608 
2.433896 
2.433287 
2.437254 
2.433287 
2.419858 
2.425963 
2.417722 
2.414062 
2.428405 
2.421994 
2.436033 

2.425046 
2.447934 
2.418642 
2.423523 

2.404301 
2.433897 
2.418943 

2.416503 
2.423218 
2.425048 
2.426270 
2.414979 
2.428098 
2.423829 
2.449764 
2.404911 
2.420166 
2.436949 
2.453121 
2.420776 
2.425049 
2.396671 
2.404908 
2.435728 

2.441526 

2.447629 
2.408573 
2.455867 
2.430234 
2.430541 
2.429320 
2.438169 
2.428403 



2.415589 
2.444882 
2.434813 
2.433591 
2.427185 

2.419860 

2.407041 

2.440000 
2.428098 
2.427794 
2.444577 
2.439695 
2.434812 
2.417726 
2.411927 
2.436949 
2.418946 
2.448848 
2.430541 
2.430540 
2.438474 
2.444577 
2.438779 
2.439695 
2.411927 

2.440915 
2.445187 
2.431150 
2.435728 
2.432982 
2.418642 
2.429015 

2.440915 
2.425964 
2.419861 

2.430236 
2.446104 
2.430234 
2.434203 
2.414062 
2.434813 
2.432065 

2.438779 
2.431150 
2.409183 

2.442441 
2.446713 
2.418946 
2.436338 
2.456171 
2.427489 
2.428403 
2.422606 
2.439390 
2.414975 
2.419555 
2.423218 
2.414670 
2.449765 
2.416199 
2.425046 
2.424437 
2.419860 
2.411927 

2.410707 
2.439390 

2.437254 
2.433591 
2.438169 
2.417724 
2.425351 
2.402163 
2.415891 
2.407959 
2.436033 
2.418030 
2.420470 
2.420165 
2.435728 
2.429014 
2.441526 
2.437864 
2.425353 
2.418332 
2.422301 
2.433287 
2.429625 
2.432981 
2.430235 
2.434507 
2.432982 
2.421998 
2.424743 
2.417112 
2.415283 
2.445492 
2.447933 
2.418335 
2.413755 
2.422301 
2.461358 
2.417420 
2.453121 
2.428711 
2.439390 
2.443662 
2.466545 
2.424743 
2.427793 
2.426268 
2.430541 
2.439390 
2.419860 
2.421387 
2.432982 
2.439085 
2.418640 
2.421994 
2.440305 
2.415285 
2.429015 
2.438169 
2.430846 
2.419556 
2.421386 
2.431151 
2.387509 
2.431456 
2.409486 
2.422605 
2.442136 
2.402468 
2.439390 
2.413149 
2.408567 
2.415589 
2.430541 
2.415893 
2.410403 
2.407346 
2.453731 
2.441526 
2.427794 
2.408876 
2.422605 
2.409790 
2.415896 
2.410097 
2.421384 
2.441526 
2.432982 
2.438779 
2.421996 
2.415891 
2.429931 
2.423828 
2.422300 
2.421691 
2.423523 
2.417114 
2.414367 
2.436033 
2.434508 
2.423215 
2.407350 
2.410095 
2.423524 
2.437559 
2.444883 
2.433592 
2.431762 
2.429625 
2.406742 
2.443662 
2.416806 
2.430540 
2.435117 
2.411316 
2.428098 
2.440915 
2.441831 
2.428403 
2.434508 
2.421997 
2.439084 
2.416503 
2.432982 
2.434507 
2.439390 
2.446408 
2.417420 
2.448239 
2.411317 
2.417722 
2.417726 
2.421082 
2.429014 
2.422301 
2.408878 
2.420166 
2.436338 
2.412536 
2.432676 
2.429625 
2.433898 
2.430846 
2.429015 
2.443051 
2.432371 
2.401860 
2.405214 
2.424744 
2.416199 
2.428100 
2.396060 
2.425046 
2.410706 
2.422913 
2.425964 
2.397885 
2.414978 
2.419251 
2.414975 
2.401551 
2.443967 
2.413755 
2.421081 
2.438474 
2.429930 
2.431762 
2.425964 
2.434812 
2.393312 
2.426575 
2.447628 
2.409177 
2.424132 
2.418947 
2.418945 
2.425049 
2.416505 
2.432676 
2.402161 
2.437864 
2.425964 
2.406125 
2.399722 
2.421689 
2.436033 
2.402470 
2.421082 
2.423520 
2.427489 
2.445492 
2.423828 
2.424744 
2.420469 
2.419555 
2.428100 
2.419860 
2.438169 
2.416806 
2.432371 
2.410403 
2.396054 
2.439085 
2.446408 
2.433896 
2.436644 
2.454952 
2.428098 
2.426573 
2.414369 
2.416198 
2.409793 
2.438474 
2.408872 
2.415283 
2.439085 
2.420471 
2.402463 
2.423829 
2.446103 
2.395749 
2.406742 
2.443052 
2.389653 
2.400025 
2.411316 
2.437864 
2.424132 
2.435728 
2.409486 
2.430539 
2.428405 
2.444272 
2.399106 
2.432066 
2.420167 
2.414063 
2.427182 
2.450374 
2.433897 
2.428711 
2.411011 
2.426880 
2.429931 
2.449459 
2.418030 
2.427182 
2.434812 
2.404911 
2.433897 
2.426575 
2.407961 
2.439390 
2.418030 
2.417419 
2.396063 
2.424438 
2.429624 
2.423522 
2.440915 
2.428100 
2.425351 
2.450069 
2.429624 
2.412231 
2.435118 
2.436338 
2.432371 
2.423524 
2.445492 
2.429016 
2.418637 
2.429015 
2.410706 
2.432982 
2.413755 
2.406128 
2.411008 
2.448544 
2.453121 
2.460443 
2.435728 
2.420774 
2.434507 
2.412843 
2.438169 
2.385994 
2.429015 
2.389345 
2.420777 
2.417115 
2.430234 
2.435118 
2.417116 
2.429625 
2.444273 
2.448238 
2.437254 
2.419858 
2.427185 
2.415893 
2.427185 
2.400025 
2.417116 
2.439390 
2.429320 
2.434813 
2.409482 
2.442441 
2.410092 
2.417421 
2.442441 
2.456785 
2.400025 
2.421998 
2.447018 
2.422605 
2.447934 
2.443967 
2.432677 
2.408875 
2.428710 
2.412842 
2.432067 
2.425657 
2.457087 
2.439390 
2.421384 
2.436643 
2.438474 
2.431761 
2.451597 
2.409180 
2.456782 
2.457088 
2.419553 
2.410400 
2.427489 
2.417114 
2.427795 
2.434507 
2.426270 
2.445188 
2.462885 
2.417112 
2.429321 
2.444272 
2.424437 
2.432677 
2.451902 
2.425658 
2.431152 
2.425964 
2.418642 
2.431150 
2.440305 
2.424744 
2.440000 
2.433592 
2.436948 
2.409488 
2.450985 
2.433287 
2.411624 
2.430236 
2.426572 
2.408875 
2.419553 
2.424437 
2.437559 
2.439085 
2.445187 
2.431455 
2.438779 
2.436339 
2.435118 
2.444882 
2.431455 
2.455868 
2.431761 
2.441221 
2.433898 
2.423523 
2.413144 
2.417726 
2.418335 
2.436643 
2.430846 
2.413755 
2.451901 
2.425659 
2.433286 
2.447628 
2.440000 
2.409790 
2.420472 
2.430541 
2.422605 
2.411622 
2.434812 
2.434812 
2.439695 
2.425963 
2.421083 
2.434508 
2.447629 
2.432372 
2.430846 
2.408567 
2.452816 
2.434508 
2.433287 
2.448238 
2.438474 
2.422606 
2.425659 
2.415891 
2.436948 
2.421997 
2.442136 
2.431151 
2.416811 
2.439084 
2.433897 
2.449764 
2.420163 
2.414062 
2.408573 
2.411618 
2.425659 
2.438169 
2.453120 
2.418637 
2.432067 
2.400937 
2.431761 
2.424132 
2.403996 
2.427488 
2.429321 
2.439085 
2.437253 
2.443357 
2.426877 
2.439695 
2.454038 
2.416198 
2.398504 
2.414063 
2.450681 
2.429625 
2.434813 
2.435423 
2.421388 
2.440610 
2.427793 
2.419860 
2.407045 
2.434508 
2.418943 

2.426575 
2.445493 
2.427489 
2.430541 
2.412538 
2.459528 
2.436338 
2.438779 
2.434812 
2.430236 
2.420777 
2.430234 
2.426268 
2.447628 
2.429929 
2.408261 
2.407961 

2.438779 
2.442136 
2.444882 
2.424437 
2.442746 
2.436339 
2.427795 
2.444883 
2.424134 
2.424741 
2.425048 
2.437559 
2.429625 

2.434507 
2.447628 
2.418637 
2.429015 
2.432982 
2.445188 
2.440610 
2.429320 
2.399106 
2.419861 
2.432676 
2.443051 
2.410706 
2.419248 
2.446408 
2.440915 
2.437254 
2.431762 

2.425962 
2.462885 
2.429624 
2.414672 
2.440916 
2.457088 
2.414063 

2.415283 
2.416505 

2.432982 
2.428708 
2.437864 
2.427185 
2.425048 
2.438474 


2.420163 
2.441221 

2.408573 
2.425962 
2.420777 

2.426879 
2.408878 
2.428710 

2.436948 
2.437559 

2.417116 
2.439390 
2.440915 
2.441221 
2.411008 
2.439695 
2.429320 

2.421386 
2.438780 
2.423523 
2.439390 
2.421691 
2.452510 

2.420470 
2.432372 

2.423524 
2.425964 
2.443662 
2.416501 
2.420167 
2.437254 
2.429625 
2.441220 
2.408569 
2.429321 
2.445493 
2.443967 


2.417116 
2.414670 
2.422606 
2.408268 
2.439084 
2.444577 
2.417724 
2.469597 

2.447934 

2.431151 
2.457698 

2.412536 
2.426270 
2.445798 

2.403077 
2.419557 
2.433287 

2.443052 
2.448545 
2.435118 
2.442136 
2.432982 
2.436033 
2.417417 
2.411621 
2.436033 
2.430845 
2.447018 
2.412534 
2.426879 
2.443967 
2.445187 
2.434202 
2.419252 
2.425049 

2.416810 
2.434202 
2.449460 
2.419252 
2.420163 
2.425353 
2.427795 
2.421998 

2.442746 
2.430236 
2.407045 
2.421388 
2.432372 
2.439390 
2.426880 
2.424133 
2.421689 
2.424743 
2.442136 
2.444882 
2.427184 
2.429929 
2.428709 
2.441831 
2.443051 
2.414365 
2.434202 
2.414370 
2.431456 
2.392399 
2.444577 
2.441220 
2.429931 
2.421081 
2.429321 
2.416806 
2.412234 
2.437559 
2.431760 
2.425658 
2.443357 
2.439390 
2.433287 
2.429931 
2.436033 
2.442441 
2.458307 
2.431455 
2.411926 
2.422302 
2.426572 
2.446103 
2.454952 
2.439695 
2.422913 

2.439695 
2.425048 
2.425046 
2.436338 

2.430845 
2.413455 
2.421081 
2.442136 
2.426572 
2.440000 
2.425049 
2.414365 
2.408872 
2.426879 
2.450984 
2.449459 
2.421692 
2.438169 
2.444882 
2.441526 
2.421386 
2.433592 
2.397584 
2.413455 
2.409482 
2.424134 
2.431456 
2.436949 
2.436643 
2.437559 
2.431457 
2.407651 
2.417419 
2.401555 
2.421388 
2.428100 
2.431761 
2.425354 
2.418335 
2.430845 
2.452205 
2.410402 
2.431761 
2.416201 
2.428404 
2.402470 
2.450375 
2.418943 
2.423523 
2.406739 
2.409792 
2.435728 
2.431152 
2.420166 
2.413144 
2.418642 
2.434507 
2.426573 
2.432067 
2.405214 
2.413755 
2.423827 
2.422302 
2.430540 
2.427185 
2.449461 
2.419556 
2.380190 
2.421388 
2.427489 
2.437559 
2.425353 
2.414065 
2.415894 
2.446103 
2.443662 
2.446408 
2.438474 
2.425657 
2.437559 
2.431761 
2.428403 
2.401246 
2.422607 
2.423217 
2.439084 
2.422301 
2.401553 
2.416501 
2.424437 
2.408878 
2.428405 
2.439390 
2.445187 
2.427795 
2.428100 
2.427795 
2.427184 
2.420163 
2.411319 
2.435423 
2.418027 
2.421083 
2.420471 
2.424131 
2.420167 
2.412233 
2.410398 
2.435728 
2.437864 
2.454038 
2.401246 
2.432066 
2.423522 
2.444272 
2.432677 
2.430234 
2.448239 
2.405214 
2.418332 
2.421996 
2.427795 
2.425964 
2.450985 
2.436948 
2.425048 
2.425046 
2.455563 
2.425048 
2.417419 
2.448238 
2.434508 
2.437559 
2.425351 
2.442746 
2.416196 
2.423829 
2.428405 
2.439695 
2.434507 
2.453731 
2.428708 
2.408264 
2.431762 
2.428405 
2.425351 
2.423522 
2.440000 
2.422607 
2.426267 
2.448848 
2.430541 
2.421689 
2.435728 
2.431152 
2.417115 
2.429014 
2.415893 
2.421388 
2.430236 
2.442441 
2.418639 
2.418334 
2.448849 
2.416198 
2.426270 
2.437864 
2.393002 
2.442136 
2.421079 
2.433287 
2.436948 
2.443051 
2.423520 
2.438474 
2.430234 
2.422913 
2.403691 
2.428403 
2.418337 
2.426879 
2.431455 
2.435728 
2.441831 
2.434507 
2.425659 
2.412538 
2.427795 
2.421997 
2.443357 
2.432982 
2.441831 
2.413144 
2.421996 
2.410402 
2.411011 
2.398807 
2.403691 
2.426574 
2.420776 
2.448239 
2.439390 
2.421994 
2.426879 
2.417116 
2.438474 
2.433286 
2.433592 
2.439085 
2.443357 
2.429625 
2.408878 
2.416196 
2.422912 
2.443051 
2.440610 
2.435728 
2.431150 
2.438779 
2.428405 
2.433897 
2.426575 
2.415284 
2.432982 
2.425046 
2.432677 
2.435728 
2.436033 
2.431151 
2.426572 
2.429930 
2.416506 
2.429014 
2.419860 
2.425964 
2.435422 
2.430539 
2.424742 
2.419862 
2.434508 
2.419248 
2.411319 
2.444882 
2.455866 
2.431456 
2.429016 
2.424131 
2.440000 
2.415891 
2.451901 
2.423827 
2.443967 
2.418335 
2.432676 
2.426575 
2.450070 
2.431762 
2.435117 
2.473872 
2.431150 
2.417420 
2.423215 
2.422303 
2.413452 
2.407047 
2.424438 
2.432371 
2.423829 
2.429319 
2.404908 
2.434508 
2.411926 
2.425964 
2.436644 
2.421082 
2.432371 
2.430540 
2.425354 
2.426879 
2.447629 
2.428711 
2.425046 
2.428405 
2.449460 
2.415590 
2.416199 
2.440305 
2.418027 

2.438169 
2.434202 
2.433592 
2.415590 
2.432065 
2.420472 
2.426879 
2.434507 
2.429626 
2.425659 
2.426877 
2.424134 
2.443356 
2.402768 
2.435118 
2.421997 
2.433591 
2.425048 
2.449154 
2.439085 
2.438169 
2.417722 

2.422913 
2.443052 
2.432372 
2.437254 

2.423827 

2.422301 

2.422303 
2.403079 
2.424131 
2.440610 
2.439695 
2.448239 
2.429625 
2.424744 
2.407045 
2.427488 
2.408875 
2.429930 
2.421998 
2.426267 
2.424437 
2.419862 
2.438779 
2.420774 
2.426573 
2.414979 
2.411008 
2.403994 
2.435423 
2.429320 

2.438779 
2.429625 
2.419553 
2.432372 
2.412233 
2.429929 
2.418639 
2.414063 
2.402768 
2.402161 
2.441220 
2.428098 
2.412536 
2.435728 
2.414060 
2.416198 
2.441831 
2.422910 
2.426573 
2.436033 
2.416806 
2.421691 
2.438780 
2.442136 
2.419553 
2.436948 
2.442136 

2.439390 


2.440000 
2.445798 
2.465938 
2.435118 
2.423218 
2.437559 
2.413760 
2.439695 
2.427795 
2.412538 

2.438779 

2.440305 
2.434508 
2.443052 
2.437254 
2.424437 
2.431151 
2.447629 
2.433898 
2.427489 
2.415588 
2.427490 
2.449154 
2.426268 
2.447628 
2.425962 
2.434508 
2.447018 
2.425046 
2.405827 
2.446408 
2.436948 
2.432066 

2.435423 
2.426880 
2.410097 
2.423829 
2.425351 

2.420167 
2.424437 
2.448849 
2.433897 
2.421997 
2.434812 
2.444577 
2.430236 
2.449154 
2.433286 
2.433592 
2.425351 
2.454037 
2.421998 
2.423217 
2.422608 
2.411317 
2.440916 
2.423829 
2.417420 
2.420774 
2.407654 
2.434813 
2.434508 
2.434813 
2.442747 
2.426268 
2.440915 
2.430236 
2.425964 
2.424438 
2.420470 
2.430236 
2.431151 
2.420163 
2.439085 


2.426879 
2.435728 
2.427795 
2.454646 
2.424132 
2.428098 
2.391486 


2.443356 
2.428710 
2.461363 
2.417116 
2.428098 
2.415893 
2.456476 
2.419252 
2.427184 
2.425048 
2.462274 
2.438779 
2.432066 
2.421998 
2.426269 
2.421996 
2.431457 

2.430846 
2.430236 
2.439390 
2.451291 
2.426267 
2.430236 
2.428404 
2.399724 
2.428405 
2.448544 
2.417722 
2.425353 
2.428708 
2.447324 
2.428405 
2.427793 
2.447933 
2.441831 

2.417725 
2.411924 
2.450374 
2.421996 
2.429014 
2.420165 
2.428405 
2.450681 
2.450984 
2.424743 
2.426572 
2.396063 
2.427184 
2.436949 
2.447628 
2.414365 
2.421996 
2.414979 
2.423215 
2.424742 
2.437559 
2.434507 
2.415896 
2.411622 
2.445492 
2.408876 
2.430539 
2.424744 

2.412534 
2.418029 
2.427489 
2.412534 
2.439390 
2.419555 
2.433287 
2.415896 
2.413758 
2.427793 
2.440305 

2.429320 
2.410098 
2.436338 
2.412534 
2.428404 
2.425046 
2.436033 
2.437864 
2.417112 
2.456173 
2.417725 
2.447934 
2.411014 
2.429015 
2.426267 
2.425353 
2.443051 
2.447324 
2.435423 
2.404299 
2.424741 
2.436339 
2.435728 
2.411924 
2.445188 
2.425353 
2.432677 
2.442441 
2.422303 
2.421692 
2.433287 
2.396366 
2.432065 

2.437253 
2.406742 
2.423523 
2.429624 
2.429321 

2.430539 
2.432066 
2.428404 
2.420472 
2.424132 
2.431456 
2.416501 
2.431152 
2.411924 

2.430541 
2.427489 
2.436338 
2.446102 
2.447629 
2.439390 
2.420471 
2.427182 
2.443357 
2.425963 
2.404911 
2.433896 
2.408573 

2.416198 
2.437864 
2.422605 

2.426267 

2.435727 

2.405210 
2.440000 

2.428403 
2.419252 
2.429014 
2.435728 
2.443052 


2.407346 
2.429015 
2.426572 
2.436033 
2.430234 
2.422301 
2.405216 
2.441221 
2.441526 
2.455561 
2.421081 

2.428404 
2.446408 
2.431761 
2.405216 
2.411012 
2.439695 
2.428404 
2.443967 
2.440000 
2.418642 
2.439085 
2.419553 
2.429320 
2.429319 
2.425046 
2.424437 
2.447628 
2.415589 
2.434507 
2.409793 
2.426574 
2.444578 
2.430846 
2.422912 
2.399415 
2.419252 

2.389350 
2.400332 


2.411622 
2.417112 
2.442441 
2.427490 
2.430236 
2.415893 
2.433592 
2.414063 
2.420774 
2.439085 
2.451900 
2.440915 
2.421689 
2.434812 
2.443356 
2.440000 
2.442136 
2.418640 
2.430540 

2.402468 
2.412229 
2.438169 
2.421083 
2.426269 
2.430845 
2.438474 
2.411319 
2.427184 
2.429624 
2.413452 
2.443967 
2.414670 

2.436644 
2.430234 
2.436643 
2.436949 
2.458006 
2.440000 
2.425658 
2.433287 
2.450984 
2.408567 
2.433287 
2.418640 
2.433897 
2.429319 
2.447933 
2.394230 
2.416806 
2.450070 
2.440915 
2.435423 
2.453428 
2.433897 
2.430236 
2.411313 
2.424439 
2.456172 
2.431152 
2.432982 
2.427185 
2.429320 
2.424131 
2.415896 
2.436644 
2.423215 
2.434507 
2.439390 
2.423523 
2.425962 
2.425659 
2.416199 
2.399106 
2.424439 
2.425962 
2.432677 
2.446409 
2.425964 
2.423523 
2.426575 
2.414369 
2.440610 
2.435423 
2.426270 
2.409180 
2.435728 
2.432065 
2.430845 
2.418030 
2.424132 
2.411624 
2.447323 
2.434812 
2.419556 
2.432371 
2.429625 
2.427794 
2.446102 
2.438474 
2.439695 
2.400330 
2.438779 
2.443052 
2.438169 
2.416503 
2.437559 
2.433897 
2.403073 
2.412539 
2.433896 
2.431761 
2.439695 
2.434507 
2.421083 
2.423826 
2.439390 
2.436949 
2.416501 
2.445187 
2.439390 
2.419555 
2.421997 
2.406430 
2.420776 
2.428405 
2.427182 
2.426268 
2.441831 
2.427795 
2.451291 
2.444882 
2.435727 
2.427184 
2.425049 
2.455564 
2.418029 
2.432372 
2.445188 
2.443357 
2.431761 
2.439390 
2.440000 
2.440915 
2.422913 
2.426573 
2.426880 
2.425964 
2.408872 
2.422912 
2.448543 
2.424743 
2.431150 
2.429931 
2.429931 
2.418027 
2.421386 
2.425351 
2.440915 
2.434508 
2.434202 
2.439084 
2.427795 
2.437559 
2.411316 
2.427795 
2.436949 
2.426877 
2.406739 
2.435118 
2.411008 
2.426270 
2.438779 
2.436643 
2.434813 
2.429320 
2.442441 
2.407656 
2.424131 
2.425048 
2.434813 
2.421689 
2.428709 
2.429931 
2.430236 
2.418943 
2.446102 
2.434202 
2.414975 
2.425658 
2.447628 
2.432066 
2.417722 
2.445493 
2.421997 
2.430234 
2.417724 
2.423218 
2.415284 
2.413144 
2.424744 
2.440000 

2.438779 
2.442136 
2.428709 
2.418332 
2.428099 
2.428710 
2.400937 
2.430541 

2.411622 
2.434812 
2.426269 
2.454343 
2.428100 
2.408567 
2.439695 
2.444272 
2.431760 
2.425353 
2.419861 

2.428100 
2.412233 
2.421691 
2.434813 
2.414980 
2.446103 
2.416811 
2.450069 
2.447935 
2.422606 
2.427795 
2.450680 
2.412839 
2.420776 
2.439390 
2.409787 
2.401246 
2.423829 
2.420166 
2.437253 
2.419250 
2.421692 
2.436033 
2.427794 
2.434508 
2.424743 
2.402768 
2.432982 
2.440000 
2.447019 
2.412842 
2.402466 
2.422913 
2.403079 
2.427793 
2.444272 
2.440305 
2.425046 
2.419252 
2.417725 
2.431457 
2.461054 
2.411618 
2.432372 
2.436338 
2.411014 
2.431761 
2.425657 
2.432982 
2.423828 
2.433286 
2.433898 
2.426879 
2.428405 
2.431456 
2.427182 
2.434202 
2.426270 
2.437864 
2.440915 
2.429319 
2.428710 
2.439695 
2.423827 
2.416810 
2.442441 
2.420469 
2.413452 
2.429015 
2.413755 
2.409790 
2.432372 
2.423217 
2.418640 
2.422605 
2.439085 
2.437254 
2.449766 
2.444882 
2.420777 
2.430846 
2.420776 
2.423828 
2.416806 
2.411011 
2.421082 
2.433896 
2.435423 
2.421079 
2.446713 
2.440610 
2.436033 
2.446104 
2.447018 
2.440915 
2.436033 
2.457090 
2.432371 
2.415589 
2.418639 
2.435118 
2.433897 
2.443051 
2.439695 
2.424741 
2.435728 
2.435118 
2.427795 
2.427185 
2.445797 
2.411622 
2.423215 
2.412231 
2.438780 
2.429624 
2.439695 
2.425962 
2.436338 
2.429320 
2.433287 
2.414369 
2.455256 
2.431456 
2.424131 
2.432067 
2.440610 
2.419251 
2.429014 
2.418334 
2.427185 
2.420470 
2.429015 
2.425658 
2.428405 
2.435423 
2.433896 
2.414672 
2.403384 
2.423218 
2.408872 
2.408573 

2.427182 
2.429015 

2.440305 
2.442746 
2.428405 
2.429015 
2.440305 
2.425353 
2.430845 
2.451901 
2.429931 
2.409790 
2.423522 
2.417116 
2.442136 
2.424131 
2.439085 
2.428711 
2.434202 
2.427793 
2.436033 
2.429319 
2.428709 
2.426575 
2.414367 
2.415896 
2.439085 
2.421693 
2.418946 
2.424742 
2.416201 
2.439695 
2.427794 
2.434813 
2.428708 
2.438779 
2.433286 
2.432982 
2.442746 
2.432372 
2.436338 
2.427184 
2.433592 
2.417725 
2.430541 
2.430236 
2.414063 
2.428403 
2.427488 
2.432676 
2.432982 
2.427490 
2.435728 
2.421689 
2.435423 
2.418943 
2.439085 
2.411924 
2.421996 
2.452205 
2.435118 
2.428100 
2.433897 
2.440000 
2.433897 
2.447018 
2.440305 
2.449155 
2.423523 
2.422301 
2.417726 
2.412538 
2.428098 
2.438169 
2.405216 
2.407651 
2.414675 
2.430541 
2.409180 
2.412234 
2.427182 
2.443662 
2.433592 
2.441526 
2.424436 
2.433897 
2.450071 
2.421693 
2.436644 
2.421079 

2.439390 
2.439084 
2.420471 
2.403384 
2.414975 
2.432676 
2.424133 
2.441831 
2.397588 
2.426574 
2.428403 
2.415284 
2.422605 
2.419250 
2.392094 
2.422300 
2.418029 
2.431152 
2.433287 
2.420774 
2.468074 
2.434203 
2.428405 
2.422607 
2.425046 
2.427184 
2.431762 
2.421997 
2.443052 
2.442441 
2.428405 
2.438779 
2.418029 
2.437559 
2.418332 
2.395448 
2.426880 
2.423217 
2.411622 
2.428711 
2.428405 
2.428708 
2.436948 
2.427489 
2.439695 
2.425963 
2.426575 
2.420471 
2.425658 
2.429626 
2.422300 
2.443052 
2.421082 
2.426877 
2.401246 
2.436644 
2.429929 
2.426879 
2.422302 
2.419250 
2.442136 
2.432372 
2.414980 
2.393002 
2.454951 
2.435728 
2.414975 
2.427794 
2.433287 

2.430540 
2.422303 
2.417112 
2.404606 

2.434813 
2.422302 
2.431455 
2.445493 
2.429321 

2.438474 
2.423217 
2.457697 
2.412234 

2.402468 
2.433898 
2.428404 
2.415590 
2.425351 
2.429625 
2.421083 
2.434813 
2.443357 
2.443967 
2.418030 
2.436948 
2.431152 
2.442746 
2.433897 
2.443967 
2.434812 
2.438169 
2.418030 
2.436338 
2.439390 
2.426574 
2.428708 
2.414369 
2.423522 
2.424134 
2.463495 
2.393007 

2.441526 

2.443052 
2.418334 
2.418943 
2.441526 
2.449765 
2.430846 
2.440000 
2.426880 
2.430236 
2.420469 
2.421691 
2.411319 
2.441220 
2.435118 
2.444883 
2.424742 
2.437559 
2.424436 
2.444882 
2.439390 
2.403684 
2.457392 
2.434508 
2.433896 
2.447018 
2.443662 
2.442136 
2.440305 
2.424438 
2.424436 
2.432371 
2.425049 
2.451290 
2.410402 
2.453428 
2.408573 
2.449154 
2.428708 
2.429625 
2.427793 
2.427795 
2.443661 
2.426572 
2.447324 
2.437864 
2.447019 
2.423827 
2.435728 

2.441220 

2.423520 
2.418642 
2.422605 
2.429015 
2.443662 
2.434813 
2.419553 
2.435118 

2.414062 
2.423218 
2.453427 


2.428711 
2.425657 
2.419252 
2.448544 

2.439695 
2.441831 
2.458919 
2.426268 
2.416811 
2.446408 

2.439695 
2.421384 

2.435423 
2.432981 
2.427489 
2.455562 


2.409792 


2.425964 

2.430236 
2.452818 
2.410703 




2.424742 
2.435118 
2.416501 
2.427489 
2.431455 
2.436643 
2.451289 
2.418335 
2.418029 
2.445187 
2.436338 
2.413757 
2.410098 

2.409488 
2.427184 
2.407346 
2.460140 
2.426575 
2.409792 
2.425657 
2.421997 
2.429625 
2.430236 
2.411317 
2.429929 

2.436949 
2.427794 
2.410098 
2.439085 
2.441221 
2.429929 
2.415285 

2.421994 

2.434812 
2.409180 
2.440000 
2.409181 
2.428708 
2.437864 
2.418335 
2.411618 
2.419555 
2.440305 
2.428100 

2.442746 
2.432982 
2.440000 
2.441831 
2.457395 
2.443662 
2.436339 
2.427184 

2.424134 

2.439390 
2.422302 
2.432371 
2.433592 
2.418332 
2.456783 
2.418332 
2.422913 
2.421997 
2.430235 
2.415281 
2.450069 
2.406125 
2.416201 
2.443356 

2.451900 
2.441221 
2.441831 


2.401553 

2.432677 
2.422303 
2.425659 
2.414365 
2.418030 
2.432065 
2.410098 
2.428099 
2.417116 
2.436338 
2.410092 
2.429320 
2.461055 
2.409787 
2.441526 

2.421689 
2.431762 
2.411012 
2.443662 
2.433287 
2.434508 
2.410403 
2.427489 
2.410098 
2.412843 
2.419858 
2.443357 
2.436948 
2.426879 
2.447323 
2.447323 
2.415896 
2.429625 
2.425351 
2.406128 
2.424741 
2.442441 
2.417420 
2.425046 
2.433897 
2.416199 
2.419553 
2.412842 
2.433898 
2.435118 
2.419252 
2.408567 
2.436033 
2.427490 
2.458613 
2.432676 
2.435423 
2.409787 
2.421386 
2.437254 
2.436948 
2.419251 
2.417419 
2.431762 
2.418637 
2.425049 
2.420774 
2.419252 
2.424131 
2.425048 
2.429626 
2.426572 
2.427795 
2.415891 
2.429015 
2.431762 
2.413449 
2.425048 
2.422608 
2.433896 
2.426268 
2.413455 
2.430541 
2.411618 
2.433592 
2.416501 
2.423217 
2.431456 

2.426574 
2.408261 
2.418334 
2.414060 
2.417114 
2.400022 

2.434202 
2.422912 
2.417421 
2.428708 
2.426573 
2.415896 
2.410402 
2.436948 
2.414062 
2.446408 
2.393314 
2.413755 
2.440305 
2.410400 
2.422608 
2.423523 
2.445798 
2.393317 
2.426879 
2.429626 
2.413148 
2.407346 
2.429016 
2.414369 
2.428708 
2.431761 
2.432372 
2.409181 
2.433897 
2.437559 
2.400022 
2.402775 
2.424133 
2.418943 
2.439085 
2.427795 
2.418335 
2.427793 
2.427185 
2.428404 
2.414979 
2.428708 
2.413757 
2.427794 
2.410709 
2.394535 
2.399114 
2.418030 
2.413757 
2.427184 
2.420165 
2.410709 
2.410402 
2.431760 
2.417116 
2.426879 
2.405521 
2.406736 
2.448544 
2.455562 
2.401551 
2.437253 
2.444577 
2.412233 
2.423520 
2.418640 
2.407956 
2.431761 
2.410398 
2.416199 
2.411316 
2.407956 
2.432676 
2.441221 
2.439085 
2.454341 
2.394840 
2.424131 
2.425657 
2.450984 
2.444272 
2.436643 
2.446408 
2.432371 
2.448848 
2.454954 
2.434507 
2.428099 
2.385994 
2.424741 
2.426268 
2.430846 
2.429015 
2.404904 
2.431151 
2.406437 
2.436033 
2.433898 
2.431761 
2.425964 
2.437254 
2.440610 
2.431762 
2.447323 
2.429929 
2.452816 
2.425048 
2.437253 
2.425962 
2.420470 
2.429626 
2.428098 

2.411927 
2.413755 
2.420167 
2.427488 
2.436033 
2.433287 
2.436338 
2.442441 
2.438474 
2.435728 
2.435728 

2.449154 
2.413148 
2.438779 
2.441221 

2.421692 
2.434202 
2.438169 
2.411317 
2.431151 
2.433287 
2.444577 
2.422607 
2.440305 
2.448238 
2.419556 
2.415893 
2.436338 
2.440305 
2.423218 
2.423828 
2.434507 
2.419250 

2.415586 

2.438474 
2.446713 
2.406736 
2.451597 
2.431151 
2.431762 
2.420163 
2.410398 
2.470820 
2.420163 
2.422302 
2.429624 
2.428403 
2.414670 
2.433896 
2.434812 
2.449765 

2.442747 
2.415281 
2.400330 
2.420163 
2.416809 
2.444273 
2.435118 
2.442136 
2.467769 
2.429930 
2.438474 
2.434507 
2.418337 
2.425658 
2.418640 
2.423218 
2.444272 
2.459531 

2.436338 

2.458003 
2.432676 
2.429625 
2.440000 
2.406435 
2.425659 
2.418637 
2.428100 
2.447019 
2.444272 


2.418332 
2.430541 
2.453428 
2.421692 
2.459531 
2.435118 
2.432676 
2.413453 
2.438474 
2.428710 
2.443356 
2.439085 
2.429320 
2.423524 
2.434813 
2.438780 
2.458612 
2.441831 
2.407962 
2.438779 

2.419252 
2.441221 
2.418027 

2.424133 

2.415896 
2.478445 
2.454646 

2.407047 

2.437864 
2.425049 



2.435423 
2.438474 

2.429014 


2.437559 



2.436949 


2.430846 
2.409482 
2.422910 
2.431456 

2.433591 
2.468684 


2.432677 



2.432982 
2.446713 

2.426267 
2.431152 
2.431151 

2.427793 
2.436033 


2.439695 
2.428100 
2.424439 

2.456174 
2.435422 
2.441526 

2.423828 

2.419553 



2.445493 

2.420167 
2.459223 
2.441221 
2.431152 




2.454341 
2.428100 

2.428100 





2.452512 

2.433592 
2.424743 
2.457088 
2.424133 
2.439695 

2.414979 

2.429320 
2.417115 


2.449764 
2.437254 
2.428710 

2.428100 
2.448849 
2.430541 
2.430539 

2.429929 
2.450069 
2.447324 
2.438474 
2.446408 
2.437864 


2.438779 










2.441221 

2.424741 


2.439695 
2.433591 
2.413449 
2.419858 
2.428405 
2.451290 
2.418637 
2.414670 
2.429929 

2.432982 
2.463801 
2.422912 
2.422605 
2.428708 
2.430845 
2.430539 
2.433287 
2.417116 

2.458613 



2.468378 
2.435118 
2.466243 

2.435118 
2.423828 
2.433287 
2.424133 
2.432677 
2.426268 
2.434202 
2.400332 
2.410707 
2.432066 
2.430236 
2.432066 
2.425962 
2.442441 
2.436948 
2.406435 
2.416196 
2.434508 
2.414980 
2.434507 
2.426269 
2.437559 
2.451902 
2.437559 
2.438474 
2.432677 
2.426572 
2.427182 
2.434813 
2.421083 
2.418332 
2.448544 
2.411924 
2.440916 
2.431457 
2.444273 
2.443967 
2.457395 
2.429014 
2.418943 
2.447018 
2.436338 
2.423826 
2.428099 
2.432066 
2.435728 
2.443662 
2.425351 
2.429624 
2.414674 
2.429931 
2.447935 
2.438779 
2.457700 
2.444882 
2.436948 
2.404294 
2.422300 
2.433896 
2.417419 
2.424436 
2.453123 
2.420470 
2.414062 
2.421079 
2.435423 
2.449766 
2.425657 
2.440000 
2.444273 
2.426269 
2.417420 
2.426267 
2.441526 
2.436643 
2.429931 
2.411012 
2.424438 
2.444578 
2.439695 
2.429624 
2.421079 
2.417722 
2.444273 
2.403989 
2.443662 
2.441221 
2.436033 
2.431761 
2.419858 
2.427793 
2.439085 
2.448544 
2.438474 
2.425964 
2.422606 
2.437559 
2.423218 
2.433286 
2.401246 
2.447323 
2.449155 
2.419861 
2.418027 
2.425659 
2.416503 
2.433897 
2.423828 
2.417725 
2.425659 
2.444272 
2.418640 
2.421386 
2.404299 
2.433592 
2.427489 
2.407654 
2.433897 
2.411929 
2.418334 
2.416806 
2.397283 
2.424134 
2.459835 
2.433897 
2.431152 
2.414980 
2.416199 
2.433897 
2.453121 
2.427489 
2.443662 
2.446713 
2.435728 
2.421997 
2.421997 
2.437254 
2.432065 
2.423218 
2.430235 
2.430234 
2.425657 
2.452511 
2.425351 
2.439390 
2.432676 
2.425658 

2.410402 
2.423215 
2.411621 


2.454954 
2.399415 
2.410703 
2.423218 
