2.429626 
2.416201 

2.428711 

2.435118 
2.430540 
2.414065 
2.418029 
2.423524 
2.432676 
2.429626 
2.440305 
2.448544 
2.441221 
2.438474 
2.425657 
2.417419 
2.421998 
2.436033 
2.415588 
2.419557 
2.438474 
2.427184 
2.433898 
2.429320 
2.446409 
2.415588 
2.417421 
2.428709 
2.435423 
2.414979 
2.440916 
2.427794 
2.429626 
2.425048 
2.446714 
2.440610 
2.433287 
2.421692 
2.429320 
2.419557 
2.451290 
2.429319 
2.434812 
2.432067 
2.441831 
2.427794 
2.433898 
2.444578 
2.419555 
2.425659 
2.419248 
2.433287 
2.425659 
2.408569 
2.431455 
2.417114 
2.461358 
2.434202 
2.414060 
2.416809 
2.459224 
2.411012 
2.431760 
2.420776 
2.436338 
2.407346 
2.418642 
2.443357 
2.411316 
2.430541 
2.440305 
2.425658 
2.418642 
2.437864 
2.440000 
2.440000 
2.424131 
2.412231 
2.425659 
2.431455 
2.435423 
2.436339 
2.445798 
2.416806 
2.411316 
2.432067 
2.403989 
2.417419 

2.416506 
2.422912 
2.423217 
2.416811 
2.428709 
2.429931 
2.417116 

2.446713 

2.421083 
2.433897 
2.396054 

2.452207 
2.461666 
2.453730 
2.413758 
2.426572 
2.436643 
2.424439 
2.431151 
2.438474 
2.429016 
2.436949 
2.433591 
2.398194 
2.400945 
2.439085 
2.448850 
2.414367 
2.421083 
2.430846 
2.429014 
2.433592 
2.433287 
2.441221 
2.427488 
2.422912 
2.436339 
2.432372 
2.438169 
2.409790 

2.417115 
2.409482 
2.450985 
2.426270 
2.441831 
2.428708 
2.432982 
2.429016 
2.420166 
2.446714 
2.435118 
2.431762 
2.425657 
2.441526 
2.439695 
2.439390 
2.434812 
2.448544 
2.440000 
2.437254 
2.431762 
2.403994 
2.418637 
2.402775 
2.414674 
2.428100 
2.419555 
2.430541 
2.448544 
2.446713 
2.444577 
2.419861 
2.432371 
2.434507 
2.416201 
2.442746 
2.428403 
2.421996 
2.429015 
2.450986 
2.451291 
2.432677 
2.423828 
2.428403 
2.410095 
2.421082 
2.436033 
2.427795 
2.444577 
2.438779 
2.414672 
2.428100 
2.426574 
2.421083 
2.455257 
2.451597 
2.427795 
2.434508 


2.409177 
2.447018 
2.432677 
2.438779 
2.443662 
2.433287 
2.415894 



2.443662 

2.414975 
2.416199 
2.430234 
2.430846 
2.438779 
2.416809 
2.431152 
2.408876 
2.436643 
2.414367 
2.447628 
2.421082 
2.423520 
2.429930 
2.429016 
2.417114 
2.440915 
2.429931 
2.406125 
2.431456 
2.422303 
2.441221 
2.447935 
2.434508 
2.427793 
2.434812 
2.436339 
2.429319 
2.446103 
2.432677 
2.420471 
2.413144 
2.423522 
2.470512 
2.424133 
2.429014 
2.422606 
2.456476 
2.433592 
2.427489 
2.425354 
2.416505 
2.423522 
2.427185 
2.441221 
2.433896 
2.428099 
2.437559 
2.435728 
2.415590 
2.429320 
2.416501 
2.427489 
2.449459 
2.448849 
2.411014 
2.422912 
2.430845 
2.413147 
2.434813 
2.419861 
2.453733 
2.420470 
2.429931 
2.439084 
2.423217 
2.418337 
2.441221 
2.428405 
2.430234 

2.416201 
2.418334 
2.443967 
2.432982 
2.407962 

2.459833 
2.438169 
2.416201 

2.432067 
2.444577 

2.458002 
2.448849 
2.423524 
2.428099 
2.429014 
2.409485 
2.434812 
2.425658 
2.452205 
2.438474 
2.420469 
2.401551 
2.421693 
2.436949 
2.430234 
2.436033 
2.418640 
2.425046 
2.432982 
2.429016 
2.421082 
2.442136 
2.432372 
2.438474 
2.423217 
2.435118 
2.429929 
2.422606 
2.456477 
2.429929 
2.433287 
2.426267 
2.440610 
2.440000 
2.432981 
2.444577 
2.424439 
2.408266 
2.429015 
2.410403 
2.423826 
2.427184 
2.437559 
2.437559 
2.417112 
2.423217 
2.408567 
2.431151 
2.430845 
2.432982 
2.430846 
2.428708 
2.442441 
2.446408 
2.431151 
2.425657 
2.428404 
2.430541 
2.441221 
2.432677 
2.429015 
2.429929 
2.457699 
2.429321 
2.419251 
2.433896 
2.428099 
2.433898 
2.428098 
2.426270 
2.445492 
2.444883 
2.436643 
2.459833 
2.419248 
2.436033 
2.428405 
2.436033 
2.423828 
2.424741 
2.441526 
2.452205 
2.436338 
2.411929 
2.422302 
2.443662 
2.431152 
2.435118 
2.409793 
2.428710 
2.435727 
2.430845 
2.428404 
2.439695 
2.439695 
2.436948 
2.421386 
2.432982 
2.446713 
2.419248 
2.455258 
2.443662 
2.430845 
2.442441 
2.426270 
2.431456 
2.412229 
2.436949 
2.427489 
2.451292 
2.408268 
2.411924 
2.432982 
2.426575 
2.438169 
2.443662 
2.414062 
2.434507 


2.417417 
2.433592 
2.429016 

2.450376 
2.438474 
2.437559 
2.441221 
2.441526 
2.429320 
2.439085 
2.421079 
2.428405 
2.436644 
2.419248 
2.414367 
2.434812 

2.431150 
2.435423 
2.434508 
2.410402 
2.426268 

2.434507 
2.431152 
2.436338 
2.433286 
2.427794 
2.447323 
2.452511 
2.429016 

2.440916 
2.422912 
2.432676 
2.431151 
2.428404 
2.440915 
2.422912 
2.433896 
2.438169 
2.425354 
2.428710 
2.432676 
2.425048 
2.421994 
2.419555 
2.436644 
2.425658 
2.448850 
2.435423 
2.443661 
2.432982 
2.413760 
2.451900 
2.440305 
2.416503 
2.440305 
2.413453 
2.427793 
2.417114 
2.447018 
2.443662 
2.436948 
2.443662 
2.421693 
2.416810 
2.439084 
2.441221 
2.442746 
2.430846 
2.443357 
2.446408 
2.413144 
2.436033 
2.426575 
2.428098 
2.403992 
2.428100 
2.436033 
2.421081 
2.432372 

2.442746 
2.422303 
2.444272 
2.421079 
2.435423 

2.435727 
2.417419 
2.436339 
2.438169 
2.412234 
2.448850 
2.429320 
2.447018 
2.448239 
2.451597 
2.438474 
2.445492 

2.429319 
2.439085 
2.416201 
2.433592 
2.436033 
2.439695 
2.422606 
2.445798 
2.408569 

2.427795 
2.446409 

2.445492 
2.438169 

2.424439 
2.435117 
2.443967 
2.436033 

2.442136 


2.456174 
2.439695 
2.432372 

2.429624 
2.431761 
2.439390 
2.420166 
2.424437 
2.436033 


2.425964 
2.427488 
2.435728 
2.432982 

2.422912 

2.430541 
2.430234 
2.440000 
2.436339 
2.429624 
2.425964 
2.440915 
2.430541 
2.434507 
2.433592 
2.456171 

2.411618 
2.419252 
2.423523 
2.442747 
2.419557 
2.434812 
2.414367 
2.447628 
2.439695 
2.423215 
2.427184 
2.429626 
2.454038 
2.446713 
2.452205 
2.408569 
2.419252 
2.431456 
2.429625 
2.436033 
2.422606 
2.447323 
2.431151 
2.444578 
2.431456 
2.444577 
2.438169 
2.427488 
2.423524 
2.445492 
2.432676 
2.419250 
2.426575 
2.438779 
2.441831 
2.421691 
2.425659 
2.434507 
2.462886 
2.431457 
2.420776 
2.455564 
2.438169 

2.426268 
2.419862 
2.430541 
2.421994 
2.434203 
2.426574 
2.423218 
2.422607 
2.446103 
2.421079 
2.435423 
2.421082 
2.429320 
2.419557 
2.436643 
2.429931 
2.422606 
2.415896 
2.442136 
2.443356 
2.426574 
2.433286 
2.419251 
2.446714 
2.438474 
2.432065 
2.438779 
2.434813 
2.452205 
2.436948 
2.447018 
2.427184 
2.429626 
2.433287 
2.437864 
2.450375 
2.436644 
2.441220 
2.433897 
2.436948 
2.436033 
2.433592 
2.446408 
2.441831 
2.439390 
2.428708 
2.399114 
2.411622 
2.421994 
2.415588 
2.447933 
2.424438 
2.428404 
2.437254 
2.425351 
2.424134 
2.417725 
2.433898 
2.416505 
2.433897 
2.462274 
2.425351 
2.432982 
2.430846 
2.434202 
2.436949 
2.412229 
2.416809 
2.431456 
2.414065 
2.418335 
2.449155 
2.447018 
2.429014 


2.427182 


2.431760 


2.445188 

2.438779 
2.436338 
2.427184 
2.432067 
2.433897 
2.453121 
2.423827 
2.443661 
2.431150 
2.430235 
2.425048 
2.437253 
2.431151 
2.438474 
2.440610 
2.412534 
2.443662 
2.432066 
2.429624 
2.429014 
2.424437 
2.411317 
2.433286 
2.440915 
2.423524 
2.397281 
2.415891 
2.431761 
2.427185 
2.439390 
2.436644 
2.437559 
2.434507 
2.424132 
2.429015 
2.442441 
2.418334 
2.431152 
2.402463 
2.433287 
2.437559 
2.430539 
2.435118 
2.412231 
2.425354 
2.436948 
2.430236 

2.433592 
2.426270 

2.425964 

2.416506 
2.431152 
2.424742 
2.448240 
2.440305 
2.413760 
2.441526 
2.431761 
2.439695 
2.443662 
2.417419 
2.440305 
2.436338 
2.428405 
2.427793 
2.407349 
2.419862 
2.415589 
2.401551 
2.430541 
2.440915 
2.429014 
2.461973 
2.443661 
2.428405 
2.435423 
2.407657 
2.433592 
2.436338 
2.434812 
2.445797 
2.441831 
2.433286 
2.431152 
2.413147 
2.418947 
2.416806 
2.410706 
2.444882 
2.454341 
2.425963 
2.418337 
2.425353 
2.428708 
2.419555 
2.445492 
2.407045 
2.397584 
2.429319 
2.414672 
2.433592 
2.406742 
2.409486 
2.435117 
2.440305 
2.420167 
2.414369 
2.425657 
2.434202 
2.439695 
2.417419 
2.426270 
2.422301 
2.412234 

2.418639 
2.430236 

2.433592 
2.424439 
2.418943 
2.443662 
2.435423 
2.407346 
2.414979 
2.444272 
2.443967 
2.416501 
2.438169 
2.431151 
2.416501 
2.424132 
2.440305 
2.432372 
2.426267 
2.444882 
2.416810 
2.447933 
2.430541 
2.416503 
2.451595 
2.425351 
2.438474 
2.432982 
2.413755 
2.421386 
2.434813 
2.433286 
2.417419 
2.424744 
2.435118 
2.410703 
2.422303 
2.435728 
2.430845 
2.435728 
2.432677 
2.428709 
2.440305 
2.418335 
2.416501 
2.444272 
2.443661 
2.415893 
2.441526 
2.421691 
2.442746 
2.420469 
2.432982 
2.439085 
2.418945 
2.460138 
2.427489 
2.445493 
2.423217 
2.432372 
2.409482 
2.438474 
2.442747 
2.427489 
2.423524 
2.434812 
2.431760 
2.427490 
2.430234 
2.440305 
2.449766 
2.433592 
2.419251 
2.423520 
2.425658 
2.420777 
2.441526 
2.432065 
2.425353 
2.419862 
2.437559 
2.422301 
2.432677 
2.413144 
2.423522 
2.442136 
2.432676 
2.438474 
2.412233 
2.442136 
2.405521 
2.419251 
2.435422 
2.443051 
2.437254 
2.438474 
2.425658 
2.414979 
2.416809 
2.429320 
2.443357 
2.428404 
2.426269 
2.432676 
2.420777 
2.426574 
2.453733 
2.412536 
2.428405 
2.424132 
2.441831 
2.407657 
2.429931 
2.451902 
2.433898 
2.450680 
2.407044 
2.421083 
2.403684 
2.436948 
2.418947 
2.418943 
2.423217 
2.427795 
2.438779 
2.431761 
2.433592 
2.427488 
2.416199 
2.429625 
2.455256 
2.418030 
2.422910 
2.409792 
2.431455 
2.451595 
2.439085 
2.422912 

2.400943 
2.440000 
2.444577 

2.440610 
2.440610 
2.438169 
2.445797 
2.436033 

2.431456 
2.417420 


2.425962 
2.438169 
2.438780 
2.429931 
2.424741 
2.424132 
2.443051 
2.431151 

2.430236 

2.445798 
2.416199 
2.435728 

2.416503 
2.419862 

2.391486 
2.435118 

2.414367 
2.436644 
2.443967 
2.419553 
2.447324 
2.411011 
2.416201 
2.426574 
2.424131 
2.434508 


2.446713 


2.435728 
2.443052 
2.423828 
2.454341 
2.433592 

2.421998 
2.414674 
2.441221 
2.429930 
2.442746 
2.446103 
2.441526 
2.444577 
2.426270 
2.430846 
2.432371 
2.453121 
2.434508 
2.436643 
2.435423 
2.424744 
2.450069 
2.450071 
2.431456 
2.433287 

2.449765 
2.436338 
2.433896 
2.440915 
2.431151 

2.435118 
2.449155 
2.415896 
2.431152 
2.442746 
2.443967 
2.433592 
2.435118 
2.438169 
2.429625 
2.430236 
2.438779 
2.427490 
2.421994 
2.452816 
2.418947 
2.440305 


2.454647 
2.442136 
2.425353 
2.428710 
2.423522 
2.426880 
2.449459 
2.436948 
2.424742 
2.429931 
2.443661 
2.425659 
2.447935 
2.433592 
2.429320 
2.432982 
2.437559 
2.441526 
2.425351 
2.438474 
2.414369 
2.425048 
2.461053 
2.432981 
2.454342 
2.421998 


2.439390 
2.424436 
2.430541 
2.431456 
2.434812 
2.430235 

2.438780 
2.407044 
2.416506 
2.454954 
2.429320 
2.444882 
2.406130 
2.435118 
2.422302 
2.443357 
2.418337 
2.426879 
2.419248 
2.422606 
2.431151 
2.446409 
2.420165 
2.417116 
2.442136 
2.426877 
2.444272 
2.432676 
2.437864 
2.442136 
2.424437 
2.441220 
2.433592 
2.404603 
2.430236 
2.434508 
2.441526 
2.444882 
2.442136 
2.409790 
2.423218 
2.434202 
2.428403 
2.422912 
2.438474 
2.425048 
2.438779 

2.435423 
2.424133 
2.439085 
2.424438 
2.446409 
2.446713 
2.426270 
2.414674 
2.420469 
2.432067 
2.430234 
2.442441 
2.416506 
2.438169 
2.445188 
2.450680 
2.441526 
2.407962 
2.454649 
2.432676 
2.440915 
2.411319 
2.457393 
2.424438 
2.419248 
2.433286 
2.453427 

2.423522 
2.413148 
2.418637 
2.447324 
2.431456 
2.439695 
2.432677 
2.439695 
2.437559 
2.449765 
2.429015 

2.408261 
2.433592 
2.444272 
2.410092 
2.438169 
2.422913 
2.437559 
2.444273 
2.430845 
2.447324 
2.425963 
2.450985 
2.431761 
2.431455 

2.440305 
2.421689 
2.426575 
2.417726 
2.447934 
2.412234 
2.417115 
2.440610 
2.440305 
2.437254 
2.423828 
2.418945 
2.425964 
2.419553 
2.428709 
2.438169 
2.429320 
2.416201 
2.412229 
2.429015 
2.418642 
2.451595 
2.423215 
2.417420 
2.443052 
2.439085 
2.441221 
2.418337 
2.425657 
2.431151 
2.413455 
2.420776 

2.445797 
2.447018 
2.439695 
2.420167 
2.414060 
2.427795 
2.447935 
2.451291 
2.400637 
2.422605 
2.434813 
2.434508 
2.438779 
2.447019 
2.411926 
2.451595 
2.420469 
2.432982 
2.435727 
2.413758 
2.432065 
2.432982 
2.416199 
2.431455 
2.444272 
2.458307 
2.416810 
2.448240 
2.446713 
2.432066 
2.421082 
2.429014 
2.443051 
2.404599 
2.412231 
2.435728 

2.440305 
2.436033 
2.417421 
2.419251 
2.422605 
2.466853 
2.427795 
2.436643 
2.444577 

2.443357 
2.437254 
2.430541 
2.447934 
2.431457 
2.414980 

2.434508 

2.417726 
2.427182 
2.450374 
2.420774 
2.416506 
2.421692 
2.431455 
2.428099 
2.413760 
2.419248 
2.421081 
2.418335 
2.432982 
2.452815 
2.432066 
2.436339 
2.453121 
2.416503 
2.454036 
2.422607 
2.426879 
2.440305 
2.425657 
2.434202 
2.440916 
2.451900 
2.437254 
2.440305 
2.431151 
2.430235 
2.432677 
2.441831 
2.408567 
2.444272 
2.439084 
2.449765 
2.436949 
2.428405 
2.441831 
2.417421 
2.435423 
2.432982 
2.422605 
2.418337 
2.445188 
2.412842 
2.419557 
2.409181 
2.443662 
2.422912 
2.418639 
2.439085 
2.407352 
2.424439 
2.426270 
2.406130 
2.446408 
2.428403 
2.443052 
2.434203 
2.448239 
2.436033 
2.439085 
2.424132 
2.424133 
2.441831 
2.430845 
2.438169 
2.415893 
2.416506 
2.416810 
2.429931 
2.437559 
2.431152 
2.408569 
2.443662 
2.429624 
2.422301 
2.416201 
2.416505 
2.417722 
2.445188 
2.405825 
2.392697 
2.435728 
2.451900 
2.429015 
2.410398 
2.409790 
2.412843 
2.429015 
2.433592 
2.439390 
2.430234 
2.423829 
2.417419 
2.420471 
2.427794 
2.434203 
2.436948 
2.448849 
2.430236 
2.428710 
2.425964 
2.414369 
2.404603 
2.429016 
2.428100 
2.411008 
2.427489 
2.437864 
2.411927 
2.443967 
2.431151 
2.449766 
2.411313 
2.418642 
2.434508 
2.432676 
2.447934 
2.415896 
2.423826 
2.440610 
2.429016 
2.436338 
2.449765 
2.413758 
2.432981 
2.402161 
2.444882 
2.436948 
2.440915 
2.443967 
2.422605 
2.414978 
2.422303 
2.438169 
2.419248 
2.413452 
2.423218 
2.447323 
2.417722 
2.420472 
2.420166 
2.430845 
2.423826 
2.443967 
2.436644 
2.428710 
2.428098 
2.429931 
2.447018 
2.452512 
2.419250 
2.442441 
2.432065 
2.450069 
2.421692 
2.442441 
2.421693 
2.423215 
2.447018 
2.416503 
2.423828 
2.430539 
2.420470 
2.423523 
2.415588 
2.433592 
2.448544 
2.431150 
2.427184 
2.433287 
2.439695 
2.424132 
2.454646 
2.420471 
2.438474 
2.419251 
2.421384 
2.433287 
2.438474 
2.450681 
2.424133 
2.424741 
2.423218 
2.409181 
2.418943 
2.416201 
2.433897 
2.430845 
2.423829 
2.429625 
2.441526 
2.410095 
2.431762 
2.424133 
2.439390 
2.427794 
2.429931 
2.444272 
2.422303 
2.420469 
2.433592 
2.424744 
2.421083 
2.418030 
2.425657 
2.427490 
2.432981 
2.452206 
2.454647 
2.428098 
2.449765 
2.442441 
2.418335 
2.433286 
2.450070 
2.426269 
2.457088 
2.437864 
2.449764 
2.414062 
2.432982 
2.413147 
2.414979 
2.402468 
2.417417 
2.425658 
2.434202 
2.454951 
2.437864 
2.429015 
2.440915 
2.440916 
2.467161 
2.447018 
2.438169 
2.423218 
2.440305 
2.413449 
2.430845 
2.426269 
2.434507 
2.445797 
2.433897 
2.425964 
2.428710 
2.445798 
2.428404 
2.421997 
2.432677 
2.431151 
2.438169 
2.426573 
2.429321 
2.427795 
2.427794 
2.421994 
2.411926 
2.416506 
2.423218 
2.451901 
2.412843 
2.436644 
2.422912 
2.407041 
2.444882 
2.419252 
2.436949 
2.451289 
2.407657 
2.434813 
2.423828 
2.438779 
2.459531 
2.435728 
2.437559 
2.430541 
2.429014 
2.408569 
2.438780 
2.446408 
2.444273 
2.422301 
2.425049 
2.415586 
2.425963 
2.427185 
2.415894 
2.415281 
2.445493 
2.416201 
2.437254 
2.436643 
2.419860 
2.413758 
2.424436 
2.438474 
2.436949 
2.456174 
2.437864 
2.430541 
2.431150 
2.438780 
2.425964 
2.428708 
2.408569 
2.430541 
2.445187 
2.423826 
2.423522 
2.454647 
2.423826 
2.425354 
2.437864 
2.450375 
2.431455 
2.426573 
2.448239 
2.458311 
2.437559 
2.431762 
2.428100 
2.411621 
2.421692 
2.435118 
2.431151 
2.418332 
2.408875 
2.432067 
2.420774 
2.431761 
2.404297 
2.439695 
2.445187 
2.418637 
2.438780 
2.451292 
2.418943 
2.425353 
2.449459 
2.449155 
2.442136 
2.433286 
2.423217 
2.447628 
2.424743 
2.445798 
2.418031 
2.417419 
2.428405 
2.442746 
2.413452 
2.429321 
2.427489 
2.421384 
2.414062 
2.429321 
2.405825 
2.429625 
2.435118 
2.429320 
2.440000 
2.442441 
2.431457 
2.439085 
2.423215 
2.441831 
2.428100 
2.419862 
2.433591 
2.422606 
2.445797 
2.440305 
2.413147 
2.420167 
2.423826 
2.412231 
2.445187 
2.433592 
2.438474 
2.407956 
2.430540 
2.416506 
2.435118 
2.434812 
2.437254 
2.430236 
2.425353 
2.422300 
2.429016 
2.423828 
2.419248 
2.415588 
2.403384 
2.414980 
2.417725 
2.415893 
2.448543 
2.424743 
2.425962 
2.413147 
2.394840 
2.456785 
2.421691 
2.421082 
2.420167 
2.450985 
2.429015 
2.423524 
2.432676 
2.421997 
2.432371 
2.415285 
2.421692 
2.433286 
2.412538 
2.425048 
2.437559 
2.435118 
2.418637 
2.450375 
2.425964 
2.427488 
2.409790 
2.425354 
2.436949 
2.432065 
2.406128 
2.420471 
2.418332 
2.428099 
2.433592 
2.447628 
2.432065 
2.425659 
2.421081 
2.395453 
2.430236 
2.435423 
2.425657 
2.442746 
2.418030 
2.446714 
2.440610 
2.414978 
2.447323 
2.427184 
2.439084 
2.423524 
2.405214 
2.446409 
2.422912 
2.432982 
2.427489 
2.415283 
2.450374 
2.435118 
2.430846 
2.418640 
2.439695 
2.426879 
2.419248 
2.399722 
2.426267 
2.425963 
2.424741 
2.443052 
2.431455 
2.447323 
2.415894 
2.432371 
2.430540 
2.450679 
2.446408 
2.434813 
2.426269 
2.416809 
2.435118 
2.419553 
2.444578 
2.425658 
2.432067 
2.425658 
2.425354 
2.416199 
2.438474 
2.408268 
2.443967 
2.435727 
2.411011 
2.447933 
2.423523 
2.422912 
2.446409 
2.452511 
2.430541 
2.413449 
2.418029 
2.431456 
2.421689 
2.446713 
2.444577 
2.448545 
2.414978 
2.439695 
2.425353 
2.414674 
2.457700 
2.429015 
2.429016 
2.431455 
2.436033 
2.400029 
2.421689 
2.405518 
2.436033 
2.417115 
2.429014 
2.435423 
2.415891 
2.425659 
2.448544 
2.432067 
2.411926 
2.434203 
2.414978 
2.434203 
2.437864 
2.420777 
2.431457 
2.424744 
2.409793 
2.436643 
2.436644 
2.434202 
2.433898 
2.433591 
2.420776 
2.423218 
2.418030 
2.453732 
2.415590 
2.422912 
2.439390 
2.445188 
2.432982 
2.418335 
2.436033 
2.441831 
2.412231 
2.436033 
2.439695 
2.440000 
2.448544 
2.431151 
2.436949 
2.457698 
2.425657 
2.414670 
2.441831 
2.429625 
2.433287 
2.427489 
2.428099 
2.426575 
2.440305 
2.441831 
2.430236 
2.425046 
2.434202 
2.433287 
2.425659 
2.442441 
2.427795 
2.421386 
2.447933 
2.436949 
2.414369 
2.434507 
2.425659 
2.439695 
2.430236 
2.437864 
2.425353 
2.435422 
2.429320 
2.436033 
2.420469 
2.450679 
2.433592 
2.382932 
2.404606 
2.413453 
2.407956 
2.440305 
2.432677 
2.424438 
2.418031 
2.416199 
2.443357 
2.427795 
2.435117 
2.430540 
2.442746 
2.420163 
2.432676 
2.404301 
2.426269 
2.420776 
2.438780 
2.425659 
2.444883 
2.471125 
2.436339 
2.424133 
2.436948 
2.440000 
2.435118 
2.436644 
2.398190 
2.443967 
2.416196 
2.429625 
2.433897 
2.457090 
2.447018 
2.432676 
2.452205 
2.436643 
2.424439 
2.438780 
2.428100 
2.416806 
2.427184 
2.429016 
2.414062 
2.414369 
2.422301 
2.417726 
2.433287 
2.422606 
2.430541 
2.432372 
2.442746 
2.425046 
2.429016 
2.426269 
2.443662 
2.457697 
2.414979 
2.442746 
2.433592 
2.421387 
2.443356 
2.426574 
2.442441 
2.426269 
2.427182 
2.421998 
2.451290 
2.431762 
2.442136 
2.433286 
2.437253 
2.438474 
2.434812 
2.432982 
2.432981 
2.437254 
2.439085 
2.426267 
2.428099 
2.449459 
2.418027 
2.442136 
2.431151 
2.439695 
2.442746 
2.435727 
2.431456 
2.424744 
2.424436 
2.420163 
2.431152 
2.416198 
2.432982 
2.448849 
2.426877 
2.425049 
2.437253 
2.433592 

2.447629 
2.413148 
2.418027 
2.438474 
2.436339 
2.425048 
2.435728 
2.434202 
2.432371 
2.426572 
2.429320 
2.430234 
2.433287 
2.450374 
2.419858 
2.434813 
2.423215 
2.408875 
2.424131 
2.438169 
2.434507 
2.412844 
2.443357 
2.418642 
2.437864 
2.434202 
2.432677 
2.440610 
2.447628 
2.422910 
2.448238 
2.421082 
2.439084 
2.452206 
2.426575 
2.450985 
2.431455 
2.426877 
2.451291 
2.432066 
2.431760 
2.452205 
2.424742 
2.420471 
2.439695 
2.402772 
2.448543 
2.420163 
2.427795 
2.414369 
2.430539 
2.422912 
2.424439 
2.424438 
2.423215 
2.431761 
2.434508 
2.415586 
2.442441 
2.419252 
2.440305 
2.450375 
2.403691 
2.424438 
2.422607 
2.429624 
2.423217 
2.414979 
2.418943 

2.431760 
2.444882 
2.414063 

2.461053 
2.423523 
2.444272 
2.425354 
2.422912 
2.429320 
2.433896 

2.425353 


2.464716 

2.437559 

2.421689 
2.443051 
2.410092 
2.424132 

2.447018 
2.423215 
2.432371 


2.455563 
2.436949 
2.426879 
2.428405 
2.422300 
2.427794 
2.419862 
2.458003 
2.444578 
2.439085 
2.452818 
2.447018 
2.437864 
2.447629 
2.411014 
2.472650 
2.436033 
2.420776 
2.420472 
2.423522 
2.430845 
2.421388 
2.430845 
2.425658 
2.421388 
2.443357 
2.421994 
2.457699 
2.440305 
2.442441 
2.437559 
2.425962 
2.415588 
2.434508 

2.418332 
2.435728 
2.442441 

2.431456 
2.421689 
2.441526 
2.419556 
2.439084 
2.439390 
2.433592 
2.438779 
2.421994 
2.417724 
2.441526 
2.412233 
2.423826 
2.435118 
2.415894 
2.430845 
2.444577 
2.429321 
2.435118 
2.449766 
2.427794 
2.435423 
2.416196 
2.429625 
2.427185 
2.426879 
2.435422 
2.451596 
2.444272 
2.429626 
2.458613 
2.440000 
2.417726 
2.426879 
2.442747 
2.425658 
2.453123 
2.419250 
2.421692 
2.427182 
2.421998 
2.431151 
2.446409 
2.405823 
2.396970 
2.455256 
2.447019 
2.411011 
2.432676 
2.422912 
2.421693 
2.407956 
2.457088 
2.424439 
2.435117 
2.412842 
2.462274 
2.423826 
2.461971 
2.419252 
2.439390 
2.455561 
2.405825 
2.444883 
2.425048 
2.449764 
2.410398 
2.431761 
2.451902 
2.429930 
2.429931 
2.426268 
2.432372 
2.437253 
2.419252 
2.429929 
2.427185 
2.423215 
2.411316 
2.450069 
2.447019 
2.446408 
2.405820 
2.424437 
2.410706 
2.411929 
2.421996 
2.430234 
2.418945 
2.425659 
2.427793 
2.429015 
2.437864 
2.432371 
2.435728 
2.424744 
2.426879 
2.425659 
2.441526 
2.449459 
2.418027 
2.419862 
2.447628 
2.429319 
2.417116 
2.428099 
2.435118 
2.441221 
2.439390 
2.425048 
2.418642 
2.432066 
2.420777 
2.429930 
2.432372 
2.415281 
2.420166 
2.405515 
2.426573 
2.419248 
2.422912 
2.446408 
2.423520 
2.426575 
2.425657 
2.419250 
2.424439 
2.441220 
2.448545 
2.446103 
2.410098 
2.410707 
2.430539 
2.420472 
2.446713 
2.434507 
2.449155 
2.434508 
2.412534 
2.427795 
2.427793 
2.436643 
2.430541 
2.434812 
2.420471 
2.415588 
2.441831 
2.421689 
2.423218 
2.440305 
2.398809 
2.420774 
2.430541 
2.421997 
2.436033 
2.406130 
2.424741 
2.416811 
2.431150 
2.451291 
2.419556 
2.437254 
2.408573 
2.433286 
2.448848 
2.416810 
2.426572 
2.428100 
2.415586 
2.422912 
2.425964 
2.436338 
2.420166 
2.425351 
2.427489 
2.448543 
2.429929 
2.413452 
2.427490 
2.426574 
2.436643 
2.421082 
2.434203 
2.424436 
2.429320 
2.445797 
2.447323 
2.423215 
2.403689 
2.439695 
2.407962 
2.436949 
2.411926 
2.431456 
2.435118 
2.422912 
2.438474 
2.437559 
2.423218 
2.445798 
2.439085 
2.411924 
2.418334 
2.460748 
2.436643 
2.412843 
2.416810 
2.413758 
2.425962 
2.450069 
2.432067 
2.412843 
2.410703 
2.424744 
2.433897 
2.425962 
2.435423 
2.417419 
2.423218 
2.436033 
2.426574 
2.451291 
2.439085 
2.432677 
2.436338 
2.429626 
2.414063 
2.425657 
2.401856 
2.424744 
2.439695 
2.446714 
2.407654 
2.425353 
2.416199 
2.431455 
2.424132 
2.425964 

2.421997 
2.431150 
2.426877 
2.419251 
2.425046 
2.440610 
2.436338 
2.428708 
2.441526 
2.438474 
2.431151 
2.431150 
2.429015 
2.425351 
2.417419 
2.422608 
2.424133 
2.423522 
2.425962 
2.442746 
2.422605 
2.446713 
2.414975 
2.437559 
2.422910 
2.436339 
2.417112 
2.419860 
2.414675 
2.415281 
2.420776 
2.438474 
2.444883 
2.410706 
2.447628 
2.426572 
2.436948 
2.436644 
2.427490 
2.437864 
2.425657 
2.413452 
2.421693 
2.436949 
2.434507 
2.426879 
2.442136 
2.442136 
2.417112 
2.436338 
2.441220 
2.428100 
2.450680 
2.431152 
2.425659 
2.425657 
2.427184 
2.441220 
2.414369 
2.439695 
2.418029 
2.440000 
2.427795 
2.431150 
2.420165 
2.425049 
2.440610 
2.422606 
2.443051 
2.421692 
2.429624 
2.433287 
2.436339 
2.421079 
2.423217 
2.423218 
2.418946 
2.421079 
2.428709 
2.432677 
2.420166 
2.439085 
2.423218 
2.416806 
2.444882 
2.426879 
2.412539 
2.417724 
2.446408 
2.419557 
2.415896 
2.423217 
2.417726 
2.401551 
2.427185 
2.426877 
2.426879 
2.432066 
2.427794 
2.435423 
2.451290 
2.427793 
2.428404 
2.449154 
2.413453 
2.430539 
2.435423 
2.411014 
2.417420 
2.411924 
2.411621 
2.442136 
2.422912 
2.440000 
2.447629 
2.421693 
2.442441 
2.420165 
2.454646 
2.430846 
2.436949 
2.424743 
2.422300 
2.454647 
2.429014 
2.438779 
2.425048 
2.447018 
2.409485 
2.399716 
2.432982 
2.441526 
2.437559 
2.404297 
2.414370 
2.426877 
2.426573 
2.434203 
2.407350 
2.440000 
2.436643 
2.416199 
2.435728 
2.427184 
2.425048 
2.435728 
2.430539 
2.428403 
2.411316 
2.416806 
2.417421 
2.409488 
2.424438 
2.423826 
2.429320 
2.444272 
2.409482 
2.423828 
2.417417 
2.418640 
2.412534 
2.404604 
2.414062 
2.411012 
2.446103 
2.398190 
2.422605 
2.411316 
2.423829 
2.429929 
2.447018 
2.413755 
2.437254 
2.422912 
2.445492 
2.425964 
2.450681 
2.434507 
2.441526 
2.449459 
2.429321 
2.443051 
2.443662 
2.412536 
2.406130 
2.421689 
2.439085 
2.411929 
2.422912 
2.450070 
2.443051 
2.416505 
2.447933 
2.420774 
2.410400 
2.436948 
2.446713 
2.413148 
2.386293 
2.436339 
2.433897 
2.411313 
2.431761 
2.436033 
2.437559 
2.442746 
2.447628 
2.433591 
2.448850 
2.420776 
2.424438 
2.439085 
2.416199 
2.425351 
2.422606 
2.445798 
2.413148 
2.417417 
2.437559 
2.429929 
2.437254 
2.428711 
2.407045 
2.421994 
2.445493 
2.442136 
2.438474 
2.434202 
2.408875 
2.442746 
2.428710 
2.434202 
2.458002 
2.413148 
2.416196 
2.410706 
2.435117 
2.447628 
2.441221 
2.419248 
2.442441 
2.445188 
2.438780 
2.416199 
2.432371 
2.427490 
2.444273 
2.431457 
2.425657 
2.427794 
2.402165 
2.435422 
2.430540 
2.436949 
2.413453 
2.423828 
2.432371 
2.425658 
2.429321 
2.439085 
2.414975 
2.441526 
2.422913 
2.450680 
2.448849 
2.430540 
2.433287 
2.419860 
2.446104 
2.455563 
2.443967 
2.435728 
2.429625 
2.444272 
2.424743 
2.423215 
2.430236 
2.440000 
2.399415 
2.430541 
2.452512 
2.441831 
2.419252 
2.439084 
2.432066 
2.436033 
2.446102 
2.447628 
2.404294 
2.437254 

2.419555 
2.419862 
2.420472 
2.454036 
2.414674 
2.433591 
2.444577 
2.441221 
2.427795 
2.446408 
2.447934 
2.446408 
2.426879 
2.441221 
2.437864 
2.453120 
2.423828 
2.445492 
2.414672 
2.428404 
2.428405 
2.426572 
2.431761 
2.423828 
2.432371 
2.437559 
2.411011 
2.437253 
2.442136 
2.441831 

2.418030 
2.446104 
2.431760 
2.433287 
2.429931 
2.417417 
2.446713 
2.423523 
2.450986 
2.446103 
2.447018 
2.444272 
2.429320 
2.443357 
2.442441 
2.457393 
2.414675 
2.442136 
2.429015 
2.420774 
2.431456 
2.422608 
2.416505 
2.443357 
2.411014 

2.429321 

2.434813 
2.423829 
2.439695 

2.443356 
2.427795 
2.433286 
2.435118 
2.418337 
2.418637 

2.435423 
2.425659 
2.397885 
2.425659 
2.428403 
2.435118 
2.445797 
2.440305 
2.457090 
2.440610 
2.427490 

2.417417 
2.459530 
2.450069 
2.433287 

2.436948 
2.428404 
2.430541 
2.428100 
2.433592 
2.431152 

2.430234 
2.433897 
2.447628 

2.437559 
2.407956 
2.435423 
2.439085 

2.418337 
2.423218 

2.431151 
2.426269 
2.417421 

2.423826 
2.412536 
2.420777 

2.448545 
2.432066 
2.425354 




2.457394 
2.442441 
2.423215 


2.422912 
2.425962 
2.417420 

2.450070 

2.438169 
2.457395 
2.447934 
2.418947 

2.437254 
2.412231 
2.422913 

2.442136 

2.440610 
2.441526 
2.421083 

2.419252 

2.416806 
2.432982 
2.448848 
2.432982 
2.451900 
2.427793 
2.409790 
2.446408 
2.443356 
2.429319 
2.434508 
2.438169 
2.408875 
2.431150 
2.413147 
2.412843 
2.435422 
2.420165 
2.432677 
2.421693 
2.420774 
2.400636 
2.426573 
2.412539 
2.411008 
2.407654 
2.449154 
2.412839 
2.438169 
2.447628 
2.421997 
2.430539 
2.426573 
2.452816 
2.431760 
2.421386 
2.431762 
2.424741 
2.438474 
2.436033 
2.426574 
2.427793 
2.455866 
2.454341 
2.426267 
2.424437 
2.439390 
2.431456 
2.424436 
2.436033 
2.438779 
2.413449 
2.444882 
2.426269 
2.424744 
2.434812 
2.423218 
2.441526 
2.438474 
2.416810 
2.443357 
2.417116 
2.421997 
2.441526 
2.436033 
2.439084 
2.429320 
2.432372 
2.420777 
2.398190 
2.444577 
2.444272 
2.435728 
2.427795 
2.440305 
2.431150 
2.414063 
2.424743 
2.418637 
2.451291 
2.447628 
2.450071 
2.452206 
2.448848 
2.415589 
2.437254 
2.443967 
2.419555 
2.436643 
2.414978 
2.433287 
2.445493 
2.435118 
2.429321 
2.433287 
2.436948 
2.433287 
2.435423 
2.428100 
2.437864 
2.413760 
2.444882 
2.438474 
2.428405 
2.416810 
2.423522 
2.411929 
2.452512 
2.417724 
2.447934 
2.432676 
2.430235 
2.407350 
2.447324 
2.410098 
2.410402 
2.419248 
2.444882 
2.429016 
2.456480 
2.418029 
2.402470 
2.434813 
2.429319 
2.408569 
2.432982 
2.444577 
2.428098 
2.440610 
2.422302 
2.434507 
2.429015 
2.437559 
2.425048 
2.428711 
2.419248 
2.421996 
2.439695 
2.430541 
2.439085 
2.426575 
2.423827 
2.438169 
2.434507 
2.450069 
2.438779 
2.438474 
2.425048 
2.429929 
2.435727 
2.426880 
2.436644 
2.427794 
2.429014 
2.425354 
2.427489 
2.412534 
2.404604 
2.419858 
2.399110 
2.438169 
2.424438 
2.431152 
2.407045 
2.398504 
2.427185 

2.429321 
2.440915 
2.414975 
2.435423 
2.429016 
2.424742 
2.415896 
2.429929 
2.415893 
2.413760 
2.430846 
2.428404 
2.431152 
2.435423 
2.441221 
2.431455 
2.413757 
2.418943 
2.432371 
2.426879 
2.433286 
2.441526 
2.425046 
2.433897 
2.419557 
2.436033 
2.435118 
2.427795 
2.430539 
2.428710 
2.438474 
2.415896 
2.436644 
2.425046 
2.428404 
2.397885 
2.430845 
2.404599 
2.417114 
2.405216 
2.435423 
2.422605 
2.409790 
2.432372 
2.437864 
2.435422 
2.428709 
2.442441 
2.414979 
2.418943 
2.437864 
2.417722 
2.458309 
2.442746 
2.418946 
2.419858 
2.429625 
2.423218 
2.401242 
2.388740 
2.429625 
2.411927 
2.435728 
2.436033 
2.434812 
2.407350 
2.402463 
2.415588 
2.420167 
2.428100 
2.419553 
2.417419 
2.436033 
2.441221 
2.420777 
2.423828 
2.414674 
2.432371 
2.418030 
2.405515 
2.427794 
2.452205 
2.427488 
2.419555 
2.410400 
2.414063 
2.426268 
2.406736 
2.422913 
2.403687 
2.420471 
2.434507 
2.421386 
2.404911 
2.419861 
2.426268 
2.425049 
2.412538 
2.422913 
2.428708 
2.407959 
2.432982 
2.440000 
2.415893 
2.430541 
2.434813 
2.417420 
2.418332 
2.433592 
2.440610 
2.401551 
2.426575 
2.414063 
2.424131 
2.433287 
2.436339 
2.432677 
2.415891 
2.445188 
2.434202 
2.440000 
2.408878 
2.440305 
2.418334 
2.426575 
2.419858 
2.431761 
2.449459 
2.429625 
2.427793 
2.450070 
2.431761 
2.441526 
2.428710 
2.431456 
2.428100 
2.427184 
2.434507 
2.425354 
2.426269 
2.446409 
2.437254 
2.420167 
2.423826 
2.443967 
2.436338 
2.416809 
2.419252 
2.422912 
2.430539 
2.417114 
2.416199 
2.442441 
2.445492 
2.417112 
2.414063 
2.461363 
2.422301 
2.415894 
2.430845 
2.432371 
2.426270 
2.427184 
2.420163 
2.415589 
2.440610 
2.430234 
2.423522 
2.441526 
2.411621 
2.409792 
2.421689 
2.411011 
2.416811 
2.416505 
2.437559 
2.421081 
2.431762 
2.413147 
2.419553 
2.413147 
2.415896 
2.430846 
2.450069 
2.427184 
2.422910 
2.432982 
2.421994 
2.425659 
2.427795 
2.418637 
2.413757 
2.436033 
2.407657 
2.438169 
2.422910 
2.427489 
2.432676 
2.440610 
2.406435 
2.425962 
2.412844 
2.421081 
2.431152 
2.435118 
2.427488 
2.443967 
2.426573 
2.423829 
2.419858 
2.425049 
2.425962 
2.416503 
2.425048 
2.429624 
2.449764 
2.449154 
2.425659 
2.447018 
2.420776 
2.427793 
2.427489 
2.423524 
2.422607 
2.431151 
2.410097 
2.429321 
2.424438 
2.417722 
2.420776 
2.428100 
2.408266 
2.440916 
2.434202 
2.389340 
2.422606 
2.411927 
2.425351 
2.424436 
2.426879 
2.416506 
2.437864 
2.424743 
2.445493 
2.414062 
2.436644 
2.437254 
2.417112 
2.440915 
2.426575 
2.440000 
2.419860 
2.435423 
2.426574 
2.417114 
2.441526 
2.423828 
2.402158 
2.416811 
2.422300 
2.422606 
2.437254 
2.425658 
2.429320 
2.427489 
2.429321 
2.445798 
2.433591 
2.435118 
2.438169 
2.428100 
2.437253 
2.426573 
2.424439 
2.448545 
2.422608 
2.432372 
2.440000 
2.429015 
2.427185 
2.429319 
2.420165 
2.430236 
2.436643 
2.423524 
2.422912 
2.440915 
2.454038 
2.437254 
2.409183 
2.434202 
2.420776 
2.417421 
2.436033 
2.459837 
2.439390 
2.445798 
2.428710 
2.424742 
2.435727 
2.435423 
2.424743 
2.416503 
2.426880 
2.431150 
2.424437 
2.432067 
2.429014 
2.460142 
2.414062 
2.430541 
2.433592 
2.449155 
2.447018 
2.417726 
2.444578 
2.435728 
2.427490 
2.427489 
2.424134 
2.415891 
2.428709 
2.422303 
2.414367 
2.418642 
2.413453 
2.443357 
2.425048 
2.448238 
2.394840 
2.437254 
2.432372 
2.422608 
2.419860 
2.449154 
2.448239 
2.411929 
2.414365 
2.429626 
2.429929 
2.431761 
2.428100 
2.418946 
2.419858 
2.429625 
2.438169 
2.412538 
2.402466 
2.434813 

2.411924 
2.463191 
2.460444 
2.420165 
2.445187 
2.441831 
2.446102 
2.427795 
2.435423 
2.440305 
2.402772 
2.427184 
2.422912 
2.430236 
2.432066 
2.441526 
2.427185 
2.443051 
2.440000 
2.419555 
2.443967 
2.441221 
2.425354 
2.436644 
2.426877 
2.428099 
2.430846 
2.431151 
2.436949 
2.446714 
2.435423 
2.430845 
2.420165 
2.410707 
2.430539 
2.431151 
2.434203 
2.403079 
2.445798 
2.418640 
2.423215 
2.437254 
2.441831 
2.436033 
2.436643 
2.438474 
2.434813 
2.438474 
2.426879 
2.439085 
2.416811 
2.443051 
2.448545 
2.420776 
2.438474 
2.429016 

2.414670 
2.426879 
2.451595 

2.430539 
2.431455 


2.428404 

2.429014 
2.439085 

2.437559 

2.423217 


2.430540 
2.423524 

2.441526 
2.437864 
2.440610 
2.422607 
2.433896 
2.444577 


2.438169 
2.425353 

2.436643 

2.437864 
2.408569 


2.442136 
2.448544 

2.433897 
2.411316 

2.424743 
2.428098 
2.434507 

2.427184 








2.454036 
2.404604 
2.437253 
2.433287 
2.423523 

2.434508 




2.440610 

2.441831 

2.431761 



2.439390 
2.428405 

2.412839 
2.413757 

2.429319 
2.437864 
2.432981 
2.425353 
2.409488 
2.428403 
2.423217 
2.430236 

2.410400 
2.431457 
2.454341 
2.437864 
2.436033 
2.435727 
2.441221 

2.440305 

2.437254 

2.440610 
2.426573 
2.412234 

2.423827 
2.427795 

2.419555 



2.436339 

2.423826 
2.433592 


2.436033 
2.428709 
2.412844 
2.447018 
2.419553 
2.438474 
2.449154 

2.428708 
2.391481 
2.440915 
2.425048 
2.439085 


2.428098 
2.421386 


2.422910 
2.439390 
2.434812 
2.425659 
2.426270 





2.419860 
2.436339 
2.444272 
2.423520 
2.409486 
2.450070 
2.425049 
2.428710 
2.409183 
2.418640 
2.434507 
2.440305 
2.421082 
2.409790 
2.440305 
2.429931 
2.420163 
2.428709 
2.422303 
2.421386 
2.410709 
2.450985 
2.429319 
2.440305 
2.425658 
2.422607 
2.394533 
2.420472 
2.399417 
2.434507 
2.429931 
2.426268 
2.438169 
2.430236 
2.437559 
2.439085 
2.448543 
2.446408 
2.429929 
2.437559 
2.421693 
2.418637 
2.443051 
2.425964 
2.432372 
2.431150 
2.415590 
2.443967 
2.442441 
2.447323 
2.424742 
2.421388 
2.432066 
2.433897 
2.447934 
2.418029 
2.437559 
2.440610 
2.413147 
2.427795 
2.432065 
2.432371 
2.432981 
2.432677 
2.436338 
2.421386 
2.431151 
2.447018 
2.432066 
2.432065 
2.436643 
2.437559 
2.442747 
2.447628 
2.423215 
2.434507 
2.447018 
2.406430 
2.439390 
2.436949 
2.417420 
2.432065 
2.428099 
2.433896 
2.424742 
2.415586 
2.429624 
2.420165 
2.426574 
2.423520 
2.394230 
2.427182 
2.448849 
2.419862 
2.442746 
2.417725 
2.454341 
2.450376 
2.414370 
2.447934 
2.435117 
2.421386 
2.435728 
2.445798 
2.439695 
2.429930 
2.411929 
2.433897 
2.441526 
2.408878 
2.443052 
2.403684 
2.430846 
2.429320 
2.432982 
2.412844 
2.417115 
2.424132 
2.425659 
2.427184 
2.424436 
2.421998 
2.421079 
2.426268 
2.440915 
2.439390 
2.374396 

2.420776 
2.425351 
2.431151 
2.438169 
2.445798 
2.428403 
2.431456 
2.435117 
2.422303 
2.438779 
2.435728 
2.411014 
2.427795 
2.420774 
2.415894 
2.405820 
2.408569 
2.417116 
2.425353 
2.410398 
2.423217 
2.408571 
2.428098 
2.431151 
2.442441 
2.436949 
2.434812 
2.424437 
2.431761 
2.426572 
2.433592 
2.417725 
2.441831 
2.418639 
2.428710 
2.430541 
2.419861 
2.417724 
2.393927 
2.432676 
2.432066 
2.408261 
2.434507 
2.418943 
2.423218 
2.431456 
2.432676 
2.429015 
2.431762 
2.424743 
2.415588 
2.425049 
2.444577 
2.412839 
2.425353 
2.424133 
2.429014 
2.424132 
2.417417 
2.430846 
2.408573 
2.415281 
2.419557 
2.443662 
2.439695 
2.433286 
2.419860 
2.440610 
2.432677 
2.446408 
2.430236 
2.423215 
2.435423 
2.436644 
2.413144 
2.436339 
2.436643 
2.430236 
2.439695 
2.425048 
2.415283 
2.398496 
2.440000 
2.412231 
2.441221 
2.412536 
2.434202 
2.417419 
2.412844 
2.468076 
2.427489 
2.439085 
2.449154 
2.415283 
2.433287 
2.424743 
2.412536 
2.426574 
2.419250 
2.429321 
2.406435 
2.408261 
2.411319 
2.428710 
2.429015 
2.425048 
2.417724 
2.436644 
2.417417 
2.403994 
2.417421 
2.414975 
2.436643 
2.420167 
2.442441 
2.433896 
2.429015 
2.410097 
2.406128 
2.411319 
2.431150 
2.450070 
2.423218 
2.431455 
2.414980 
2.425353 
2.426877 
2.418334 
2.414065 
2.403382 
2.438780 
2.441831 
2.432371 
2.437254 
2.429014 
2.418029 
2.452818 
2.410706 
2.447018 
2.425353 
2.414675 
2.428404 
2.412234 
2.431455 
2.416809 
2.435118 
2.431150 
2.401856 
2.413452 
2.439695 
2.448238 
2.414370 
2.416809 
2.434202 
2.408268 
2.412229 
2.414672 
2.422608 
2.413755 
2.425354 
2.415589 
2.413144 
2.443052 
2.400640 
2.397586 
2.431150 
2.429930 
2.389655 
2.429625 
2.442746 
2.405820 
2.436339 
2.431761 
2.422912 
2.438169 
2.423218 
2.420776 
2.424131 
2.446103 
2.426267 
2.421996 
2.429931 
2.433896 
2.422912 
2.412229 
2.420165 
2.416201 
2.413149 
2.440610 
2.455563 
2.413455 
2.425046 
2.418640 
2.438779 
2.419861 
2.437253 
2.425659 
2.405823 
2.416811 
2.414060 
2.428405 
2.437559 
2.421387 
2.416198 
2.410707 
2.407651 
2.416506 
2.434813 
2.413449 
2.413757 
2.418337 
2.411317 
2.439084 
2.406437 
2.434203 
2.429015 
2.416501 
2.413755 
2.431761 
2.421079 
2.452816 
2.431456 
2.424437 
2.423523 
2.426877 
2.425049 
2.426879 
2.424132 
2.414980 
2.401853 
2.428405 
2.433592 
2.414060 
2.407959 
2.423523 
2.410398 
2.450375 

2.401555 
2.422605 
2.426879 
2.436643 
2.443356 
2.415589 
2.455561 
2.444577 
2.419251 
2.448238 
2.427795 
2.443051 
2.439084 
2.411011 
2.429929 
2.426573 
2.437864 
2.447323 
2.430235 
2.429626 
2.425658 
2.400937 
2.413147 
2.446713 
2.450376 
2.433897 
2.421081 
2.438780 
2.437253 
2.440915 
2.409482 
2.427184 
2.395145 
2.411313 
2.452816 
2.432372 
2.406130 
2.440916 
2.439390 
2.433287 
2.440305 
2.426575 
2.427488 
2.431456 
2.442746 
2.429625 
2.433897 
2.436949 
2.443967 
2.398496 
2.428404 
2.424133 
2.442136 
2.427795 
2.432372 
2.425351 
2.449154 
2.441526 
2.430539 
2.443052 
2.436644 
2.408567 
2.422912 
2.436644 
2.442136 
2.426880 
2.449154 
2.429014 
2.429319 
2.439390 
2.437864 
2.400637 
2.422910 
2.434812 
2.423218 
2.430234 
2.452511 
2.423828 
2.404294 
2.431761 
2.432676 
2.427185 
2.423522 
2.432067 
2.441221 
2.408567 
2.407349 
2.424134 
2.428405 
2.430234 
2.426573 
2.444272 
2.428098 
2.435728 
2.455561 
2.443662 
2.430540 
2.413758 
2.418027 
2.410706 
2.423524 
2.452511 
2.454954 
2.439390 
2.444577 
2.432372 
2.424133 
2.438169 
2.395448 
2.439390 
2.429625 
2.447629 
2.439695 
2.431457 
2.421997 
2.426269 
2.451291 
2.435728 
2.424437 
2.447323 
2.423523 
2.429319 
2.426268 
2.450984 
2.414370 
2.444273 
2.421386 
2.422608 
2.426269 
2.441831 
2.439695 
2.437559 
2.443967 
2.433897 
2.442441 
2.424744 
2.429320 
2.424741 
2.436643 
2.418642 
2.430539 
2.452206 
2.454646 
2.423523 
2.418334 
2.444882 
2.432371 
2.421693 
2.425353 
2.418943 
2.438780 
2.434202 
2.450681 
2.432067 
2.433287 
2.428099 
2.419858 
2.431151 
2.438169 

2.432982 
2.448239 
2.426877 
2.415283 
2.437559 
2.422608 
2.409181 
2.417419 
2.419556 
2.440000 
2.433592 
2.438474 
2.438474 
2.425659 
2.438474 
2.412536 
2.425354 
2.420776 
2.441831 
2.447018 
2.416809 
2.438169 
2.432676 
2.411924 

2.430845 
2.417421 

2.431151 
2.457087 

2.398499 
2.453730 
2.418030 
2.405515 
2.445798 
2.418031 
2.424438 
2.428098 
2.427794 
2.446713 
2.430845 
2.427794 
2.430846 
2.435728 
2.452816 
2.415586 
2.438474 
2.438779 
2.421384 
2.436643 

2.435118 
2.424744 
2.428404 
2.434508 

2.421996 



2.425048 
2.436949 
2.422912 
2.418943 
2.427489 

2.438779 

2.426575 

2.435422 
2.432372 

2.443052 



2.425659 
2.429319 



2.417419 
2.444272 
2.425657 
2.442441 
2.435423 

2.430845 
2.424134 
2.427184 
2.441831 

2.442136 
2.415283 


2.414062 


2.450069 

2.435727 
2.436644 



2.422300 
2.425658 
2.424439 

2.429930 
2.428100 

2.424436 
2.444882 

2.406433 
2.436033 

2.418637 
2.461055 
2.426270 
2.431150 
2.428099 
2.438780 

2.432066 
2.432982 

2.431762 
2.441831 
2.421691 

2.419553 
2.451291 
2.445188 
2.429015 
2.443356 
2.419861 
2.417417 
2.439695 

2.430846 

2.427794 
2.429014 
2.432982 

2.413449 

2.399716 
2.445188 

2.414975 
2.434812 
2.452815 
2.433592 
2.422605 
2.423217 
2.427490 

2.442441 
2.439695 
2.435423 
2.434508 
2.443051 


2.425048 
2.436033 

2.420774 
2.440305 
2.457392 

2.434202 
2.447934 
2.428100 
2.417419 
2.438780 

2.447324 
2.432067 
2.416501 

2.435117 
2.432066 
2.436644 
2.433592 

2.428708 
2.442746 
2.414975 
2.418334 
2.448238 

2.424436 
2.439390 
2.450984 
2.425048 
2.455564 
2.425963 
2.450679 
2.450985 
2.431760 
2.442136 
2.441526 
2.444272 
2.425046 
2.444577 
2.436338 
2.443967 
2.416811 

2.425046 
2.436338 
2.448240 
2.432371 
2.433287 
2.430541 
2.432676 
2.420167 
2.436033 
2.446714 
2.425963 
2.425049 
2.432676 
2.418642 
2.465326 
2.428405 
2.451595 
2.440916 
2.415896 
2.432982 
2.446104 
2.421386 
2.444272 
2.441526 
2.435727 
2.429625 
2.437254 
2.412538 
2.423520 
2.414370 
2.420166 
2.417722 
2.432676 
2.405827 
2.440305 
2.426268 
2.434813 
2.423829 
2.423828 
2.449766 
2.420470 
2.429931 
2.445798 
2.432982 
2.463499 
2.441526 
2.431150 
2.446103 
2.404301 
2.450375 
2.443052 
2.442746 
2.442136 
2.463799 
2.424133 
2.440916 
2.427184 
2.431762 
2.432982 
2.439390 
2.417419 
2.423826 
2.431151 
2.403996 
2.434202 
2.425964 
2.424743 
2.433897 
2.440610 
2.437254 
2.425657 
2.405518 
2.437864 
2.429931 
2.450986 
2.435423 
2.426267 
2.441221 
2.423218 
2.439695 
2.411924 
2.418334 
2.433592 
2.442136 
2.439085 
2.436338 
2.425963 
2.431455 
2.435423 
2.443967 
2.436338 
2.414062 

2.422300 
2.425049 
2.421384 
2.439695 
2.415589 
2.409177 
2.430234 
2.432066 
2.437254 
2.400327 
2.421997 
2.438474 
2.432677 
2.416196 
2.457394 
2.394232 
2.426269 
2.444882 
2.417417 
2.420167 
2.438169 
2.407044 
2.425964 
2.447934 
2.409787 
2.416503 
2.430540 
2.439085 
2.433592 
2.453121 
2.434812 
2.444882 
2.424743 
2.423827 
2.425049 
2.426573 
2.432067 
2.416806 
2.410709 
2.450985 
2.420774 
2.424439 
2.424131 
2.441526 
2.431152 
2.429321 
2.440305 
2.417722 
2.431761 
2.435728 
2.432677 
2.421689 
2.414369 
2.442441 
2.413455 
2.441831 
2.448240 
2.411926 
2.414979 
2.446104 
2.436033 
2.416811 
2.431761 
2.448849 
2.427185 
2.440610 
2.400637 
2.432981 
2.420470 
2.423829 
2.431456 
2.430236 
2.415281 
2.421998 
2.426269 
2.423215 
2.410706 
2.452205 
2.433592 
2.433896 
2.430235 
2.436033 
2.413144 
2.412539 
2.441526 
2.434813 
2.423523 
2.431762 
2.427794 
2.438474 
2.421994 
2.438780 
2.440000 
2.422912 
2.453426 
2.426572 
2.442746 
2.434202 
2.429625 
2.401858 
2.437559 
2.422302 
2.433286 
2.420470 
2.433896 
2.408261 
2.450984 
2.418640 
2.450680 
2.425049 
2.435118 
2.443052 
2.422608 
2.431151 
2.436338 
2.400637 
2.427488 
2.433897 
2.421083 
2.415284 
2.416809 
2.419557 
2.422300 
2.435423 
2.412536 
2.431456 
2.433896 
2.440305 
2.415281 
2.412234 
2.415586 
2.431151 
2.435728 
2.424438 
2.440915 
2.404911 
2.424743 
2.434202 
2.420470 
2.421083 
2.436643 
2.425354 
2.413758 
2.420163 
2.415588 
2.429319 
2.408875 
2.432677 
2.421998 
2.418943 
2.428711 
2.386601 
2.440915 
2.419556 
2.430845 
2.429015 
2.406736 
2.433287 
2.409183 
2.425659 
2.431151 
2.430236 
2.442441 
2.435117 
2.435728 
2.418642 
2.422912 
2.449155 
2.447933 
2.411317 
2.415586 
2.421996 
2.417726 
2.408876 
2.422605 
2.418945 
2.424744 
2.413144 
2.416809 
2.407962 
2.432982 
2.418639 
2.409183 
2.429931 
2.429929 
2.418029 
2.414675 
2.448544 
2.451902 
2.417112 
2.411929 
2.414674 
2.452818 
2.429016 
2.438169 
2.429016 
2.410402 
2.415586 
2.421083 
2.429929 
2.408875 
2.435423 
2.411927 
2.412538 
2.417417 
2.414370 
2.424133 
2.418029 
2.415896 
2.438474 
2.429319 
2.429320 
2.420472 
2.426879 
2.407956 
2.421691 
2.431152 
2.434813 
2.430846 
2.429319 
2.429930 
2.414675 
2.402775 
2.439084 
2.415284 
2.418945 
2.425353 
2.424132 
2.432677 
2.440610 
2.425658 
2.436338 
2.417724 
2.416810 
2.407959 
2.429321 
2.438169 
2.443357 
2.425964 
2.432982 
2.440000 
2.428711 
2.435117 
2.436033 
2.417725 
2.429625 
2.403081 
2.442136 
2.430539 
2.436949 
2.441831 
2.406128 
2.417421 
2.423828 
2.428098 
2.410706 
2.417115 
2.415891 
2.424132 
2.444272 
2.413758 
2.430845 
2.418027 
2.440000 
2.418335 
2.446409 
2.411011 
2.434813 
2.434202 
2.445187 
2.422606 
2.427185 
2.424437 
2.432982 
2.433287 
2.411927 
2.433896 
2.433592 
2.443356 
2.408571 
2.437559 
2.431456 
2.443661 
2.434813 
2.443052 
2.425963 
2.429931 
2.431151 
2.430540 
2.433287 
2.407651 
2.436339 
2.430845 
2.432982 
2.415896 
2.439390 
2.428708 
2.424437 
2.432677 
2.422912 
2.433896 
2.427489 
2.424743 
2.431455 
2.429320 
2.454951 
2.445798 
2.424437 
2.431152 
2.421689 
2.395448 
2.442441 
2.427488 
2.404908 
2.396970 
2.432676 
2.439390 
2.434508 
2.421079 
2.426574 
2.420163 
2.465325 
2.424131 
2.447323 
2.432677 
2.440000 
2.440610 
2.447324 
2.420776 
2.419250 
2.442136 
2.436643 
2.433898 
2.433287 
2.429321 
2.409486 
2.436948 
2.445188 
2.429625 
2.440915 
2.417419 
2.415285 
2.438474 
2.439390 
2.434203 
2.425657 
2.433592 
2.432982 
2.431456 
2.431151 
2.425049 
2.436033 
2.421384 
2.447628 
2.444272 
2.434508 
2.427793 
2.433287 
2.441221 
2.430235 
2.426573 
2.454646 
2.447935 
2.432371 
2.473563 
2.398196 
2.426572 
2.451289 
2.433287 
2.440000 
2.432371 
2.440000 
2.455562 
2.435727 
2.421996 
2.436644 
2.401248 
2.419858 
2.452815 
2.424133 
2.425657 
2.444577 
2.447628 
2.415894 
2.433592 
2.439695 
2.419251 
2.442441 
2.430235 
2.395758 

2.417724 
2.426573 
2.421997 
2.426877 
2.403992 
2.437254 
2.414670 
2.431457 
2.410092 
2.436644 

2.421994 
2.436033 

2.439085 
2.449459 
2.430845 
2.428405 
2.454647 
2.412843 
2.437254 
2.420777 
2.429625 
2.438169 
2.455562 
2.435117 
2.422605 
2.427184 
2.433287 
2.431456 
2.450681 
2.426270 
2.421692 
2.430845 
2.465020 
2.419861 
2.422605 
2.429319 
2.435118 
2.410709 
2.446408 
2.423827 
2.437254 
2.437559 
2.419248 
2.418947 
2.443661 
2.430846 
2.438169 
2.407044 
2.429016 
2.427184 
2.437559 
2.418029 
2.419553 
2.430845 
2.420165 
2.440305 
2.427184 
2.423826 
2.423827 
2.448240 
2.436948 
2.422608 
2.437253 
2.420776 
2.421082 
2.424131 
2.418337 


2.452205 
2.425964 
2.404904 
2.459528 

2.435117 
2.430235 
2.416505 
2.451597 
2.457087 
2.408266 
2.436948 
2.424134 
2.442747 
2.430541 

2.455259 
2.426268 
2.452205 

2.460138 
2.409486 
2.436033 
2.447018 
2.445797 
2.419862 
2.446408 
2.427488 
2.448239 
2.448544 
2.425354 
2.414670 
2.433897 

2.440915 
2.426879 
2.436644 
2.405520 
2.425964 


2.423827 
2.429016 
2.426269 
2.388124 
2.402165 

2.440000 
2.430540 
2.460138 
2.445187 
2.431456 

2.419862 
2.411618 

2.418642 
2.432676 
2.456783 


2.426268 
2.418334 
2.424134 



2.419557 



2.446104 
2.434507 
2.420472 

2.425963 

2.419553 
2.420776 
2.430236 
2.430541 

2.417722 
2.433287 
2.425964 


2.421082 
2.454649 
2.445798 
2.429626 

2.443967 
2.429320 

2.436949 
2.438169 

2.432676 
2.440610 
2.421997 
2.430539 
2.451291 
2.431152 
2.425657 
2.411624 
2.431151 

2.436948 
2.424439 


2.440000 
2.410707 
2.444882 


2.417114 
2.421388 
2.420776 
2.426268 
2.437559 


2.442136 

2.423522 
2.425659 
2.434202 
2.441831 
2.441526 
2.430236 
2.391782 
2.447934 

2.459835 
2.415896 

2.438474 

2.442746 
2.432372 
2.409792 
2.433286 
2.460748 
2.427489 
2.421081 
2.430541 

2.428100 
2.433592 
2.425049 

2.424437 
2.441526 
2.432982 
2.414365 
2.407657 
2.432676 
2.414674 
2.445493 
2.433592 


2.439085 
2.414370 
2.428099 
2.440916 
2.406742 


2.462276 
2.413147 


2.438169 
2.451595 
2.405825 

2.414978 
2.438780 

2.422606 
2.450984 
2.442441 
2.446713 
2.439695 
2.441220 

2.423827 
2.449154 
2.443051 
2.440305 
2.447933 
2.429319 
2.435423 
2.429625 
2.428708 
2.442746 
2.442746 
2.425659 
2.423520 
2.425049 
2.409181 
2.428403 
2.431762 
2.442441 
2.422605 
2.443662 
2.456174 
2.444882 
2.429015 
2.421079 
2.430846 
2.455867 
2.426572 
2.421691 
2.421082 
2.418637 
2.415894 
2.430234 
2.435423 
2.447018 
2.425046 
2.421386 
2.411624 
2.416503 
2.428711 
2.418030 
2.444883 
2.435728 
2.416198 
2.456476 
2.422607 
2.443357 
2.429015 
2.437254 
2.435423 
2.426879 
2.436033 
2.422605 
2.432066 
2.404301 
2.420776 
2.427488 
2.427184 
2.438474 
2.436644 
2.421079 
2.427489 
2.450374 
2.431455 
2.436949 
2.430236 
2.426267 
2.427794 
2.421997 
2.420774 
2.428710 
2.424131 
2.442136 
2.407654 
2.403996 
2.396976 
2.441221 
2.405827 
2.412538 
2.439390 
2.403386 
2.429320 
2.437559 
2.427490 
2.432065 
2.419860 
2.422303 
2.416810 
2.418639 
2.423524 
2.436338 
2.450986 
2.411316 
2.439695 
2.462583 
2.432067 
2.436948 
2.413757 
2.427185 
2.434813 
2.401853 
2.445492 
2.437864 
2.421994 
2.434202 
2.421386 
2.432067 
2.434813 
2.433897 
2.418335 
2.444578 
2.420776 
2.455256 
2.424438 
2.429319 
2.434202 
2.442441 
2.436948 
2.425658 
2.430236 
2.429015 
2.413144 
2.406437 
2.422912 
2.422606 
2.426877 
2.429015 
2.410703 
2.447629 
2.441220 
2.422607 
2.417112 
2.430540 
2.432067 
2.409486 
2.418334 
2.401248 
2.421994 
2.440000 
2.411317 
2.425962 
2.421083 
2.411012 
2.433592 
2.434508 
2.422301 
2.437253 
2.420166 
2.429624 
2.434202 
2.419252 
2.449459 
2.443357 
2.437864 
2.442746 
2.391782 
2.411014 
2.412843 
2.430234 
2.417725 
2.418943 
2.443356 
2.412538 
2.434507 
2.442441 
2.438474 
2.426575 
2.432982 
2.438779 
2.426877 
2.419555 
2.426880 
2.433897 
2.441221 
2.417115 
2.421081 
2.422303 
2.431455 
2.413449 
2.425658 
2.423524 
2.407961 
2.417112 
2.427489 
2.405827 
2.433286 
2.426879 
2.414369 
2.429320 
2.404606 
2.409177 
2.410706 
2.428404 
2.414980 
2.429015 
2.419553 
2.433592 
2.426574 
2.451291 
2.400637 
2.413755 
2.433287 
2.436949 
2.408872 
2.412231 
2.420471 
2.416196 
2.435423 
2.408878 
2.449459 
2.428403 
2.423522 
2.449154 
2.407045 
2.433286 
2.403077 
2.443967 
2.434203 
2.425964 
2.438779 
2.433287 
2.416506 
2.430541 
2.420776 
2.432982 
2.416806 
2.400941 
2.420471 
2.439390 
2.407962 
2.427489 
2.420469 
2.426268 
2.424436 
2.416809 
2.402775 
2.419553 
2.408875 
2.425964 
2.424743 
2.438474 
2.405213 
2.409183 
2.437254 
2.420163 
2.435728 
2.426575 
2.423215 
2.428709 
2.432677 
2.433592 
2.408567 
2.421081 
2.415285 
2.399722 
2.432066 
2.438169 
2.426267 
2.436033 
2.404301 
2.430845 
2.417726 
2.435728 
2.415588 
2.409793 
2.433591 
2.433592 
2.423828 
2.440305 
2.430540 
2.429321 
2.414670 
2.416503 
2.414675 
2.421079 
2.447018 
2.411313 
2.443052 
2.437559 
2.417420 
2.424436 
2.438779 
2.450984 
2.400027 
2.413144 
2.436644 
2.419861 
2.454649 
2.434202 
2.426880 
2.418030 
2.428708 
2.447324 
2.412844 
2.445187 
2.431151 
2.432371 
2.427184 
2.432676 
2.447934 
2.416199 
2.440916 
2.440610 
2.413148 
2.432981 
2.400330 
2.403081 
2.430234 
2.422301 
2.419862 
2.411316 
2.437559 
2.417420 
2.424131 
2.432982 
2.433287 
2.417722 
2.437559 
2.429931 
2.430845 
2.422913 
2.442441 
2.421388 
2.414674 
2.431456 
2.432066 
2.440915 
2.431455 
2.408264 
2.437864 
2.408569 
2.433592 
2.417722 
2.440610 
2.448543 
2.433592 
2.462278 
2.421998 
2.421692 
2.431760 
2.415590 
2.423828 
2.453428 
2.423218 
2.418030 
2.408569 
2.413760 
2.429929 
2.445797 
2.423828 
2.432371 
2.422301 
2.428100 
2.430234 
2.421996 
2.421082 
2.435423 
2.432677 
2.425658 
2.432677 
2.422301 
2.424134 
2.452511 
2.412229 
2.421081 
2.438474 
2.407657 
2.420471 
2.422912 
2.439390 
2.428100 
2.438779 
2.440915 
2.419862 
2.434202 
2.432065 
2.417421 
2.429625 
2.415281 
2.428709 
2.432372 
2.414978 
2.440915 
2.410707 
2.435728 
2.415896 
2.409180 
2.427795 
2.433896 
2.440000 
2.428711 
2.419248 
2.452815 
2.443661 
2.423828 
2.432371 
2.407352 
2.429625 
2.421384 
2.423827 
2.427795 
2.415589 
2.433286 
2.417726 
2.415284 
2.415891 
2.425048 
2.410095 
2.428405 
2.441220 
2.442441 
2.438169 
2.441526 
2.419556 
2.430845 
2.407959 
2.441526 
2.416505 
2.440610 
2.437864 
2.411014 
2.426879 
2.396063 
2.444578 
2.410706 
2.431152 
2.403384 
2.431150 
2.438169 
2.418946 
2.432065 
2.427489 
2.421384 
2.440610 
2.421692 
2.426575 
2.426574 
2.417722 
2.423218 
2.439085 
2.440305 
2.434202 
2.422608 
2.435118 
2.413452 
2.435423 
2.418637 
2.428709 
2.449764 
2.422910 
2.447934 
2.433287 
2.433592 
2.428405 
2.418943 
2.418027 
2.434202 
2.425964 
2.430234 
2.418945 
2.430236 
2.436033 
2.437864 
2.446408 
2.449155 
2.423217 
2.414063 
2.411008 
2.414062 
2.433287 
2.423826 
2.429320 
2.436949 
2.438169 
2.444577 
2.431760 
2.443967 
2.419555 
2.436949 
2.446408 
2.435118 
2.427795 
2.413148 
2.430539 
2.412231 
2.437864 
2.431455 
2.420472 
2.425046 
2.430845 
2.436644 
2.432677 
2.437254 
2.461358 

2.415586 
2.465633 
2.420472 
2.435728 
2.420774 
2.406128 

2.428100 
2.418945 
2.433287 
2.443967 
2.418947 
2.425964 
2.431150 
2.443357 
2.424743 
2.440610 
2.422606 
2.430846 
2.426877 
2.426268 
2.427489 
2.427182 
2.432982 
2.418640 
2.457700 
2.446408 
2.432066 
2.440610 
2.430845 
2.432066 
2.419858 
2.426877 
2.432371 
2.439695 
2.427489 
2.443052 
2.442136 
2.435728 
2.448545 
2.424133 
2.443967 
2.432066 
2.431150 
2.419250 
2.418335 
2.435727 
2.430845 
2.435118 
2.443967 
2.434813 
2.414979 
2.427793 
2.420472 
2.430846 
2.439695 
2.426269 
2.418332 
2.435423 
2.431761 
2.438474 
2.429931 
2.435423 
2.433592 
2.420776 
2.414979 
2.437559 
2.443052 
2.431456 
2.411011 
2.437254 

2.417722 
2.431151 
2.440000 
2.432066 
2.441526 
2.439085 
2.450069 
2.425962 
2.427490 
2.429625 
2.437559 

2.420469 
2.419250 

2.418334 
2.456171 
2.415891 
2.414672 
2.418642 
2.417725 
2.423522 
2.429016 
2.413453 
2.436033 
2.435728 
2.428403 
2.441526 
2.441220 


2.418334 

2.448240 

2.429625 
2.421994 
2.441831 
2.409485 
2.435728 
2.414670 
2.415588 
2.437864 
2.414060 

2.443051 
2.439390 
2.438779 
2.436338 
2.418027 
2.429320 


2.424743 
2.430539 
2.454954 
2.420163 
2.410095 
2.443662 
2.423826 

2.431456 
2.447018 
2.425659 

2.448240 
2.418031 
2.437559 
2.411929 
2.409486 
2.425658 
2.435728 
2.454038 
2.427184 
2.422608 

2.428098 
2.424439 
2.435118 
2.438780 
2.407654 
2.444577 

2.414060 
2.413147 
2.448848 
2.417417 
2.418031 

2.423520 
2.420777 
2.427488 
2.426268 
2.428405 
2.427489 
2.445798 
2.411927 
2.447324 
2.435728 
2.436644 
2.426877 
2.415283 
2.418337 
2.424744 
2.429015 
2.425353 
2.414670 
2.447324 
2.428405 
2.429319 
2.436033 
2.434813 
2.434507 
2.436949 
2.415893 
2.416806 
2.420777 

2.459224 
2.425048 
2.440915 
2.439390 
2.436033 
2.438779 
2.432982 
2.431151 
2.437559 
2.429321 
2.421082 
2.425046 
2.441831 
2.448543 
2.429625 
2.416196 
2.428711 
2.437253 
2.427794 
2.442441 
2.429931 
2.432981 
2.438779 
2.385076 
2.426575 
2.418946 
2.409181 
2.440916 
2.425049 
2.442136 
2.439695 
2.427795 
2.443662 
2.419858 
2.428709 
2.444577 
2.445492 
2.450071 
2.449764 
2.433896 
2.452206 
2.413760 
2.446409 
2.434812 
2.444882 
2.426267 

2.423829 
2.421387 
2.439390 
2.432982 
2.406742 
2.429931 
2.455564 
2.449765 
2.439695 
2.443967 
2.444577 
2.431455 
2.431761 
2.432066 
2.421689 
2.418945 
2.451289 
2.429625 

2.414978 

2.427793 
2.440915 

2.414670 
2.420472 
2.428098 
2.435118 
2.419252 
2.424742 

2.436643 
2.419860 
2.421998 
2.442441 
2.410095 
2.435727 
2.436949 
2.436948 
2.450679 
2.444882 
2.450985 
2.415896 
2.431457 
2.451900 
2.432676 
2.424132 
2.450069 
2.437559 
2.429929 
2.408264 
2.434202 
2.436948 
2.425964 
2.418030 
2.421081 
2.451289 
2.417115 
2.444578 
2.442136 
2.437559 
2.440000 
2.449461 
2.441220 
2.449459 
2.431150 
2.443967 
2.418640 
2.424131 
2.424439 
2.421082 
2.435728 
2.436644 
2.428098 
2.421691 
2.438780 
2.437864 
2.424132 
2.424131 
2.429625 
2.416811 
2.431760 
2.421384 
2.411926 
2.426269 
2.409488 
2.440305 
2.439695 
2.423829 
2.429625 
2.431456 
2.434202 
2.448239 
2.443051 
2.418946 
2.430235 
2.419862 
2.425964 
2.423826 
2.418029 
2.431457 
2.427184 
2.437559 
2.417115 
2.420167 
2.425046 
2.413147 
2.444272 
2.407962 
2.433591 
2.447324 
2.431457 
2.429625 
2.420163 
2.411926 
2.420776 
2.426268 
2.428099 
2.425354 
2.426267 
2.430235 
2.426575 
2.423218 
2.417724 
2.437559 
2.429931 
2.446103 
2.428403 
2.415588 
2.419252 
2.436644 
2.439390 
2.437254 
2.428405 
2.407956 
2.452511 
2.426270 
2.400332 
2.422910 
2.412536 
2.425964 
2.410403 
2.417112 
2.422912 
2.414675 
2.434202 
2.421692 
2.427488 
2.425048 
2.422607 
2.430234 
2.398805 
2.441220 
2.395755 
2.429320 
2.433898 
2.443356 
2.426879 
2.409792 
2.425046 
2.434203 
2.432677 
2.418334 
2.431152 
2.432677 
2.450681 
2.443357 
2.426880 
2.413449 
2.411622 
2.418027 
2.442746 
2.420163 
2.414975 
2.421388 
2.421691 
2.432372 
2.427184 
2.415285 
2.424741 
2.432982 
2.428708 
2.423522 
2.421692 
2.437253 
2.448849 
2.447018 
2.430540 
2.424744 
2.434202 
2.408878 
2.425353 
2.423217 
2.425351 
2.414979 
2.430846 
2.428098 
2.437559 
2.414369 
2.416806 
2.447018 
2.443662 
2.446714 
2.435118 
2.443356 
2.410707 
2.426572 
2.434508 
2.409792 
2.399720 
2.433287 
2.425659 
2.410703 
2.450679 
2.406740 
2.408872 
2.424134 
2.431151 
2.451292 
2.438169 
2.425046 
2.439390 
2.441220 
2.422302 
2.429014 
2.429930 
2.423218 
2.407656 
2.436643 
2.433287 
2.432677 
2.411317 
2.426267 
2.421998 
2.418946 
2.429624 
2.413452 
2.431457 
2.436338 
2.409485 
2.425659 
2.422605 
2.426268 
2.441831 
2.422910 
2.400330 
2.420777 
2.400029 
2.410095 
2.429929 
2.440915 
2.438169 
2.413148 
2.434813 
2.442441 
2.444577 
2.446102 
2.437254 
2.428100 
2.415894 
2.412231 
2.427795 
2.436643 
2.409790 
2.416506 
2.407041 
2.440610 
2.424438 
2.421079 
2.425049 
2.398807 
2.425962 
2.420470 
2.407352 
2.437254 
2.436033 
2.437864 
2.424744 
2.420166 
2.437559 
2.433592 
2.431760 
2.432982 
2.416505 
2.452816 
2.422303 
2.420471 
2.405820 
2.435423 
2.391483 
2.407346 
2.439085 
2.420469 
2.420165 
2.416501 
2.436644 
2.420163 
2.419557 
2.426572 
2.420776 
2.431151 
2.435423 
2.419861 
2.420774 
2.429625 
2.421082 
2.426572 
2.434202 
2.406739 
2.446408 
2.398807 
2.435728 
2.419557 
2.430539 
2.406128 
2.440915 
2.429929 
2.392704 
2.441831 
2.452205 
2.442136 
2.436033 
2.408266 
2.438169 
2.441831 
2.406740 
2.445188 
2.418029 
2.421693 
2.413453 
2.447934 
2.433287 
2.435117 
2.435423 
2.404911 
2.428708 
2.420472 
2.417725 
2.427794 
2.439390 
2.417417 
2.440915 
2.420166 
2.459528 
2.417417 
2.410706 
2.421692 
2.447018 
2.430539 
2.402772 
2.417722 
2.416506 
2.433286 
2.419860 
2.430846 
2.423522 
2.432066 
2.418943 
2.436033 
2.427793 
2.413147 
2.431151 
2.434202 
2.416505 
2.408872 
2.403689 
2.423215 
2.450070 
2.427793 
2.421691 
2.441220 
2.422300 
2.402772 
2.429929 
2.432371 
2.430236 
2.459529 
2.425046 
2.446408 
2.436338 
2.395139 
2.441526 
2.403379 
2.432371 
2.413755 
2.434203 
2.421386 
2.430846 
2.444272 
2.417722 
2.445798 
2.429321 
2.443662 
2.438780 
2.422605 
2.411926 
2.438474 
2.439085 
2.396970 
2.407962 
2.431456 
2.428098 
2.405213 
2.440915 
2.430539 
2.415893 
2.438474 
2.421691 
2.414980 
2.429320 
2.454343 
2.427794 
2.424133 
2.447019 
2.420470 
2.449154 
2.414063 
2.419248 
2.425657 
2.438169 
2.443661 
2.418946 
2.424437 
2.418031 
2.431151 
2.436643 
2.424439 
2.418943 
2.435117 
2.437864 
2.448850 
2.417421 
2.425353 
2.443662 
2.416806 
2.422302 
2.423829 
2.438474 
2.444882 
2.419862 
2.403384 
2.436643 
2.433897 
2.419553 
2.414062 
2.441221 
2.442746 

2.440916 
2.426880 
2.433592 
2.419252 
2.443357 
2.432371 
2.445187 
2.424743 
2.432981 
2.451596 
2.412538 
2.452818 
2.430235 
2.410097 
2.428711 

2.456782 
2.407656 
2.418946 
2.437253 
2.443356 
2.442441 
2.419556 
2.413449 
2.455257 
2.429015 
2.431457 
2.434508 
2.445188 
2.461053 
2.448544 
2.427184 
2.412843 
2.421079 
2.409790 
2.443052 
2.418334 
2.425964 
2.425048 
2.412844 
2.421384 
2.437254 
2.458917 
2.431456 
2.418332 
2.420776 
2.413453 
2.396970 
2.428404 
2.428405 
2.437864 
2.451900 
2.428708 
2.423829 
2.440915 
2.452205 
2.442136 
2.436643 
2.434202 
2.439085 
2.461668 
2.451595 
2.448849 
2.417724 
2.411012 
2.432676 
2.411317 
2.417722 
2.434203 
2.467157 
2.412839 
2.438169 
2.394528 
2.423522 
2.429931 
2.421387 
2.432066 
2.430236 

2.444882 
2.419860 
2.405216 
2.423828 

2.440915 
2.437559 
2.429015 

2.445797 

2.431456 

2.444272 

2.397281 

2.432677 

2.432676 
2.433592 


2.439085 
2.421692 

2.426268 
2.428711 
2.417725 
2.443967 

2.421082 
2.418334 

2.428100 

2.427795 

2.427489 
2.429626 



2.435423 
2.420774 
2.423522 
2.443356 
2.440000 
2.436643 

2.428100 
2.409486 

2.417115 
2.417115 
2.409180 
2.430846 
2.451596 
2.440000 


2.406433 
2.411014 


2.427489 

2.429930 
2.434508 

2.425964 

2.434508 

2.420165 
2.439085 

2.432982 


2.432676 
2.437559 
2.423523 
2.418332 
2.406742 
2.454952 

2.425964 
2.418030 
2.425657 
2.413757 
2.435423 
2.413755 
2.403687 
2.433592 


2.419248 
2.427795 
2.432677 
2.442746 
2.418947 
2.433896 
2.430540 
2.437864 
2.427489 
2.419858 
2.427489 
2.412534 
2.417724 
2.429931 
2.421689 
2.432982 

2.421689 
2.444272 
2.425049 
2.423218 

2.409488 
2.434202 
2.421384 

2.421081 
2.419861 
2.427184 
2.436339 
2.420166 
2.426572 
2.429931 
2.447934 
2.409488 
2.421387 
2.438780 
2.450375 
2.420470 
2.425659 
2.396060 
2.402466 
2.436033 

2.443051 

2.445798 
2.412539 
2.455257 
2.432676 
2.429625 
2.431151 
2.436338 
2.427488 



2.413758 
2.449765 
2.432066 
2.434812 
2.431152 

2.420776 

2.409482 

2.439390 
2.425351 
2.427489 
2.440305 
2.439390 
2.436033 
2.418642 
2.408266 
2.439390 
2.417420 
2.447323 
2.427489 
2.432066 
2.439695 
2.447934 
2.441221 
2.436949 
2.408876 

2.440610 
2.441831 
2.426267 
2.435423 
2.432982 
2.420777 
2.429320 

2.441526 
2.427795 
2.418030 

2.430236 
2.444883 
2.423520 
2.433898 
2.416809 
2.430846 
2.436948 

2.436644 
2.433286 
2.413760 

2.443052 
2.448238 
2.417725 
2.434507 
2.453425 
2.427184 
2.430539 
2.425353 
2.440915 
2.412229 
2.418945 
2.422303 
2.416501 
2.447324 
2.414674 
2.424131 
2.429930 
2.420470 
2.415894 

2.412538 
2.442441 

2.433592 
2.432371 
2.445188 
2.419555 
2.423520 
2.406740 
2.419248 
2.409790 
2.432982 
2.417420 
2.417724 
2.417724 
2.432982 
2.425046 
2.449460 
2.431457 
2.423828 
2.415891 
2.426268 
2.432982 
2.430541 
2.425351 
2.429625 
2.433896 
2.431761 
2.425659 
2.421997 
2.418027 
2.414672 
2.447933 
2.448543 
2.421692 
2.410092 
2.420165 
2.454646 
2.401248 
2.447018 
2.426270 
2.436948 
2.442441 
2.459223 
2.424438 
2.431455 
2.426573 
2.425964 
2.438169 
2.416809 
2.421082 
2.434202 
2.438474 
2.419861 
2.427182 
2.438169 
2.410403 
2.426574 
2.438474 
2.426270 
2.416199 
2.419250 
2.426269 
2.397580 
2.434507 
2.415894 
2.419248 
2.441221 
2.406740 
2.438474 
2.414980 
2.397580 
2.417115 
2.428100 
2.411926 
2.414980 
2.414060 
2.450985 
2.441831 
2.427489 
2.411927 
2.421384 
2.415893 
2.415590 
2.407350 
2.420163 
2.431761 
2.430541 
2.436644 
2.429625 
2.420774 
2.432677 
2.421082 
2.424436 
2.425658 
2.419556 
2.416809 
2.406433 
2.436949 
2.434508 
2.422300 
2.410707 
2.410706 
2.425354 
2.438169 
2.449461 
2.436338 
2.432372 
2.428100 
2.410403 
2.447628 
2.416196 
2.433897 
2.437253 
2.408875 
2.427182 
2.439695 
2.442746 
2.426877 
2.434508 
2.423828 
2.435422 
2.417419 
2.429320 
2.425046 
2.436948 
2.447323 
2.419251 
2.451291 
2.414063 
2.411313 
2.420472 
2.420776 
2.428403 
2.423522 
2.409488 
2.419861 
2.432065 
2.410400 
2.430845 
2.426573 
2.435118 
2.430236 
2.432371 
2.437254 
2.434202 
2.403386 
2.413453 
2.425354 
2.418335 
2.425354 
2.393924 
2.433896 
2.409790 
2.425354 
2.427184 
2.401242 
2.411621 
2.422607 
2.415281 
2.400330 
2.438169 
2.412534 
2.418945 
2.432067 
2.431456 
2.428100 
2.427795 
2.429624 
2.396669 
2.432372 
2.446103 
2.405820 
2.425353 
2.419252 
2.415283 
2.426575 
2.421082 
2.433896 
2.417724 
2.439695 
2.424743 
2.405515 
2.405214 
2.409177 
2.434507 
2.407657 
2.420776 
2.432676 
2.429930 
2.440915 
2.429320 
2.421083 
2.415891 
2.421081 
2.422912 
2.423217 
2.435728 
2.420163 
2.428709 
2.408878 
2.394834 
2.433592 
2.442441 
2.437253 
2.431457 
2.450069 
2.426267 
2.431151 
2.412538 
2.418334 
2.412539 
2.436338 
2.406736 
2.411621 
2.440610 
2.422607 
2.399716 
2.424744 
2.440610 
2.417112 
2.422913 
2.440916 
2.389042 
2.409180 
2.419250 
2.439085 
2.425353 
2.436339 
2.414063 
2.430845 
2.426880 
2.444272 
2.398190 
2.431456 
2.423524 
2.400637 
2.426877 
2.448543 
2.431456 
2.437254 
2.416198 
2.430846 
2.426879 
2.454036 
2.417420 
2.427793 
2.438779 
2.407352 
2.436644 
2.424744 
2.408571 
2.439695 
2.423218 
2.420165 
2.400334 
2.425659 
2.431455 
2.425658 
2.443356 
2.420776 
2.426877 
2.447628 
2.432981 
2.411926 
2.431762 
2.434508 
2.431761 
2.420167 
2.442136 
2.431762 
2.419248 
2.430845 
2.411621 
2.436339 
2.416501 
2.411926 
2.413449 
2.449155 
2.452816 
2.457392 
2.432677 
2.417112 
2.437864 
2.411622 
2.435422 
2.394232 
2.428405 
2.395753 
2.414980 
2.412233 
2.432676 
2.429931 
2.414065 
2.429320 
2.445188 
2.451289 
2.437559 
2.416196 
2.423524 
2.420776 
2.433287 
2.403077 
2.420777 
2.430845 
2.431151 
2.435728 
2.413755 
2.444882 
2.408567 
2.415896 
2.441221 
2.455869 
2.403992 
2.422303 
2.443967 
2.427793 
2.441221 
2.446104 
2.431151 
2.411011 
2.429625 
2.412231 
2.432677 
2.427488 
2.457392 
2.437559 
2.418637 
2.422912 
2.433898 
2.436949 
2.451597 
2.405823 
2.458002 
2.454647 
2.421384 
2.408569 
2.427795 
2.420776 
2.426574 
2.436338 
2.422303 
2.442441 
2.458613 
2.412534 
2.430236 
2.443051 
2.429015 
2.435423 
2.453733 
2.420470 
2.431457 
2.430236 
2.421693 
2.429319 
2.447018 
2.424744 
2.437559 
2.415284 
2.433592 
2.410709 
2.450069 
2.434202 
2.412844 
2.428710 
2.411924 
2.411926 
2.422605 
2.426268 
2.443661 
2.439695 
2.447934 
2.433896 
2.437864 
2.435423 
2.437559 
2.444577 
2.434507 
2.449765 
2.430846 
2.443357 
2.432372 
2.422912 
2.413755 
2.424439 
2.422302 
2.434202 
2.430236 
2.415586 
2.456478 
2.419556 
2.432371 
2.449459 
2.439695 
2.407044 
2.419252 
2.435423 
2.423215 
2.409486 
2.438779 
2.440610 
2.436949 
2.427184 
2.421998 
2.435728 
2.443662 
2.437864 
2.412539 
2.432065 
2.454342 
2.431457 
2.436948 
2.443967 
2.434813 
2.424132 
2.430236 
2.419858 
2.430845 
2.427184 
2.440305 
2.432676 
2.419862 
2.436643 
2.431151 
2.452511 
2.416806 
2.416809 
2.413760 
2.410703 
2.427490 
2.433592 
2.453730 
2.414365 
2.435118 
2.403989 
2.430236 
2.424132 
2.413149 
2.432371 
2.431457 
2.441526 
2.437253 
2.440000 
2.423215 
2.436339 
2.454954 
2.415893 
2.401555 
2.415284 
2.447019 
2.431761 
2.431457 
2.435118 
2.424439 
2.442136 
2.426572 
2.419555 
2.410097 
2.427795 
2.416501 

2.422303 
2.443967 
2.425048 
2.434813 
2.414979 
2.453425 
2.434813 
2.439390 
2.436643 
2.429015 
2.425049 
2.426877 
2.427489 
2.452205 
2.430845 
2.408567 
2.413148 

2.443356 
2.441221 
2.446408 
2.431151 
2.442746 
2.435423 
2.430541 
2.444578 
2.422303 
2.426267 
2.429015 
2.436033 
2.429320 

2.437864 
2.445492 
2.416806 
2.431151 
2.432677 
2.436033 
2.443356 
2.428405 
2.403379 
2.421692 
2.436338 
2.443356 
2.415588 
2.423826 
2.442441 
2.438169 
2.437864 
2.431457 

2.426267 
2.460749 
2.425962 
2.417419 
2.438474 
2.454647 
2.412233 

2.415893 
2.416505 

2.435423 
2.427793 
2.435423 
2.425964 
2.424743 
2.427489 


2.416501 
2.440915 

2.411624 
2.422605 
2.424744 

2.429625 
2.410098 
2.426879 

2.439695 
2.434813 

2.412234 
2.438474 
2.434508 
2.437254 
2.408872 
2.439390 
2.429320 

2.419555 
2.434508 
2.424743 
2.441831 
2.421996 
2.453425 

2.422912 
2.434813 

2.423524 
2.423218 
2.443967 
2.417722 
2.425049 
2.434813 
2.430235 
2.439390 
2.414672 
2.427185 
2.448240 
2.440000 


2.417116 
2.417417 
2.422912 
2.409183 
2.440000 
2.446408 
2.418639 
2.467766 

2.453427 

2.432066 
2.461970 

2.410706 
2.423829 
2.450985 

2.400025 
2.424744 
2.434202 

2.438169 
2.446409 
2.434507 
2.446104 
2.428099 
2.434813 
2.421384 
2.412842 
2.439390 
2.431150 
2.448544 
2.415281 
2.428404 
2.444577 
2.445492 
2.433897 
2.416506 
2.428405 

2.414063 
2.432065 
2.446408 
2.418947 
2.422605 
2.426573 
2.431457 
2.422913 

2.443967 
2.431762 
2.410707 
2.422303 
2.430236 
2.436033 
2.424134 
2.425659 
2.422605 
2.420471 
2.441526 
2.444272 
2.426879 
2.429319 
2.428099 
2.443661 
2.444577 
2.419858 
2.429930 
2.418642 
2.430540 
2.397891 
2.446713 
2.443051 
2.427795 
2.416198 
2.430846 
2.417722 
2.414675 
2.438779 
2.431455 
2.417114 
2.440916 
2.440915 
2.430846 
2.431151 
2.435117 
2.447018 
2.450679 
2.429319 
2.416198 
2.421997 
2.420163 
2.444577 
2.455562 
2.435423 
2.421083 

2.435728 
2.420166 
2.425657 
2.443967 

2.431151 
2.416811 
2.419555 
2.447933 
2.429014 
2.442136 
2.420472 
2.416806 
2.411008 
2.436948 
2.449764 
2.454646 
2.425353 
2.439390 
2.441526 
2.436033 
2.425048 
2.442746 
2.399720 
2.416201 
2.409177 
2.426575 
2.429930 
2.436339 
2.439084 
2.439390 
2.427795 
2.412839 
2.420776 
2.403691 
2.422303 
2.430236 
2.431761 
2.424744 
2.413453 
2.432981 
2.453425 
2.408876 
2.430540 
2.418031 
2.429625 
2.403691 
2.448849 
2.419858 
2.428100 
2.400636 
2.411927 
2.439695 
2.426575 
2.418640 
2.418943 
2.422303 
2.435422 
2.422301 
2.433287 
2.403384 
2.414060 
2.428099 
2.423523 
2.427184 
2.424134 
2.443967 
2.420471 
2.380190 
2.425049 
2.428405 
2.438474 
2.429930 
2.415590 
2.412538 
2.444882 
2.441831 
2.443051 
2.439390 
2.424131 
2.436339 
2.433592 
2.429929 
2.401551 
2.421997 
2.421691 
2.436948 
2.422301 
2.400943 
2.416196 
2.416198 
2.408573 
2.428100 
2.437559 
2.447628 
2.431761 
2.431456 
2.429016 
2.430846 
2.417722 
2.415896 
2.436949 
2.418027 
2.418031 
2.420471 
2.416806 
2.415285 
2.410402 
2.413449 
2.435728 
2.440916 
2.451902 
2.401856 
2.433287 
2.422301 
2.448848 
2.431151 
2.428708 
2.446408 
2.407961 
2.418943 
2.430845 
2.423524 
2.422913 
2.446713 
2.438169 
2.425964 
2.428403 
2.453732 
2.429015 
2.419555 
2.454341 
2.432677 
2.436949 
2.424741 
2.440610 
2.422910 
2.423524 
2.430236 
2.445187 
2.434812 
2.452511 
2.433591 
2.409180 
2.435423 
2.432982 
2.421384 
2.422912 
2.440305 
2.421082 
2.429014 
2.452205 
2.430541 
2.418332 
2.435728 
2.433898 
2.422912 
2.432371 
2.422606 
2.419557 
2.426574 
2.450375 
2.414672 
2.422912 
2.444577 
2.418029 
2.433898 
2.435423 
2.398190 
2.440000 
2.420774 
2.429625 
2.436338 
2.445492 
2.423520 
2.436949 
2.429929 
2.423524 
2.403081 
2.427182 
2.419557 
2.424743 
2.431150 
2.438474 
2.436033 
2.431761 
2.430846 
2.412843 
2.430846 
2.424133 
2.441831 
2.434813 
2.434508 
2.414670 
2.423827 
2.407656 
2.408875 
2.403689 
2.391181 
2.424743 
2.422606 
2.443967 
2.442746 
2.420774 
2.427184 
2.417116 
2.437559 
2.431455 
2.436033 
2.436339 
2.438474 
2.430541 
2.410403 
2.417722 
2.418945 
2.441220 
2.439695 
2.439085 
2.435117 
2.438779 
2.427795 
2.431761 
2.429626 
2.419861 
2.435423 
2.423520 
2.428405 
2.438779 
2.427488 
2.429931 
2.428098 
2.431761 
2.421083 
2.433896 
2.418029 
2.426575 
2.436338 
2.417722 
2.423522 
2.427490 
2.436033 
2.422300 
2.410709 
2.445798 
2.455561 
2.433287 
2.427185 
2.425351 
2.433592 
2.416196 
2.449765 
2.423522 
2.441831 
2.418640 
2.428098 
2.428405 
2.453427 
2.434203 
2.434812 
2.462276 
2.431455 
2.416810 
2.426877 
2.415896 
2.417419 
2.408573 
2.419556 
2.431760 
2.425659 
2.430539 
2.405518 
2.436033 
2.415893 
2.425049 
2.437864 
2.419251 
2.431760 
2.429015 
2.426575 
2.428405 
2.448544 
2.431457 
2.423520 
2.427185 
2.447934 
2.411929 
2.418030 
2.441831 
2.419248 

2.432067 
2.433591 
2.429320 
2.418337 
2.432981 
2.419862 
2.428405 
2.432676 
2.430236 
2.425659 
2.424436 
2.425964 
2.438169 
2.405515 
2.430236 
2.427184 
2.440000 
2.423217 
2.452205 
2.445188 
2.436644 
2.421079 

2.421998 
2.445188 
2.422303 
2.435118 

2.421996 

2.421996 

2.426575 
2.404604 
2.425351 
2.440610 
2.446102 
2.444272 
2.431151 
2.425659 
2.411927 
2.429319 
2.412536 
2.429930 
2.422913 
2.426572 
2.424437 
2.420777 
2.435423 
2.422605 
2.427184 
2.414674 
2.413755 
2.403994 
2.436338 
2.429320 

2.439390 
2.427184 
2.425351 
2.430846 
2.415894 
2.428708 
2.424742 
2.417115 
2.406430 
2.397279 
2.438169 
2.426877 
2.417724 
2.430541 
2.410703 
2.419860 
2.444882 
2.422605 
2.425048 
2.437253 
2.421384 
2.425658 
2.439390 
2.441526 
2.420469 
2.436948 
2.445492 

2.439084 


2.440305 
2.444272 
2.467158 
2.432677 
2.422912 
2.437864 
2.409488 
2.440610 
2.429931 
2.407045 

2.437559 

2.437864 
2.432066 
2.446713 
2.437864 
2.421081 
2.430846 
2.447324 
2.437864 
2.422912 
2.416198 
2.425354 
2.449154 
2.427184 
2.443051 
2.422300 
2.432982 
2.432982 
2.422300 
2.407047 
2.447628 
2.436643 
2.430541 

2.438779 
2.424439 
2.411927 
2.426880 
2.424436 

2.422303 
2.428709 
2.448849 
2.432372 
2.423523 
2.435117 
2.442746 
2.426270 
2.452511 
2.425351 
2.428405 
2.425657 
2.447018 
2.419252 
2.421996 
2.426575 
2.407961 
2.442441 
2.415896 
2.414674 
2.415891 
2.410706 
2.434202 
2.428711 
2.429320 
2.440916 
2.429930 
2.438780 
2.432066 
2.425049 
2.429931 
2.416198 
2.430236 
2.441831 
2.417417 
2.439085 


2.429320 
2.439695 
2.429321 
2.458002 
2.427489 
2.425657 
2.396063 


2.443356 
2.429320 
2.460447 
2.414370 
2.429929 
2.425353 
2.459833 
2.416506 
2.426574 
2.427489 
2.461969 
2.436033 
2.431456 
2.428100 
2.428405 
2.423217 
2.428100 

2.439085 
2.429625 
2.437864 
2.451291 
2.423520 
2.430846 
2.428099 
2.399419 
2.426269 
2.447934 
2.421079 
2.425048 
2.427793 
2.446103 
2.428100 
2.425962 
2.444272 
2.440610 

2.422302 
2.413144 
2.451900 
2.423522 
2.429014 
2.423522 
2.428100 
2.446104 
2.450069 
2.421692 
2.428403 
2.399724 
2.429931 
2.440610 
2.446103 
2.415891 
2.421386 
2.416505 
2.426572 
2.428404 
2.441526 
2.429015 
2.422913 
2.414979 
2.438780 
2.413148 
2.428098 
2.420472 

2.417722 
2.418029 
2.422607 
2.414365 
2.438474 
2.415893 
2.439085 
2.411929 
2.413453 
2.431150 
2.448239 

2.451901 
2.411319 
2.432677 
2.417722 
2.429625 
2.428098 
2.435423 
2.436949 
2.416806 
2.453427 
2.421997 
2.446713 
2.413760 
2.426268 
2.429014 
2.418639 
2.437254 
2.448850 
2.435728 
2.407045 
2.427488 
2.431152 
2.429625 
2.412839 
2.447018 
2.425353 
2.430846 
2.439084 
2.417726 
2.421387 
2.434203 
2.400027 
2.431455 

2.431455 
2.408878 
2.425048 
2.431455 
2.430541 

2.432371 
2.432066 
2.427794 
2.415285 
2.422301 
2.431151 
2.421079 
2.431457 
2.416501 

2.427184 
2.423522 
2.436338 
2.449459 
2.443967 
2.435728 
2.425659 
2.427182 
2.448239 
2.429320 
2.408268 
2.434507 
2.406132 

2.424742 
2.436644 
2.422605 

2.415891 

2.437559 

2.410092 
2.440915 

2.429319 
2.422303 
2.429929 
2.438779 
2.440610 


2.406430 
2.429015 
2.420163 
2.432982 
2.429319 
2.420165 
2.411929 
2.437559 
2.442747 
2.451289 
2.421996 

2.425963 
2.444882 
2.431151 
2.405827 
2.407656 
2.441526 
2.423522 
2.447324 
2.434202 
2.415590 
2.442136 
2.420163 
2.430540 
2.422300 
2.424436 
2.420470 
2.447018 
2.416810 
2.436643 
2.408268 
2.427184 
2.440000 
2.431457 
2.419251 
2.403077 
2.420472 

2.390571 
2.402773 


2.414979 
2.411313 
2.439390 
2.423829 
2.434813 
2.420165 
2.433287 
2.417725 
2.417417 
2.440610 
2.448848 
2.441221 
2.421079 
2.432676 
2.442746 
2.437254 
2.445797 
2.421387 
2.429930 

2.402163 
2.411008 
2.440305 
2.420472 
2.429931 
2.430234 
2.437864 
2.412234 
2.424438 
2.425351 
2.417114 
2.436644 
2.417722 

2.435728 
2.432981 
2.436948 
2.435728 
2.451292 
2.437254 
2.430235 
2.435118 
2.449154 
2.406736 
2.433592 
2.401248 
2.429625 
2.430845 
2.447628 
2.396060 
2.414975 
2.460140 
2.432982 
2.432982 
2.445493 
2.418639 
2.431152 
2.417112 
2.422303 
2.454952 
2.432372 
2.436033 
2.432982 
2.430236 
2.427182 
2.418337 
2.440000 
2.420774 
2.432676 
2.440305 
2.431761 
2.427182 
2.423829 
2.418946 
2.399411 
2.427795 
2.422910 
2.435728 
2.437864 
2.418947 
2.419556 
2.432677 
2.411927 
2.446409 
2.440915 
2.428405 
2.410095 
2.436033 
2.433591 
2.430540 
2.415894 
2.425658 
2.418031 
2.442441 
2.431760 
2.423218 
2.432982 
2.427184 
2.427489 
2.443356 
2.437254 
2.436948 
2.401856 
2.426574 
2.445798 
2.436949 
2.417114 
2.438169 
2.432677 
2.403073 
2.411929 
2.433591 
2.428404 
2.438169 
2.438169 
2.423218 
2.422605 
2.440610 
2.432066 
2.424131 
2.446103 
2.434812 
2.420776 
2.421997 
2.410092 
2.418029 
2.432677 
2.430234 
2.430540 
2.444882 
2.433592 
2.453732 
2.450069 
2.434507 
2.426573 
2.424744 
2.458311 
2.417419 
2.432372 
2.447935 
2.447934 
2.432066 
2.441831 
2.440915 
2.443967 
2.425354 
2.433287 
2.427795 
2.424744 
2.414670 
2.426268 
2.452205 
2.426879 
2.428403 
2.434508 
2.426269 
2.417722 
2.418945 
2.424741 
2.438779 
2.437559 
2.433287 
2.437559 
2.431762 
2.438779 
2.403992 
2.429321 
2.438779 
2.427793 
2.413147 
2.437254 
2.414365 
2.426575 
2.440610 
2.434202 
2.429321 
2.431456 
2.439390 
2.409486 
2.419553 
2.426268 
2.434203 
2.425046 
2.431151 
2.429321 
2.434508 
2.413755 
2.440915 
2.434813 
2.410398 
2.429320 
2.440305 
2.427489 
2.411924 
2.444882 
2.425964 
2.430539 
2.419250 
2.419252 
2.415894 
2.415586 
2.426575 
2.442441 

2.440000 
2.440916 
2.426573 
2.424436 
2.425048 
2.426269 
2.409482 
2.434202 

2.411927 
2.432676 
2.428710 
2.449766 
2.427795 
2.407651 
2.439695 
2.444577 
2.436948 
2.426268 
2.417420 

2.430541 
2.417115 
2.420165 
2.438169 
2.419557 
2.444577 
2.419252 
2.447323 
2.443662 
2.426573 
2.426270 
2.449764 
2.409482 
2.421081 
2.441526 
2.411008 
2.405518 
2.428405 
2.417420 
2.429624 
2.422912 
2.422302 
2.435117 
2.430845 
2.432982 
2.425048 
2.398496 
2.434507 
2.444272 
2.446104 
2.417114 
2.409790 
2.418337 
2.400637 
2.426572 
2.442441 
2.442746 
2.426572 
2.422303 
2.423828 
2.431457 
2.461360 
2.415586 
2.434508 
2.431151 
2.411014 
2.431761 
2.424741 
2.432677 
2.421997 
2.432371 
2.433898 
2.425964 
2.423829 
2.431151 
2.427793 
2.432676 
2.429931 
2.436643 
2.439695 
2.432981 
2.427489 
2.443052 
2.425963 
2.418335 
2.440000 
2.422605 
2.411621 
2.427795 
2.412229 
2.413757 
2.429931 
2.429930 
2.420776 
2.425962 
2.439085 
2.440610 
2.448850 
2.443357 
2.419557 
2.431761 
2.423522 
2.420776 
2.413144 
2.405823 
2.421387 
2.432981 
2.436949 
2.420163 
2.449460 
2.436644 
2.437254 
2.447629 
2.440000 
2.444882 
2.436644 
2.456480 
2.430845 
2.414369 
2.421386 
2.433592 
2.432371 
2.438169 
2.435728 
2.425351 
2.434507 
2.442746 
2.427184 
2.424744 
2.444882 
2.415284 
2.419858 
2.409790 
2.437559 
2.430234 
2.432372 
2.421689 
2.440000 
2.429625 
2.435423 
2.414979 
2.452205 
2.432372 
2.425351 
2.422608 
2.444577 
2.421997 
2.431760 
2.423217 
2.426575 
2.424132 
2.430846 
2.421996 
2.425354 
2.436644 
2.433896 
2.418639 
2.402773 
2.419861 
2.405210 
2.412539 

2.433896 
2.428404 

2.440000 
2.445188 
2.423218 
2.430845 
2.441526 
2.422912 
2.424131 
2.450985 
2.432372 
2.411926 
2.408264 
2.418337 
2.446408 
2.420163 
2.436948 
2.426575 
2.436033 
2.429319 
2.435118 
2.427488 
2.430235 
2.425659 
2.417114 
2.420472 
2.437254 
2.424134 
2.418640 
2.426268 
2.414980 
2.442746 
2.426268 
2.434813 
2.429014 
2.437254 
2.425962 
2.434507 
2.446408 
2.436033 
2.433896 
2.431456 
2.432067 
2.423218 
2.432677 
2.433898 
2.414979 
2.425962 
2.429319 
2.430845 
2.434202 
2.428405 
2.439695 
2.423520 
2.438474 
2.417417 
2.431152 
2.416806 
2.421386 
2.449154 
2.426879 
2.429016 
2.431761 
2.440610 
2.429015 
2.451900 
2.437254 
2.448240 
2.426269 
2.418029 
2.420472 
2.415894 
2.423215 
2.434812 
2.405827 
2.407346 
2.415285 
2.434508 
2.410706 
2.408878 
2.427793 
2.437864 
2.430846 
2.438779 
2.423215 
2.435118 
2.447324 
2.419252 
2.432066 
2.427488 

2.441221 
2.438779 
2.424743 
2.403689 
2.419248 
2.425658 
2.427489 
2.442136 
2.400640 
2.426879 
2.431150 
2.414674 
2.424741 
2.416503 
2.395450 
2.415281 
2.419860 
2.429931 
2.431456 
2.416501 
2.456173 
2.430541 
2.426270 
2.429931 
2.427182 
2.424437 
2.432982 
2.426574 
2.441221 
2.436033 
2.425659 
2.433896 
2.418334 
2.438474 
2.417722 
2.395448 
2.425049 
2.422912 
2.412538 
2.427795 
2.431457 
2.431150 
2.440000 
2.429931 
2.438169 
2.432676 
2.426880 
2.420166 
2.431761 
2.425964 
2.419248 
2.445493 
2.424438 
2.428098 
2.398499 
2.434203 
2.426267 
2.424742 
2.419861 
2.420776 
2.436949 
2.434202 
2.418947 
2.403073 
2.454036 
2.437254 
2.419248 
2.424437 
2.429931 

2.436033 
2.422303 
2.416806 
2.407352 

2.430541 
2.435728 
2.427793 
2.443052 
2.426270 

2.439390 
2.428709 
2.454646 
2.415285 

2.400637 
2.431152 
2.431151 
2.408573 
2.423826 
2.434202 
2.413149 
2.434508 
2.449461 
2.441221 
2.420166 
2.432371 
2.431152 
2.437864 
2.437559 
2.440000 
2.430845 
2.437254 
2.416505 
2.436338 
2.438474 
2.430846 
2.430845 
2.412843 
2.419250 
2.425964 
2.466242 
2.412536 

2.441221 

2.443357 
2.416503 
2.416501 
2.436644 
2.451291 
2.432372 
2.441526 
2.425049 
2.432066 
2.421079 
2.425658 
2.408573 
2.436033 
2.431151 
2.445188 
2.424742 
2.438169 
2.423215 
2.445797 
2.439085 
2.404294 
2.454341 
2.432372 
2.434507 
2.447324 
2.444577 
2.439085 
2.440305 
2.425659 
2.424131 
2.425963 
2.427185 
2.446103 
2.410402 
2.450681 
2.406132 
2.441221 
2.429929 
2.420470 
2.419858 
2.425048 
2.433898 
2.422910 
2.446408 
2.435423 
2.439390 
2.422912 
2.436338 

2.440000 

2.423826 
2.420167 
2.421994 
2.424742 
2.444272 
2.437559 
2.420163 
2.435728 

2.420470 
2.425354 
2.454342 


2.427795 
2.424741 
2.423218 
2.447628 

2.440305 
2.440000 
2.455868 
2.416198 
2.416811 
2.448239 

2.439085 
2.421994 

2.437864 
2.431455 
2.425048 
2.452816 


2.408876 


2.420471 

2.432372 
2.452207 
2.410398 




2.426573 
2.435118 
2.416806 
2.421081 
2.434202 
2.442136 
2.450069 
2.411012 
2.416503 
2.445187 
2.435423 
2.418639 
2.407047 

2.407962 
2.425964 
2.408872 
2.458614 
2.424439 
2.413148 
2.420469 
2.421692 
2.429930 
2.429016 
2.408876 
2.432676 

2.434203 
2.428709 
2.414065 
2.443967 
2.439085 
2.434202 
2.415590 

2.421689 

2.433896 
2.406128 
2.439390 
2.404909 
2.425046 
2.437254 
2.414674 
2.412839 
2.417419 
2.437559 
2.430236 

2.439085 
2.429625 
2.433592 
2.437559 
2.458006 
2.437254 
2.435728 
2.422607 

2.427185 

2.439695 
2.424743 
2.430234 
2.434508 
2.422300 
2.451901 
2.423215 
2.421083 
2.423523 
2.430540 
2.415891 
2.451595 
2.409177 
2.421388 
2.440915 

2.448543 
2.438169 
2.432982 


2.395145 

2.436339 
2.424134 
2.426879 
2.415891 
2.417420 
2.434202 
2.412234 
2.429015 
2.417421 
2.441221 
2.414060 
2.429931 
2.460750 
2.417722 
2.439695 

2.425351 
2.422608 
2.410402 
2.446104 
2.436033 
2.435728 
2.411319 
2.428099 
2.414065 
2.415589 
2.414365 
2.444578 
2.435727 
2.426269 
2.443051 
2.443662 
2.415590 
2.429625 
2.429929 
2.407349 
2.425657 
2.443967 
2.421692 
2.425351 
2.435728 
2.418030 
2.413144 
2.413757 
2.435118 
2.438169 
2.422913 
2.410092 
2.436643 
2.426880 
2.459834 
2.428404 
2.437864 
2.411008 
2.419250 
2.439085 
2.436643 
2.417420 
2.414062 
2.433592 
2.418943 
2.425659 
2.425046 
2.429626 
2.420163 
2.423827 
2.428711 
2.427488 
2.424744 
2.409787 
2.432066 
2.427185 
2.415891 
2.426268 
2.428100 
2.434812 
2.427184 
2.417116 
2.427184 
2.418027 
2.434203 
2.417417 
2.425658 
2.432372 

2.427795 
2.407956 
2.419555 
2.417112 
2.419555 
2.396970 

2.436948 
2.424132 
2.421388 
2.430845 
2.429625 
2.414065 
2.407961 
2.429319 
2.414062 
2.444577 
2.400332 
2.419553 
2.436033 
2.414367 
2.425354 
2.423828 
2.445798 
2.390876 
2.425048 
2.423524 
2.415589 
2.407651 
2.428711 
2.418030 
2.429929 
2.427794 
2.431457 
2.410402 
2.430540 
2.431456 
2.405210 
2.401555 
2.428710 
2.423215 
2.435728 
2.431457 
2.420166 
2.427488 
2.427185 
2.425658 
2.421082 
2.432065 
2.415893 
2.428709 
2.411929 
2.392094 
2.401860 
2.423828 
2.417114 
2.425659 
2.430845 
2.411929 
2.413148 
2.434202 
2.421693 
2.418945 
2.413455 
2.412229 
2.448849 
2.452816 
2.409180 
2.437864 
2.438780 
2.419861 
2.420163 
2.419251 
2.411008 
2.433897 
2.414365 
2.412843 
2.409180 
2.411618 
2.432676 
2.438474 
2.438780 
2.452205 
2.397281 
2.425046 
2.425046 
2.448848 
2.447323 
2.440305 
2.448238 
2.432371 
2.443661 
2.458616 
2.437559 
2.429930 
2.391791 
2.426572 
2.425353 
2.431457 
2.424743 
2.407956 
2.438474 
2.409183 
2.440610 
2.436033 
2.434202 
2.430236 
2.435118 
2.443662 
2.437559 
2.450680 
2.426572 
2.452206 
2.427489 
2.436338 
2.425657 
2.417724 
2.434203 
2.430845 

2.418335 
2.417722 
2.418947 
2.424436 
2.436948 
2.432677 
2.436948 
2.443967 
2.435117 
2.436643 
2.439390 

2.448239 
2.414674 
2.440000 
2.444882 

2.423218 
2.432372 
2.437254 
2.417420 
2.428405 
2.434202 
2.439085 
2.419861 
2.442441 
2.447933 
2.416199 
2.417419 
2.440000 
2.441831 
2.422607 
2.421997 
2.441221 
2.417724 

2.413449 

2.436644 
2.444577 
2.408872 
2.445188 
2.431151 
2.431152 
2.418637 
2.415281 
2.464412 
2.421689 
2.428405 
2.429929 
2.428403 
2.414670 
2.440000 
2.435117 
2.446713 

2.445493 
2.412839 
2.402772 
2.418943 
2.412842 
2.440610 
2.435118 
2.439695 
2.464107 
2.426573 
2.442136 
2.434812 
2.421083 
2.425658 
2.425964 
2.425964 
2.443661 
2.455564 

2.435422 

2.454036 
2.431761 
2.431151 
2.443356 
2.404909 
2.427795 
2.418943 
2.426574 
2.440916 
2.440305 


2.414365 
2.428100 
2.447935 
2.421082 
2.460142 
2.435423 
2.435422 
2.419556 
2.438779 
2.430541 
2.437864 
2.440305 
2.429320 
2.421998 
2.432677 
2.442136 
2.459528 
2.448240 
2.411319 
2.439390 

2.426270 
2.435118 
2.415586 

2.423218 

2.414065 
2.474784 
2.458917 

2.411319 

2.435728 
2.424744 



2.432372 
2.436338 

2.431150 


2.441526 



2.436644 


2.434508 
2.408261 
2.416806 
2.438474 

2.430539 
2.461055 


2.428100 



2.436644 
2.443662 

2.430539 
2.431457 
2.433897 

2.424741 
2.435727 


2.438169 
2.427489 
2.430541 

2.450071 
2.440305 
2.443662 

2.424133 

2.418332 



2.444883 

2.423829 
2.455866 
2.442136 
2.429321 




2.451290 
2.428710 

2.425964 





2.443967 

2.434813 
2.427489 
2.451290 
2.425353 
2.436948 

2.415284 

2.436033 
2.421692 


2.448849 
2.435423 
2.429931 

2.431151 
2.453731 
2.435728 
2.434202 

2.431150 
2.453121 
2.451597 
2.434507 
2.452511 
2.437559 


2.440305 










2.438779 

2.426267 


2.435423 
2.433591 
2.414975 
2.425657 
2.430236 
2.451595 
2.420469 
2.409177 
2.431760 

2.433287 
2.462275 
2.433592 
2.423215 
2.428098 
2.432065 
2.431760 
2.426269 
2.420777 

2.459529 



2.470208 
2.433287 
2.464107 

2.433592 
2.425964 
2.432982 
2.427489 
2.428100 
2.427489 
2.434507 
2.401553 
2.414063 
2.431151 
2.433592 
2.428710 
2.425657 
2.439084 
2.436643 
2.409181 
2.418943 
2.429626 
2.413760 
2.430845 
2.425964 
2.434812 
2.450681 
2.436949 
2.437864 
2.432982 
2.426267 
2.426572 
2.430236 
2.418031 
2.419858 
2.446713 
2.415891 
2.442136 
2.431762 
2.440305 
2.443052 
2.455259 
2.427793 
2.420774 
2.448544 
2.433896 
2.424436 
2.432676 
2.432982 
2.441526 
2.442136 
2.423826 
2.429929 
2.421387 
2.431762 
2.447935 
2.436948 
2.460752 
2.449154 
2.438474 
2.409177 
2.424741 
2.432371 
2.416809 
2.421689 
2.452512 
2.422301 
2.418334 
2.421079 
2.432677 
2.450986 
2.421384 
2.440915 
2.440610 
2.428100 
2.414063 
2.428098 
2.444273 
2.434812 
2.428710 
2.411317 
2.426269 
2.446104 
2.440305 
2.430845 
2.426267 
2.421994 
2.442747 
2.404599 
2.444578 
2.439390 
2.431760 
2.435728 
2.419858 
2.430539 
2.435423 
2.450985 
2.441526 
2.419556 
2.416809 
2.436033 
2.424133 
2.431455 
2.402466 
2.439390 
2.449155 
2.419251 
2.423215 
2.424133 
2.411011 
2.435728 
2.421692 
2.416199 
2.424743 
2.442746 
2.415284 
2.425658 
2.406435 
2.435728 
2.431456 
2.406433 
2.432066 
2.414065 
2.416809 
2.414975 
2.403996 
2.426575 
2.456173 
2.436033 
2.431152 
2.415896 
2.411317 
2.434813 
2.449764 
2.430846 
2.442746 
2.446408 
2.432982 
2.428100 
2.427795 
2.433897 
2.426572 
2.423829 
2.427489 
2.434507 
2.423520 
2.452816 
2.421384 
2.434508 
2.436948 
2.432676 

2.410097 
2.418637 
2.414672 


2.451597 
2.406739 
2.411008 
2.426879 
