12903
12776
13027
13039
12932
12845
12825
12847
12751
12921
12974
12960
12991
12901
12933
12908
12773
12845
12911
12949
12827
12912
12712
12822
12878
12934
12779
12827
12957
12867
12874
12790
12870
12877
12882
12869
12929
13013
12835
12844
12918
12794
12924
12829
12829
12962
12890
12876
12935
12991
12903
12981
12797
12858
12873
12878
12945
12830
12873
12912
12872
12828
12873
12834
12917
12911
12846
12948
12879
12975
12999
12956
12884
12916
12779
12857
12909
13017
12893
13008
12902
12955
12936
12970
13023
12927
12905
12997
12953
12921
12851
13022
12903
12948
12941
12918
12881
12786
12903
12881
13031
12847
12949
13064
12978
12922
12996
12902
12992
12919
12917
12950
12944
13015
12937
12936
13019
12841
12888
12896
12990
12888
12829
12906
13063
12920
12994
12928
12957
13074
12971
12916
12955
12919
13094
12939
12941
12909
12892
13027
13028
12816
12960
12955
12911
12872
12971
12846
12913
12933
13003
13024
12871
12847
12975
12909
12936
12900
12969
12866
12717
12951
12955
12885
12945
12963
12983
12913
12911
12843
12904
12873
12880
12903
12870
12853
12770
12918
12885
12909
12970
12906
12935
12862
12911
12944
13043
12999
12931
12947
12994
12916
12882
12814
13018
12853
12829
13035
12887
12838
12935
12930
12940
12905
12964
12854
12968
12850
12843
12840
12891
12925
12823
13021
12801
12893
13014
12833
12791
12933
12874
12983
12965
12997
12899
12873

12941
12925
12802
12870
13003
12773
12869
13019
12908
12986
12835
12854
12963
12907
12983
12924
12932
12938
12810
12982
12934
12948
12923
12863
12981
12970
12802
12998
12962
12863
12922
12795
12853
12912
12832
12748
12868
12901
12827
12968
12877
12766
12865
12869
12743
12826
12835
12847
12921
12839
12753
12870
13016
12865
12891
12908
12794
12807
12887
12911
13068
12859
12820
12932
12849
12941
12881
12884
12955
12791
12863
12934
12891
12840
12957
12882
12752
12956
12790
12799
12788
12905
12854
12822
12776
12793
12848
12741
12749
12867
12901
12815
12826
12856
12860
12826
12804
12822
12873
12831
12932
12875
12852
12869
12957
12882
12708
12966
12856
12786
12728
12864
12931
12757
12754
12873
12878
12816
12926
12914
12872
12796
12811
12888
12851
12858
12862
12861
12899
12800
12719
12908
12857
12775
12727
12843
12958
12780
12982
12800
12803
12836
12796
12822
12950
12770
12814
12993
12702
12857
12818
12854
12831
12854
12947
12764
12970
12873
12898
12777
12852
12768
12857
12918
12707
12851
12908
12965
12730
12868
12836
12874
12889
12840
12839
12765
12880
12805
12809
12790
12944
12889
12758
12766
12874
12781
12792
12761
12846
12890
12912
12915

12876
12833
12927
12853
12914
12821
12767
12875
12854
12806
12652
12879
12815
12796
12823
12957
12905
12812
12703
12853
12890
12858
12834
12842
12769
12832
13042
12762
12868
12829
12936
12796
12767
12990
12893
12664
12775
12751
12916
12710
12914
12757
12765
12810
12809
12780
12783
12806
12810
12815
12829
12920
12823
12708
12834
12892
12839
12820
12853
13003
12827
12840
12859
12782
12805
12855
12847
12822
12787
12763
12949
12760
12833
12768
12817
12790
12724
12804
12926
12822
12835
12940
12777
12841
12844
12828
12913
12893
12774
12939
12761
12849
12854
12817
12872
12859
12826
12822
12809
12870
12877
12940
12945
12777
12934
12782
12830
12850
12932
12886
12859
12974
12895
12909
12857
12904
12811
12890
12893
12954
12851
12834
12803
12992
12849
12684
12905
12790
12798
12918
12880
12834
12926
12941
12991
12794
12927
12863
12871
12942
12844
12788
12896
12873
12931
12834
12864
12871
12814
12876
12919
12924
12967
12808
12822
12886
12894
12757
12931
12815
12859
12822
12922
12932
12803
12795
12880
12894
12830
12875
12915
12938
12838
12836
12888
12935
12851
12919
12919
12838
12878
12926
12878
12834
12999
12960
12756
12974
12746
12908
12925
12865
12909
12869
12801
12912
12936
12980
12834
12912
12941
12898
12804
12867
12816
12959
12859
12794
12971
12814
13002
12843
12946
12917
13019
12800
12898
12750
12939
12824
12921
12854
12765
12940
12884
12868
12833
12891
12995
12842
12884
12925
12873
12957
13000
12830
12880
12913
12976
12980
12870
12781
13022
13048
12860
12862
12900
12996
12887
12824
12926
12964
12919
12873
12748
12950
12969
12892
12965
13003
12926
12859
12859
12986
12815
12891
12847
12943
12964
12829
12933
12898
12919
12954
12912
12898
12831
12893
13011
12985
13019
12835
13024
12904
12849
12973
12907
13001
13025
12989
13031
12981
12849
12961
12990
12929
12905
12871
12935
12829
12936
12867
12908
12822
12844
12869
12887
12880
12964
12991
12899
12873
12916
12969
12898
12854
12740
13003
12923
12969
12953
12832
12897
12876
12967
12855
12810
12787
12867
12899
12981
12740
12927
12828
12844
12921
12828
12994
12904
12830
12871
12884
12873
12893
12816
12880
12968
12828
12710
12873
12880
12851
12862
12908
12947
12921
12988
12833
12778
12960
12951
12817
12894
12988
12907
12790
12932
12808
12776
12872
12868
12819
12837
12820
12880
12864
12770
12757
12932
12958
12810
12818
12949
12793
12832
12857
12799
12882
12763
12906
12864
12986
12737
12900
12810
12831
12810
12987
12892
12855
12859
12849
12868
12901
12927
12854
12874
12978
12949
12920
12900
12891
12790
12971
12985
12908
12894
12925
12912
12793
12775
13001
12839
12881
12775
12895
12955
12856
12957
12860
12963
12956
12875
12848
12903
12924
12788
12776
12909
12864
12946
13038
12900
12885
12826
12858
12940
12958
12920
12933
12959
12869
12904
12922
12955
12864
12840
12936
12798
12939
12860
12942
12918
12940
12889
12822
12875
12884
12827
12931
12854
12834
12844
12945
12849
12786
12908
12817
12836
12882
12824
12719
12767
12817
12916
12947
12968
12808
12822
12916
12847
12793
12953
12718
12844
12778
12834
12864
12993
12926
12903
12860
12758
12857
12738
12872
13054
12917
12805
12940
12895
12815
12867
12842
12869
12890
12838
12967
12755
12837
12782
12844
12723
12857
12890
12717

12771
12843
12891
12880
12955
13023
12887
12877
12900
12693
12823
12789
12901
12810
12679
12852
12862
12841
12888
12916
12817
12901
12702
12851
12800
12793
12864
12783
12800
12804
12886
12882
12795
12787
12879
12826
12927
12768
12914
12845
12976
12652
12883
12726
12838
12791
12799
12905
12748
12816
12816
12920
12837
12803
12788
12845
12749
12754
12886
12923
12816
12856
12796
12772
12952
12750
12729
12808
12726
12745
12754
12746
12908
12805
12861
12781
12935
12874
12798
12927
12796
12706
12853
12783
12790
12900
12692
12790
12862
12825
12858
12932
12827
12809
12772
12837
12805
13040
12804
12845
12726
12788
12886
12846
12822
12809
12972
12949
12917
12823
12855
12811
12714
12924
12809
12812
12770
12919
12728
12902
12882
12835
12845
12931
12854
12810
13021
12791
12832
12905
12823
12842
12832
12855
12718
12819
12841
12958
12888
12968
12866
12715
13001
12795
12826
12849
12925
12811
12834
12773
12952
12810
12913
12827
12865
12931
12798
12791
12766
12796
12892
12871
12898
12834
12817
12858
12828
12771
12726
12739
12689
12762
12892
12884
12802
12776
12808
12910
12843
12865
12868
12761
12765
12791
12685
12875
12938
12686
12733
12819
12823
12860
12758
12884
12840
12765
12719
12812
12739
12712
12840
12928
12855
12837
12797
12822
12902
12750
12735
12946
12733
12833
12862
12894
12921
12956
12730
12738
12934
12859
12804
12838
12925
12728
12875
12866
12773
12781
12880
12885
12753
12884
12871
12917
12867
12983
12895
12753
12885
12932
12823
12868
12849
12738
12883
12823
12900
12888
12807
12868
12823
12780
12761
12819
12973
12851
12786
12910
12890
12856
12881
12775
12857
12840
12846
12949
13015
12861
12902
12858
12830
13003
12879
12809
12905
12796
12998
12870
12934
12925
12764
12933
12854
12942
12781
12856
12887
12859
12894
12795
12893
12822
12849
12858
12832
12803
12958
12927
12949
12806
12905
12825
12896
12850
12800
13005
12850
12743
12922
13017
13034
12925
12869
12918
12844
12975
12872
12923
12866
12962
12915
12848
12805
12952
12863
12934
13002
12860
12862
12966
12957
12894
12825
12889
12950
12941
12990
12891
12742
12843
12875
12844
13024
12934
12806
12807
12900
12901
12865
12984
12968
12811
12844
12934
12855
12894
12866
12892
12896
12913
12928
12881
12857
12995
12989
12900
12864
12990
12850
12927
12959
12831
12892
12822
12749
12911
12894
12931
12965
12838
12850
12799
12854
12902
12893
12999
12999
12786
12914
12921
12915
12858
12936
12839
12895
12939
12885
12873
12863
13027
12889
12847
12892
12908
12961
12919
12834
12854
12884
13016
12896
12860
12862
12934
12944
12906
12936
12896
12922
12924
12935
12842
12974
12898
12811
12803
12908
13004
12869
12934
12859
12952
12841
12923
12915
13018
12880
12989
12687
12843
12884
12902
12958
12875
12881
12895
12947
12961
13044
12908
12870
13011
12845
12903
12942
12891
12885
13027
12943
12790
12860
12891
12811
12927
12823
12845
12820
12954
12898
12972
12878
12975
12839
12916
12799
12956
12904
12892
12877
12856
12886
13089
12859
12933
13002
12993
12888
12941
12928
12934
12883
12931
12908
12851
13078
12893
12937
12962
12983
13004
12972
12966
12951
12966
12972
12978
12956
12957
12905
13002
12919
12931
13000
12870
12897
13022
12831
12902
12973
12868
13098
12941
12978
12956
12951
13135
13120
12953
13066
12984
13030
12941
12822
13107
13001
13027
12896
12812
12995
13007
13058
12895
12994
13076
12860
13000
12912
13069

12876
12961
12893
12875
12923
12842
12933
12903
12982
12900
12828
12937
12755
12893
13077
12881
12953
12936
12884
12798
12926
12832
12859
13067
12930
12962
12900
12861
12830
12888
12962
12968
12795
12966
12816
12866
12920
12879
12952
12828
12958
12986
12938
12859
12944
12879
12760
12842
13014
12963
13000
12920
12862
12960
12980
12995
12939
12849
13006
12800
12980
12887
12903
12960
12995
12834
12995
12970
12937
12976
12999
13029
12888
12804
12943
12844
12897
12914
12809
12930
12895
12888
13018
12919
12760
12932
12967
12951

12871
12846
12987
12764
12932
12958
12911
13096
12903
12838
13020
12824
13008
12968
12826
12871
12906
12823
12861
12835
12929
13009
12830
12857
12862
12864
12949
13018
12891
12954
12889
12881
12917
12982
12851
12948
12833
12818
12830
12933
12956
12951
13039
12982
12913
13005
12963
12760
12928
12969
12923
12803
12799
12953
12990
12913
12951
12956
12898
12867
12867
12975
12860
12806
12816
12868
12958
12942
12946
12953
12929
12718
12903
13027
12827
12880
13005
12774
13001
12919
12925
12906
12904
12971
12966
12826
12935
12898
12976
12994
12948
13013
12802
12901
12967
12992
12932
12917
12926
12956
12921
12934
12946
12929
12888
12819
12916
12988
12747
12954
12865
12901
12723
12936
12998
13000
12969
12892
13041
12741
12947
12891
13009
12958
12912
12835
12881
12856
12861
13052
12838
12951
12960
13016
12932
12871
12845
12931
12924
12787
12905
12805
12868
12926
12864
12800
12871
12849
12932
12975
12945
12836
12804
12813
12914
12882
12935
12911
12780
12870
12884
12868
12863
12928
12848
12912
13011
12771
12954
12746
12836
12971
13064
12954
12937
12872
12877
12794
12824
12859
12846
12859
12810
12932
12908
12774
12793
12954
12850
12964
13038
12911
12846
12834
12938
12861
12782
12864
12923
12862
12814
12954
12939
12786
12843
12791
12866
12746
12798
12769
12696
12854
12852
12942
12810
12856
12923
12804
12865
12871
12807
12785
12828
12861
12895
12743
12922
12900
12981
12851
12789
12926
12772
12855
12833
12828
12770
12740
12868
12852
12879
12951
12929
12809
12842
12870
12758
12869
12891
12779
13039
12809
12826
12743
12752
12773
12912
12764
12829
12846
12921
12851
12842
12773
12763
12889
12779
12821
12781
12853
12991
12784
12849
12863
13028
12778
12876
12964
12857
12835
12839
12954
12713
12771
12860
12783
12821
12777
12880
12909
12832
12789
12873
12840
12892
12855
12783
12863
12882
12811
12805
12761
12844
12792
12790
12862
12927
12830
12774
12796
12875
12793
12776
12830
12929
12836
12774
12867
12829
12857
12800
12831
12892
12821
12761
12711
12863
12924
12875
12837
12909
12854
12911
12957
12863
12875
12966
12855
12817
12801
13030
12834
12828
12813
12955
12818
12939
12912
12854
12889
12966
12908
12839
13014
12858
12930
12805
12936
12897
12857
12743
12967
12918
12732
12963
12792
12793
12909
12905
12884
12829
12871
12793
12876
12799
12749
12734
12846
12725
12768
12961
12837
12805
12808
12879
12889
12960
12861
12785
12810

12827
12874
12856
12795
12908
12819
12909
12809
12818
12743
12848
12790
12821
12750
12761
12861
13012
12912
12793
12833
12848
12788
12955
12753
12917
12779
12773
12787
13001
12881
12719
12707
12815
12823
12756
12908
12849
12967
12748
12940
12815
12837
12948
12868
12849
12984
12805
12878
12831
12815
12879
12835
12920
12876
12841
12890
12878
12832
12867
12902
12864
12878
12798
12839
12795
12910
12860
12880
12766
12794
12890
12712
12792
12769
12912
12841
12963
12814
12795
12854
12980
12898
13000
12771
12905
12854
12858
12882
12792
12839
12893
12889
12838
12885
12925
12861
12919
12802
12817
12949
12888
12863
12776
12809
13006
12905
12799
12953
12963
12908
12915
12974
12998
12981
12839
12965
12846
12897
12855
12979
12829
12931
12747
12952
12870
12839
12901
12887
12815
12854
12827
12851
12894
12878
12885
12780
12786
12937
12930
12854
13000
12860
13041
12928
12852

12910
12925
12957
12887
12911
12921
12823
13018
12895
13016
12978
12877
12905
12908
12853
12834
12862
12891
12876
12786
12911
12767
12910
12835
12886
13034
12998
12851
13031
12859
12978
12878
12903
12816
12875
12946
12852
12860
12775
12860
12970
12870
12929
12886
12894
12928
13046
12953
12890
12858
13046
12799
12785
13051
12979
13020
12870
12891
12918
12854
12852
12905
12881
12798
12848
12802
12921
12872
12883
12893
12988
12927
12940
12871
12987
12883
12949
12998
12795
12943
13044
12979
12968
12822
12743
12871
12937
12900
12863
12987
12840
12892
12950
12906
12950
12953
12871
13006
12920
12854
12796
12765
12894
12954
12857
13009
12981
12977
12848
12830
13016
12918
12887
12874
12970
12944
12867
12781
12844
12908
12947
12975
13002
12943
12779
12799
12879
12913
12976
12841
12786
12872
12944
12893
12969
12881
12949
12860
12898
12745
12889
13053
12898
12739
12978
12962
12851
12905
12875
12944
12914
12983
12983
12906
12936
12922
12835
12952
12812
12932
12858
12965
12920
12941
12869
12936
12983
12960
12984
12950
12963
12975
12961
12897
12841
12895
12890
12947

12801
12758

12970
12848
12856
12878
12747
12960
12920
12825
13013
12969
12897
13039
13017
12899
13003
12742
12990
13006
12914
12861
12966
12984
12887
13025
12986
13016
12939
12917
12970
12907
12868
12849
12886
12926
12840
12899
12866
12935
12865
12986
12909
12978
12895
12777
12960
12988
12908
12956
13082
12918
12954
12927
12921
12973
12892
12922
12979
12908
12826
12944
12874
12968
12835
12905
13003
12941
12895
12918
12943
12869
12914
12909
13000
12918
13012
12964
13058
13115
12970
12909
13008
13065
12871
12956
12877
12983
12888
12907
12954
12881
12877
12884
12919
12972
12885
12954
12872
12957
12886
12929
12929
12937
12973
12987
12899
12865
12929
12934
12873
12965
13070
12857
12908
12895
12908
12887
12884
12864
12828
12886
12955
12944
12941
12860
12908
12905
13004
12928
12980
12896
12863
12903
12952
12862
12970
12844
12947
12938
12822
12929
12930
12923
12851
12865
12899
12801
12763
12952
12993
12835
12899
12867
13001
12961
12999
12888
12945
12941
12977
12881
12915
12998
12923
12856
13010
12921
12835
12948
13001
12983
12934
12881
12881
12901
13067
12937
12933
12907
12897
12913
12964
12931
12905
12953
12941
12882
12980
12991
12978
12952
12862
12961
12873
12961
12981
12865
12875
12938
12845
12880
12928
12863
12860
12974
12817
12921
12961
12871
12866
12948
13021
12889
12907
12840
12916
12956
12914
12889
12881
12787
12977
12863
12846
12924
12904
12975
12926
12983
12822
12924
12732
12883
13003
13016
12863
12966
12868
12934
12912
13001
12883
13108
12783
12944
13045
13007
12878
12868
12910
12782
13038
12779
12967
12889
12894
13010
12897
12784
12942
12940
12822
12915
12933
12914
12879
12903
12869
12988
12946
12771
12767
12883
12856
12858
12908
12855
12834
12839
12909
12993
12976
12911
12881
12904
12982
12997
12891
12948
12846
13066
12847
12758
12946
13007
12907
12864
12939
12846
12949
12928
12882
12952
12922
12911
12988
12958
12969
12974
12915
13028
12790
12874
12823
12930
12924
12785
12842
12918
12876
12941
13027
12931
12897
12805
12946
12851
12914
12825
12935
12819
12866
12744
12966
12866
12906
12955
12838
12905
12871
12932
12901
12903
12911
13008
12994
12939
12814
12957
12983
12958
12801
13017
12798
12708
12837
13007
12840
12896
12827
12996
12923
12934
12836
12746
12930
12914
12779
12961
12850
12868
12905
12939
12865
12905
12855
12933
12873
12903
12910
12901
12879
12975
12939
12909
12870
12855
13041
12932
12898
12918
12882
12824
12844
12922
12897
12912
12820
12899
12819
12907
12823
12908
12782
12858
12875
12868
12873
12909
12928
12737
13016
12916
12758
12793
12919
12807
12911
12926
12907
12723
12869
12882
12841
12911
12943
12883
12784
12819
12937
12919
12889
12861
12806
12809
12905
12759
12834
12925
12793
12797
12948
12731
12864
12875
12730
12940
12854
12841
12795
12901
12975
12758
12887
12854
12725
12850
12936
12694
12931
12857
12871
12848
12867

12797
13015
12859
12926
12742
12873
12748
12689
12884
12848
12886
12844
12871
12764
12881
12859
12915
12850
12855
12684
12865
12822
12853
12834
12681
12922
12864
12822
12851
12792
12877
12846
12871
12829
12924
12794
12832
12824
12881
12801
12952
12855
12889
12770
12953
12882
12844
12920
12785
12860
12872
12892
12794
12933
12859
12894
12771
12992
12790
12962
12853
12935
13020
12868
12901
12853
12952
12825
12851
12904
12844
12936
12892
12790
12841
12922
12832
12891
12918
12901
12990
12866
12865
12873
12761
12840
13035
12873
12873
13009
12887
12801


12958

12867
12791
12907
12915
12849
12847
12777
12759
12852
12904
12874
12861
12858
12901
12795
12886
12848
12766
12855
12944
12833
12835
12828
12835
12815
12676
12815
12766
12936
12834
12809
12914
12669
12800
12960
12912
12831
12793
12795
12846
12779
12859
12821
12920
12820
12852
12837
12733
12960
12914
12897
12750
12821
12735
12866
12816
12914
12723
12839
12885
12912
12789
12925
12965
12846
12716
12732
13001
12727
12898
12871
12779
12856
12902
12681
12830
13026
12830
12787
12880
12819
12783
12801
12717
12838
12839
12883
12882
12837
12806
12937
12808
12821
12929
12883
12851
12879
13008
12815
12924
12933
12875
12855
12847
12899
12770
12832
12851
13007
12745
12814
12855
13004
13018
12955
12873
12798
12773
12881
12985
12880
12809
12872
12902
12882
12813
12989
12892
12789
12858
12864
13066
12876
12782
12782
12882
12985
12931
12937
12873
12913
12846
12966
13021
12774
12811
12938
12837
12930
13045
12812
12730
12974
12820
12856
12787
12915
12810
12870
12875
12972
12903
12863
12973
12908
12958
12856
12917
13053
12946
12893
12936
12857
12869
12875
12917
12846
12813
12905
12875
12908
12944
12874
12945
13006
12981
12993
12886
12908
12966
12903
12937
12921
12849
12770
12873
12955
12902
12773
12937
12983
12946
12816
12942
12917
12943
12882
12926
12856
12829
12969
12853
12885
12898
12778
12860
12827
13002
12809
12907
12799
12809
12892
12850
12965
12932
12824
13035
12879
12828
12838
12908
12964
12897
12884
12894
13009
13001
12944
12979
12800
12906
12875
13028
12855
12898
12842
12901
13004
12909
12892
12892
12932
12937
12868
12893
12966
12920
12911
12829
12873
12852
12996
12926
12826
12815
12976
12904
12875
12886
12829
12873
12958
12995
12940
12992
12971
12851
12905
12922
12923
12918
12875
12926
13035
13006
12858
12828
12955
12964
12818
12855
12867
12941
12886
12933
12852
12907
12867
12876
12885
12840
12881
12809
12955
12781
12938
12791
12949
12933
12931
12970
12920
12765
12874
13014
12853
12867
12882
12920
12945
13003
13005
13032
12977
12812
12882
13012
12803
12952
13022
12852
12949
12974
12914
12917
12994
12894
12935
12839
13133
12988
12908
12814
12926
12911
12944
12895
12878
12848
13040
12898
12934
13006
13090
12915
12743
12882
13005
12890
12997
12892
12996
12899
12995
13020
12873
12852
12926
12935
12837
12908
12884
12979
12918
12974
12845
13003
13014
12878
12954
12939
12923
12968
12903
12812
12975
12981
12940
12942
12856
12936
12935
12853
12855
12958
12936
12902
12806
12955
12870
12988
12845
13120
12792
12832
12863
12832
12821
12918
13007
13061
12978
12928
12903
12985
12936
12855
12974
12870
12844
12901
12826
12974
12801
12824
12896
13053
12971
12893
12993
12900
12955
12973
12822
12960
13002
12858
12950
13028
13011
12864
12890
13018
12944
13015
12861
12941
12986
12776
12993
12835
12920
12950
13040
12989
12919
12964
12914
12935
13062
12894
12819
12945
12830
12848
12886
12906
13038
12934
12933
12852
12980
12921
12982
13021
12974
13020
13002
12931
12892
12960
12928
13018
12894
12974
13000
13043
12905
12951
12907
13045
12942
12995
12991
13080


13063
12833
12856
12877
12891
12928
13067
13037
12885
13009
12988
12933
13011
12944
12833
12926
12902
12955
12895
13020
12917
13012
13031
13073
12904
13132
12871
12981
12887
12952
13027
12874
12968
12965
12964
12895
12947
12985
12929
12929
12965
12843
13007
13004
13055
12893
12894
12852
13013
12882
12823
12761
12936
12970
12880
12916
12959
12917
13024
12914
12898
12993
12968
12988
12914
12788
12862
12928
12991
12960
12951
12976
13015
12869
12928
12868
12886
12930
12956
12844
12962
12786
12986
13042
12893
12975
12831
13069
12787
12980
12860
12988
12955
12926
12997
12966
12990
12970
12956
12876
12976
12995
12925
12989
12969
12992
12995
12971
13026
12981
12964
12831
12952
12888
12832
12951
12940
12939
12970
12829
12869
12926
12972
12974
13018
12895
12835
12853
13101
12969
12895
12929
12931
12954
13014
12906
12942
12963
12952
13000
12934
12873
12871
12793
13074
13009
12873
12941
12860
12930
12983
12863
12883
12937
12947
12856
12887
12879
12972
13024
12827
12963
12915
12866
12881
12831
12856
12956
12955
13014
12852
12890
13016
12955
12824
12913
12940
12851
12901
12998
13026
12931
12908
12869
12955
12870
12869
12867
12945
12953
12905
12808
12966
12943
12961
12962
12863
12840
12982
12998
12767
13142
12991
12988
12869
12787
12736
12835
12988
12889
12904
12854
12833
12861
12903
12913
12968
12826
12954
12870
12889
12996
12855
12924
12900
12909
12952
12850
12924
12774
12850
12942
12753
12819
12888
13006
12946
12933
13038
12923
12990
12881
12911
12927
12916
12815
12974
12903
12840
12863
12968
12896
12974
12845
12875
12908
12919
12835
12694
12933
13065
13010
12799
12879
12936
12912
12920
12842
12858
12838
12948
12816
12912
12948
12906
12858
12896
12972
12901
12918
12827
12861
13087
12845
12795
12861
12831
12916
12965
12935
12912
12844
12795
12927
12850
12876
13046
12882
12848
12943
12919
12822
12979
12895
12856
12941
12925
12955
12932
12928
12861
12906
13000
12861
12910
12844
12861
12862
12914
12811
12907
12979
12887
12947
12880
12874
12914
12869
12893
12886
12949
12939
12795
12931
12985
12884
12935
12910
12903
12906
12852
12995
12978
13026
12976
12891
12753
12865
13105
12856
12810
12889
12893
12856
12869
12914
12909
12821
12774
12891
12824
12899
12892
12803
12917
12982
12901
12857
12868
12815
13032
12897
12845
12954
12861
13027
12832
12983
12971
12924
13030
12953
12882
12818
12929
12999
12826
12897
12890
12908
12962
12892
12895
12827
12954
12867
12903
12875
12975
12893
12867
12869
12986
12791
12928
12882
12878
12913
12834
12877
12779
12822
12863
12903
12885
12761
12977
12770
12856
12870
12848
12833
12968
12894
12847
12929
12889
12868
13008
12873
12932
12937
12876
12765
12781
13049
12780
12880
12833
12871
12941
12900
12888
12863
12848
12827
12917
12817
12942
12911
12925
12826
12854
12872
12834
12824
12933
12908
12945
12912
12854
12872
12841
12906
12842
13057
12783
12940
12829
12807
12863
12871
12793
12765
12839
12713
12861
12789
12805
12847
12849
12830
12869
12814
12820
12923
12828
12799
12902
12693
12937
12787
12922
12779
12867
12845
12794
12824
12968
12878
12816
12940
12871
12866
12963
12771
12882
12751
13030
12893
12830
12829
12852
12852
12809
12783
12887
12902
12811
12779
12871
12988
12825
13017
12879
12977
12779
12895
12886
12919
12873
12833
13023
12930
12912
12807
12958
12947
12931
12911
12952
12923
12827
12875
12884
12967
12914
12892
12963
12873
12727
12876
12886
12911
12872
12869
12889
13032
12973
12883
12944
12795
12910
12908
12792
12929
12896
12947
12887
12953
12746
12888
13009
12730
12940
12795
12838
12840
12776
12892
12878
12816
12834
12890
12876
12806
12899
12865
12909
12743
12837
12865
12914
12725
12864
12832
12993
12908
12875
12841
13006
12896
12878
12899
12848
12956
12776
12899
12942
12815
12904
12930
12920
12889
12806
12958
12949
12935
12921
12860
12729
12859
12901
12899
12921
12863
12815
12792
12646
12929
12972
12807
12781
12913
12829
12724
12987
13068
13010
12892
12914
12948
12946
12936
12918
12884
12941
12746
12888
12905
12837
12846
12958
12860
12822
12928
12859
12887
12801
12820
12927
12834
12740
12980
12867
12799
12876
12776
12839
12954
12848
12865
12854
12888
12904
12771
12850
12819
12810
12783
12738
12805
12851
12857
12856
12700
12830
13005
12875
12901
12832
12992
12737
12807
12877
12878
12984
12875
12778
12879
12874
12824
12843
12791
12941
12910
12874
12761
12941
12873
12968
12891
12940
13015
12746
12783
12931
12800
12830
12977
12946
12952
12727
12945
12866
12984
12918
12902
12910
12918
12924
12770
12877
12947
12962
12772
12846
13022
12843
12851
12971
12925
12788
12970
13050
12983
12904
12964
12963
12953
12937
12851
12822
12836
12864
12915
12993
12912
12988
12822
12950
12944
12995
12908
12963
12868
12892
12882
12852
12908
12989
12957
12876
12914
12876
12881
13059
13000
12761
13003
13011
12744
12773
12901
12973
12832
12836
12934
12856
12839
12862
12912
13010
12859
12921
12952
12917
12943
12738
12854
12825
12830
12936
12848
12954
12840
12822
12713
12862
12823
12956
12983
12888
12867
13087
12904
12944
13039
12843
12887
12804
13032
12850
12826
12928
12831
12887
12937
13039
12937
12900
12870
12857
12895
12787
12923
12870
12857
12789
12998
12912
12992
12888
12950
12721
12982
12895
12804
12943
12789
12865
12993
12809
12933
12787
12755
12958
12954
12963
12910
12893
12877
12886
12976
12913
12877
13023
12959
12965
13058
12865
12916
13035
12811
12879
12842
12863
12773
12885
12885
13011
12896
12877
12905
12911
13003
12808
12997
12863
12826
12892
12920
12911
12875
12912
12935
12834
12951
12949
12903
13090
12873
12840
12864
12907
12894
12908
12989
12861
12762
12770
13024
12876
12868
12953
12990
12851
12958
12852
12905
12961
12944
12922
12969
12882
12951
12838
12912
13001
12900
13037
12899
12934
13010
12955
12902
12876
12840
12919
12996
12964
12861
12852
12850
13033
12963
12971
12756
12957
12876
13001
12893
12924
12935
13034
12966
12874
12983
12897
12881
12966
12833
12951
12952
12977
12889
12889
13003
12971
12868
12910
13015
12886
12855
12932
12863
12886
12952
12881
12898
12901
12835
12821
12931
12780
12969
12880
12977
12978
12789
12934
13055
12974
12969
13039
12929
13004
12929
12848
12948
12882
13021
12797
12979
12874
12978
12960
13015
13066
12902
13075
13027
12944
12924
12874
12983
12887
13051
12929
12831
12870
12881
12900
12878
12915

12994
13019
12927
12975
12897
12904
12970
12949
12852
12850
12867
12851
12963
12863
13004
13015
12924
12795
12982
12871
12882
12939
12869
12919
12820
12850
12903
12743
12903
12943
12988
13009
12970
12958
12933
13044
12886
12977
12891
12947
12971
12919
12961
12940
12956
12947
12984
12902
12940
12932
12998
12936
12994
12886
12916
12939
12930
12937
12925
12970
13009
12994
13041
13001
12959
12909
12854
12880
13050
12890
12894
12950

12926
12932
12926
12880
12961
12855
12970
13003
13145
12989
12964
12927
12899
12890
12889
12983
12742
12868
12743
12922
12989
12952
13008
12928
12959
13005
12832
12877
13032
12880
12897
12874
12981
12960


12928
13034
12952
12998
12920
12827
12853
12952
12995
12876
13002
12901
12914
12907
12897
12998
12988
12988
12766
12990
13055
12907
12910
12839
12979
12995
12896
12913
12961
12870
12995
13012
12946
12972
12917
12870
12995
12981
12886
12895
12978
12883
12859
12957
12908
13167
12843
12868
12872
12881
12985
13100
12947
12849
13044
12984
12852
13078
12928
12863
12961
12962
12977
12946
13083
12968
12981
12893
12971
13005
12873
12906
12968
12979
12921
12866
12958
13016
12934
12975
12952
12958
12883
12948
12935
12936
13036
12942
12997
13046
13040
13078
12903
12933
12993
12821
12936
13049
13042
12804
13056
12951
13071
12915
12914
12977
12881
12976
12901
12883
12810
12912
12941
12843
12873
12999
12842
12997
13067
13057
12992
12998
12904
12978
13036
12869
12869
12872
12928
13002
12985
13013
12968
12838
12870
12924
12895
12857
12890
12939
12876
13039
12893
12903
12915
12826
12794
12759
12918
12983
12843
12981
12868
12900
12827
12888
12904
12877
12931
12878
12879
12908
12929
12896
12918
12890
13013
13026
12817
12810
12967
12956
12955
12811
13006
12972
12911
12903
12881
12894
12859
12848
12956
12954
12975
12899
12999
13022
13002
12873
12930
12916
12845
12997
13004
12833
12935
12748
12862
12893
12922
12942
12759
13038
12911
13098
12903
12992
12970
12765
12787
12917
12936
12852
12958
12811
12918
12901
12907
12910
12852
12849
12984
12844
12820
13004
12990
13065
12992
12872
12947
12888
12940
12943
12804
12903
12894
12855
12928
12847
12998
12789
12905
12815
12992
12844
12880
12863
12959
12859
12887
13006
12874
12960
13024
12940
12905
12884
12965
12787
12987
12887
12910
12911
12936
12832
12802
12864
13041
12828
12903
12912
12913
12876
12787
12871
12913
13068
12878
12958
12756
12892
12870
12838
12911
12900
12951
12831
12982
12845
12919
12916
12784
12951
13002
12893
12815
13011
12883
12946
12903
12929
13011
12892
12885
12918
12823
12910
12881
12958
12995
13015
12959
12881
12957
12853
12884
12863
12822
12920
12930
12921
12854
12767
12845
12940
12885
12851
12927
12952
12964
12883
12846
12932
12975
12935
12793
12750
12882
12835
12746
12807
12919
12886
12970
12908
12986
12791
12943
12986
12931
12959
12895
12823
13008
12801
12822
12873
12879
12849
12787
12804
12959
12937
13106
12908
12909
12884
12929
12921
12985
12921
12948
12783
12847
12912
12916
13042
12970
13031
12961
12866
12876
12929
12820
12844
12863
12922
12863
12874
12817
12822
12856
12856
12943
12803
12882
12890
12984
12852
12740
12845
12887
12965
12761
12939
12794
12897
13032
12942
12975
12830
12990
12819
12973
12973
12954
12858
12893
12854
12825
12901
12883
12865
12831
12912
12959
12928
12960
12954
12800
12900
13022
12917
12929
12963
12925
12895
12890
12867
12932
12967
12874
12894
12861
12887
12917
12967
12841
12921
12898
12788
12849
12742
12914
12911
12838
12904
12869
12860
12909
12986
12815
12908
12915
12790
12871
12841
12944
12791
12969
12866
12949
12851
12782
12825
12865
12812
12911
12846
12907
12776
12899
12856
12930
12927
12917
12918
12778
12853
12799
12892
12888
12862
12891
12835
12894
12856
12976
12906
12896
12913
12862
12796
12953
13000
12941
12836
12998
13052
12878
12888
12865
12919
12842
12945
13024
12849
12810
12901
12981
12964
12905
12836
12994
12796
13125
12911
12951
12943
12916
12883
12774
12968
12897
12828
12894
12854
12985
12836
12961
12838
12726
12805
13001
12858
12903
12795
12857
12882
12809
12914
12924
12768
12901
13013
12921
12871
12838
12844
12798
12849
12908
12888
12870
12900
12857
12836
12845
12909
12861
12876
12864
12843
12893
12787
12827
12872
12712
12770
12730
12930
12808
12915
12794
12890
12905
12921
12870
12893
12942
12741
12835
12811
12869
12874
12865
12937
12859
12900
12811
12915
12950
12871
12759
12964
12873
13006
12805
13007
13016
12882
12870
12786
12950
12910
12914
12967
12926
13022
12913
12891
12902
12890
12987
12843
12910
12965
12708
12907
12825
12896
12904
12886
12863
12874
12925
12907
12899
12823
12895
12847
13020
12855
12891
12902
13008
12894
12977
12912
12902
12928
13047
12950
12930
12941
12830
12919
12828
12912
12937
12812
12902
12956
12966
12926
12946
12883
12972
12908
12896
12895
12975
12999
12908
12835
12941
12807
12936
12934
12849
12878
12856
12923
12885
12908
12967
12931
12885
12858
12913
12988
12798
12852
12940
12809
12945
12807
12887
12914
12832
12819
12836
12924
12804
12889
12790
12829
12805
12838
12965
12803
12954
12961
12932
12871
12878
12938
12878
12856
12912
12903
12811
12947
12951
12865
12929
12852
12901
12841
12920
12895
12890
12867
12872
12829
12881
12837
12741
12889
12902
12805
12923
12884
12808
12756
12895
12886
12887
12877
12868
12835
12959
12882
12799
12881
12955
12736
12929
12832
12980
12989
12931
12933
12937
12894
12925
13005
12958
12967
12837
12763
12841
12904
13018
13000
12920
12896
12808
12829
12778
12938
12805
12895
12899
12883
12890
12970
12885
12852
12912
12825
12856
12809
12770
12948
12948
12829
12886
12945
12857
12963
12964
12756
12834
12921
12850
12740
12946
13003
12908
12897
12935
12797
12913
12922
12949
12838
12912
12862
12897
12871
12928
12966
12953
12893
12839
12989
12878
12926
13031
12933
12939
12822
12854
12723
12803
12869
12945
12872
12811
12991
12875
12778
12916
12925
12902
12874
12900
12841
12901
12948
12823
12853
12940
12889
12917
12840
12894
12906
12800
12817
12918
12819
12980
12910
12921
12880
12920
12911
12844
12957
12873
13000
12928
12874
12964
13016
12905
13025
12840
12913
12872
12984
12798
12927
12838
12954
12881
12750
12891
12803
12991
12889
12905
12922
12873
12883
12769
12941
12788
12991
12923
12882
12873
12879
12919
12970
12718
12873
12908
12937
12930
12847
13093
12871
12956
12963
12956
12844
12983
12874
13037
12905
12839
12878
12897
12887
12995
12835
12920
12908
12866
12977
13091
12976
12989
12949
12985
12953
12999
12874
12860
12902
12983
12900
13007
12880
12957
13015
12997
12859
13049
12984
12987
12835
13070
12963
12969
12956
13033
12919
12913
12992
12877
13013
13027
12980
12916
12785
13002
12937
12989
12934
13014
12989
12878
12973
12859
12854
12985
12763
12882
12872
12938
12945
12868
12981
12995
12879
12914
12877
12921
12864
12804
12924
12766
12899
12902
12953
12972
12885
12893
12895
12871
12857
13000
12745
12926
12900
13077
12824
12974
12921
12902
12837
12975
12934
12829
12875
12929
12921
13077
12899
12883
13018
12904
12779
12984
12952
12917
12978
12852
12790
12885
12879
12902
12910
12953
12944
12734
12822
12910
12867
12987
13042
12982
13075
12895
12927
12842
12914
12849
12893
12677
12923
12881
12924
12922
12944
12946
12887
12874
12865
12841
12944
12996
12949
12900
12878
12972
13013
12897
12981
12868
12800
12847
12828
12874
12916
12998
12911
12889
12930
12817
12818
12988
12803
12937
13011
12938
12991
12996
12880
12944
12950
12935
12866
12985
13164
12975
12815
12900
12963
12891
12967
12939
12986
12816
12989
13003
12950
12795
13077
12853
12928
12916
12950
12853
12816
12789
12815
12933
12864
12963
12853
12857
12913
12824
12980
12917
12934
12877
12982
12923
12867
13081
12857
12822
12888
12944
12857
12895
12896
12881
12964
12853
12903
12895
12835
12807
12883
12908
12976
12776
12957
12907
12955
12928
12903
12842
12908
12916
12990
12914
12939
12937
12916
12941
12967
12856
12953
13055
12941
12871
12961
12858
12912
12921
13073
12916
12868
12981
12850
12936
12945
12940
12927
12822
12764
12804
12795
12983
12852
12899
12958
12947
12957
12943
12900
12952
12883
12920
12834
12750
12995
12901
12993
12935
12785
12987
13041
12995
13048
12906
12969
12822
12850
12997
12823
12867
12878
12929
12886
12948
13016
12907
12945
12846
12960
12838
12883
12853
12868
12852
12921
12881
12985
12964
13013
12971
13007
12885
12904
12924
12992
12893
12996
12955
12886
12789
12846
12964
12932
12848
12897
12954
12828
12992
12959
12886
12976
12865
12945
12965
13060
12981
12940
12927
12910
12916
12979
12966
12864
12897
12816
12849
12966
12979
12849
12977
12822
12891
12892
12840
12914
12888
12976
12882
12935
13003
12919
12817
12899
12839
12900
12980
12924
12971
12883
12905
12924
12879
12887
12845
12891
12792
12822
12742
12837
12952
12938
12957
12926
12860
12899
12855
12838
12955
13011
12908
12895
12814
12815
12934
12910
12803
12891
12859
12812
12867
13006
12809
12945
12884
12868
12852
12773
12873
12765
12852
12780
12960
12915
12883
12944
12877
12933
12830
12821
12933
12846
12830
12862
12983
12800
12775
12845
12804
12835
12813
12709
12813
12945
12862
12809
12822
13050
12821
12859
12895
12845
12962
12840
12790
12824
12849
12923
12950
12978
12867
12992
12836
12909
12844
12789
12955
12755
12976
12927
13095
12922
12949
12899
12905
12751
12923
12938
12952
12834
12869
12877
12804
12845
12912
12867
12905
13036
12861
12848
12790
12911
13004
12825
12944
12711
13041
12810
12846
12873
12845
12958
12875
12822
13001
12825
12871
12874
12859
12889
12869
12719
12872
12955
12872
12801
12737
12831
12811
12929
12834
12914
12923
12848
12814
12647
12867
12831
12669
12896
12802
12901
12917
12884
12936
12882
12822
12956
12847
12812
12927
12825
12843

12863
12774
12817
12792
12895
12919
12968
12977
12754
12913
12908
13007
13010
12925
12907
12913
12978
12816
12835
13066
12848
12979
12988
12790
12979
12925
12873
12831
12920
12833
12891
12806
12936
12873
12924
12874
12970
12838
12863
12834
13013
12866
12835
12898
12891
12867
12869
12983
12907
12938
12889
12917
12835
12934
12725
12833
12892
12864
12782
12803
12806
12790
12996
12883
12931
12861
12828
12955
12866
13061
12913
12877
12840
12954
12789
12881
12748
12912
12946
12887
13000
12918
12867
12907
12997
12861
12911
12986
12957
12867
12926
12903
13053
12912
13006
12811
12938
12820
12913
12910
12881
12837

12836
12840
12904

12826
12766
12839

12874
12932
12937
12832
12926
12887
12923
12893
12897
12941
12888
12839
12930
12905
12872
12812
12924
12909
12805
12929
12990
12913
12891
12931
12919
12910
12810
12877
12829
12822
12886
12840
12885
12966
12865
12812
12866
12822
12867
12891
12835
12898
12828
12877
12887
12833
12959
12832
12804
12800
12918
12856
12994
12797
12774
12783
12730
12770
12760
12704
12795
12905
12977
12892
12769
12869
12850
12957
12752
12843
12905
12849
12840
12837
12908
12781
12962
12912
12921
12908
12779
12879
12831
12895
12805
12879
12873
12750
12874
12923
12736
12828
12927
12952
12849
12896
12861
12919
12900
12917
12893
13018
12876
12822
13018
13024
12941
12930
12971
12931
12902
13063
13065
12932
12866
13007
12920
12871
12832
12832
12844
12871
12895
12876
12996
12883
12822
12949
12875
12920
12848
12929
12857
12804
12806
12722
12908
12956
12833
12856
12891
12901
12819
12955
12900
12861
12801
12817
12778
12835
12901
12965
12853
12875
12806
12870
12725
12811
12852
12822
12865
12770
12863
12844
12844
12844
12869
12913
12823
12814
12974
12878
12905
12726
12929
12889
12914
12874
12885
12901
12940
12879
12974
12875
12996
12911
12825
12896
12966
12787
12854
12897
12829
12778
12952
12795
12929
12821
13088
12970
12875
12927
12846
12791
12871
12898
12841
12926
12786
12911
12946
12918
12866
12889
12925
12854
12982
12889
12815
12937
12904
12915
12793
12760
12977
12899
12890
12718
12878
12896
12952
12931
13012
12888
12897
12868
12888
12788
13016
13034
12984
12874
12860
12993
12813
12843
12916
12887
12878
12869
13003
12834
12959
12828
12910
12808
12925
12967
12911
12850
13020
12902
12975
12831
12947
12673
12936
12952
12990
12847
12861
12979
12848
12949
12868
12870
12867
12881
12752
12741
12878
12878
12977
12873
12786
12820
12930
12931
12840
12871
12919
12869
12885
12865
12816
12905
12886
12844
12741
12947
12873
12890
12976
12918
12919
12922
12806
12956
12910
12951
12859
12861
12834
12963
12865
12802
12947
12927
12957
12841
12968
12950
12873
12893
12864
12891
12842
12912
12844
12776
13020
12894
12894
12971
13138
12926
12842
12800
12878
12869
13005
12951
12821
12914
12891
12836
12919
12882
12756
12866
12757
12917
12855
12922
12840
12879
12890
12877
12900
12923
12868
12820
12865
12803
12832
12992
12814
12917
12837
12880
12821
12890
12930
12814
12881
12976
12930
12799
12877
12821
12962
12913
12749
13001
12922
12807
12969
12877
12957
12743
12901
12784
12914
12879
12950
12880
12806
12911
12965
12884
12933
12893
12846
12844
12859
12906
12874
12879
12841
12952
12898
12993
12854
12887
12905
12922
12980
12820
12756
12926
12856

12809
12884
12968
12938
12925
12719
12816
12990
12861
12918
12886
12882

12957
13028
12918
12887
12855
12880
12947
12782
12967
12902
12821
12887
12975
12963
12908
12933
12992
12992
12869
12871
12862
12908
12831
12793
12962
12841
12875
12797
12743
12908
12922
12936
12879
12877
13042
12919
12894
12878
12952
12906
13117
12956
12855
12866
12882
12848
12996
12857
12865
12818
12849
12907
12868
12995
12939
12873
12935
12922
12966
12846
12795
12889
12860
13117
12970
12929
12781
12983
12886
12903
12869
12983
12894
12853
12832
12911
12963
12999
12972
12960
12908
12781
12965
13027
13027
12938
13005
12816
12912
12873
12815
12937
12836
12956
12869
12883
13049
12887
13016
12827
12887
12770
12781
12910
12798
12839
12870
12871
12992
12919
12901
12900
12936
12843
12948
12990
12890
12908
12822
12925
12928
12994
12847
12960
12868
12852
12849
12984
12822
12912
12908
12961
12935
12891
12940
12865
12826
12873
12943
12959
12945
12871
12989
12897
12880
13025
12880
12976
12805
12827
12907
12993
13023
12979
12950
12905
13001
12938
12974
12862
12922
12873
12913
12880
13009
13027
12895
12857
12919
12953
13017
12909
12922
12839
12892
12925
12809
12947
12882
12872
13041
12939
12879
12938
12913
12870
12889
12795
13057
12932
12901
12953
12883
12964
12855
12837
12942
12906
12938
12902
12892
12756
12962
12822
12890
12965
12856
12923
12932
12865
12908
12917
12930
12766
12831
12887
12954
12956
12961
12798
12767
12869
12884
12952
12874
12876
12852
12848
12973
12895
12888
12900
12822
12858
12960
12903
12932
12975
12888
12845
12965
12850
12755
12910
12928
12888
12802
12847
12926
12882
12931
12873
12966
12917
12944
12957
12938
12994
12781
12888
12973
12937
12978
12853
13008
12965
12892
12940
12988
12924
13015
12907
12815
12956
13019
12861
12840
12910
12934
12709
12911
12836
12865
13001
12850
12855
12855
12804
12800
12919
12884
12796
12978
12799
12831
13081
12872
13000
12916
12864
12853
12903
12859
12871
12793
12870
12819
12860
12915
12839
12961
12946
12975
12948
12878
12822
13008
12946
12889
12874
12924
12927
12845
12921
12924
12963
12886
12816
12942
12921
12924
12784
12966
12995
12934
12926
12877
13010
12762
12866
12855
12925
12904
12932
12960
12933
12882
12845
12928
12893
12979
12750
12945
12933
12975
12906
12955
12817
12913
12970
12926
12917
12828
12943
12877
12968
12947
12924
12912
12928
12883
12820
12791
12829
12866
12895
13054
12795
12932
12901
12828
12986
12991
12826
13023
12741
12894
12917
12888
12853
13030
12929
12927
12885
12860
12822
12984
12869
12873
12889
12953
12859
12992
12859
13073
12784
12852
12809
12784
12895
12995
12928
13055
12923
13057
12919
12912
12941
12948
12801
12894
12902
12983
12918
12796
12896
12864
13013
13004
12811
12920
12909
12956
12894
12898
12966
12921
12910
12817
12871
12839
12966
12913
12855
12893
12937
12876
12884
12873
12862
12883
12800
12856
12990
12942
12913
12989
12951
12918
12868
12874
12803
12930
12872
13008
12894
12990
12727
12800
12887
12907
12824
12894
12822
12932
12872
12874
12932
12896
13055
12877
12900
12865
12975
12927
12882
12864
12776
12836
12818
12805
12768
12852
12949
12876
12933
13014
12785
12843
12853
12857
12855
12843
12788
12762
12759
12859
12912
12983
12891
12815
12976
12852
12844
12870
12833
12948
12904
12871
12919
12910
12941
12953
12795
12833
12992
12987
12839
12872
12906
12943
12787
12863
12813
12923
12965
12951
12810
12923
12853
12808
12847
12908
12885
12914
12821
12878
12908
12964
12810
12790
12839
12821
12920
12918
12963
12963
12857
12897
12886
12852
13065
12966
12979
12890
12843
12890
12755
12834
12837
12816
12831
12818
12822
12897
12869
12824
12972
12837
12953
12943
12875
12941
12915
12868
12852
12912
12794
12750
12945
12832
12847
12918
12913
12813
12911
12900
12890
12826
12884
12767
12918
12774
12958
12899
12864
12850
12884
12871
12888
12930
12845
13008
12801
12811
12823
12932
12920
12795
12925
12794
12898
12865
12950
12914
12822
12803
12908
12842
12952
12900
12884
12871
12915
12862
12794
12893
12821
12842
12925
12950
12839
13001
12789
12804
12836
12849
12795
12915
12795
12863
12856
12785
12907
12788
12876
12792
12821
12770
12871
12863
12870
12730
12850
12866
12898
12895
12905
12736
12921
12853
12854
12872
12863
12796
12898
12886
13107
12791
12864
13034
13012
12925
12933
12853
12922
12867
13117
12882
12978
12846
12963
12854
12883
12877
12843
12862
12954
12920
12895
12829
12869
12809
12860
12773
12867
12941
12896
12809
12831
12873
12912
12965
12806
12905
12801
12868
12879
12944
12841
12952
12908
12967
12908
12923
12877
12935
12787
12848
12825
12917
12872
12869
13011
12838
12976
13042
12912
12840
12898
12955
12939
12934
12970
12781
12845
12769
12814
12918
12868
12939
12920
12878
12983
12873
12936
12869
12867
12894
12982
13063
12846
12848
12900
13041
12874
12942
12949
12845
12870
12913
12902
12898
12954
12944
12942
12905
12927
12927
12860
12890
12984
12955
12841
12835
12985
12901
13022
12898
12865
12835
12883
12990
12898
12850
12903
12860
12836
12893
12903
12900
12952
12895
12926
12890
12846
12816
12917
12826
12788
12898
12877
12867
12879
12871
12902
12941
12928
12959
12905
12995
12984
12796
12759
12931
12813
12871
12858
13003
12873
12821
12910
12873
12921
12848
12833
12845
12883
12833
12893
12874
12979
12812
12708
12986
12908
12790
12905
13013
13034
12955
12826
12985
12980
12887
13054
12906
12898
13023
12866
12912
12932
13084
12903
13002
12916
12998
12850
12892
12921
12842
12970
12822
12798
12846
12823
12997
12781
12907
12944
12876
12798
12915
12983
12814
12845
12810
12899
12848
12949
12872
12851
12858
12971
12851
12822
12785
12824
12932
12738
12790
12831
12768
12910
12906
12857
12746
12797
12884
12901
12878
12892
12889
13024
12864
12812
12847
12897
12923
12825
12979
12902
12933
12844
12989
12797
12866
12940
12875
12913
12874
12905
12853
12798
12823
12921
13046
12851
12860
12996
12756
12840
12807
12947
12892
12908
12931
12990
12854
12868
12859
12946
12887
12888
12954
13037
13033
12968
12984
12994
12931
12864
12991
12894
12873
12899
12903
12853
12921
12768
12816
12881
12937
12814
13000
12894
12842
12882
12903
12891
12862
12928
12954
12851
12928
12947
12963
12824
12851
12973
12898
12949
12941
12934
12868
12933
12942
12906
12954
12935
12844
12834
12770
12828
12875
12841
12806
12964
12916
12957
12983
12830
13091
12724
12794
12952
12819
12934
12878
12892
12954
12882
12895
13020
12967
12881
12894
13000
12989
12978
12875
12788
12851
12846
13018
12871
12861
12942
12845
12893
12949
12855
12949
12861
12825
12838
12914
12779
12815
12952
12914
12927
12862
12822
12921
12868
12838
13009
12849
12931
12896
12908
12835
12771
12842
12872
12854
12822
12844
12864
12854
12745
12895
12857
12813
12852
12853
12925
12950
12940
12889
12980
12817
12829
12820
12870
12923
12961
12948
12815
12804
12823
12903
12811
12827
12835
12870
12918
12834
12982
12791
12894
12892
12927
12789
12951
12987
12866
12881
12899
12958
12790
12871
12805
12909
12850
12679
13051
12968
12912
12896
12882
12862
12889
12983
12806
12793
12863
13003
12774
12835
12892
13004
12859
12939
12870
12898
12868
12853
12935
12929
12810
12992
12984
12759
12866
12887
12813
12789
12834
12886
12879
12977
12695
12908
12758
12932
12751
12928
12856
12910
12854
12857
12943
12887
13053
12817
12883
12976
12909
12896
12858
12902
12774
12877
12790
12920
12809
12829
12804
12796
12889
12892
12870
12970
12892
12864
12890
12837
12905
12778
12903
12803
12833
12968
12893
12867
12909
12911
12853
12878
12972
12853
12850
12927
12830
12919
12934
12965
12945
12729
12919
12950
12886
12984
12857
12873
12936
12838
12932
12897
12852
12790
12875
12858
12786
12836
12785
12818
12864
12744
12917
12901
12896
12826
12815
12942
12841
12967
12874
12834
12847
12962
12946
12930
12901
12894
12886
12771
12928
12862
13015
12925
12765
12871
12935
12925
12849
12848
12983
12916
12959
12977
12855
12817
12791
12946
12851
12876
12832
12863
12839
12869
12912
12931
13000
12878
12902
12960
12773
12826
12944
12939
12890
12882
12908
12876
12889
12777
12899
12882
12991
12987
12855
13007
12822
12850
12839
12893
12891
12920
12930
12822
12826
12797
12905
12857
12866
12849
12864
12947
12858
12716
13002
13007
12849
12961
12949
12950
12857
12802
12827
12760
12992
13040
13076
12869
12916
12921
12980
12836
12886
12885
12872
12971
12883
13010
12947
12856
12799
12750
12852
12824
12809
12861
12906
12856
12891
12888
12858
13008
12908
12892
12870
12767
12895
12898
12963
12903
12909
12958
12912
12832
12753
12925
12920
12912
12928
12829
13000
12850
12937
12913
12895
12880
12807
12736
12967
12839
12854
12835
12856
12847
12755
12824
12867
12858
12966
12802
12858
12885
12917
12904
12733
12970
12892
12887
12954
12710
12936
12941
13005
12807
12942
12914
12939
13037
13066
12802
12837
12910
12916
12850
12995
12810
12891
12783
12917
12783
12967
12763
12870
13017
12636
12956
12966
12941
12871
12948
12788
12747
12837
12895
12869
12968
12856
12921
12911
12883
12879
12860
12912
12922
12950
12956
12915
12889
12875
12876
12871
12959
13024
12993
12855
12946
13035
12978
12852
12784
13068
12848
12948
12908
12962
12895
12840
12818
12913
12904
12756
12876
12931
12798
12973
12879
12873
12937
12889
12893
12917
12917
12852
12804
12878
12912
12858
12923
12754
12966
12859
12838
12885
12830
12939
12768
12976
12875
13009
12989
12874
12923
12802
12819
12851
12905
12837
12781
12893
12831
12852
12778
12806
12878
12937
12770
13002
12854
12774
12900
12983
12843
12941
13020
12994
12960
12850
12896
12870
12882
12824
12920
12866
12813
12931
12869
12994
12792
12947
12896
12983
12868
12976
12968
12825
12995
12935
12888
12976
13057
12943
12788
12775
12935
12826
13000
12840
12883
12987
12869
12974
12892

12946
12878
12977
12944
12921
12981
12994
12939
12893
12746
12810
12832
12893
12883
12915
12940
12930
12983
12936
12703
12905
12935
13015
13008
12968
12982
12920
12943
12903
12915
12975
12716
12734
12963
12940
12832
12897
13044
13000
12897
12925
12908
12989
12909
12923
12931
12830
12902
12900
12918
12933
12931
12839
12845
12825
12927
12963
12902
12946
12851
12944
12881
12987
13039
12880
12885
12845
12891
12905
12955
12910
12886
12962
12847
12891
12844
12788
12971
12934
12847
12908
12899
12898
12796
12833
12903
13000
12770
12833
12930
12791
12861
12835

12835
12868
13000
12772
12954
12903
12888
12771
12957
12809
12862
12840
12898
12929
13031
13040
12757
12858
12816
12795
12860
12882
12822
13002
12894
12840
12867
12929
12982
12919
12865
12762
12801
12974
12872
12882
12990
12963
12839
12828
12872
12943
12840
12899
12767
13009
12771
12841
12848
12891
12997
12750
12807
12826
12846
13011
12968
12789
12774
12874
12871
12840
12830
12862
12885
12865
12834
12861
12946
12927
12893
12993
12846
12767
12855
12881
12972
12740
12881
12942
12988
12866
12840
12753
12906
12908
12842
12798
12955
12854
12858
12889
12941
12868
12901
12869
12816
12911
12983
12904
12911
12892
12958
12910
12846
13016
12838
12882
12945
12884
12832
12825
13016
12919
12925
12956
12776
12870
12877
12915
12853
12907
12758
12951
12768
12737
12874
13021
12931
12813
12752
12861
12832
12839
12853
12927
12943
12799
12908
12896
13003
13000
12852
12889
12938
12757
12876
12842
12909
12934
12721
12908
12871
13022
12903
12814
12893
12911
12942
12919
12836
12827
12871
12718
13015
12918
12814
12851
12954
12969
12929
12781
12896
12785
12894
12773
12811
12875
12878
12876
12927
13013
12906
12930
12900
12861
12895
12868
12938
12965
12914
12868
12883
12885
12861
12791
12993
12789
12975
12992
12925
12820
12799
12842
12938
12822
12930
12879
12906
12781
12843
12869
12822
12888
12788
12905
12827
12887
12831
12849
12975
12828
12950
13025
12916
12995
12912
12978
13008
12906
12798
12897
12946
13031
12892
12876
12947
12901
12882
12916
13027
12883
12867
12958
12945
12981
12828
12965
12941
12974
12771
12902
12909
12919
12939
12919
12960
12954
12829
12927
12808
12901
12933
12863
13023
12843
12882
12959
12965
12924
12911
12835
12923
12918
12876
12846
12793
13051
12903
12883
12871
12961
12870
12848
13035
12873
12851
12928
12954
12958
12840
12947
12930
12872
12854
12838
12905
12920
12982
12921
12878
12929
12890
12979
13018
12858
12904
12892
12908
12974
12915
12925
13078
12916
12866
13005
12972
12809
12788
12951
12938
12852
12891
12834
12965
12880
12867
12840
12870
13068
12832
12911
12781
12988
12951
12855
12761
12826
12827
13029
12844
12945
12768
12899
12951
12916
12857
12809
12842
12859
12859
12818
12987
12917
12815
12900
12902
12761
12727
12894
12821
12957
12873
12822
12771
12928
12859
12939
13001
12936
12943
12862
13041
13093
12958
12977
12959
12994
12827
12925
13096
13043
13071
12961
12808
13019
12931
13001
12875
12962
12903
12961
12903
12882
12980
12822
12929
12890
12978
12992
12946
12892
12863
12821
12910
12770
12819
12817
12816
12833
12838
12854
12991
12896
12851
12929
12855
12859
12824
12868
12860
12903
12870
12930

12935
12795
12892
12974
12902
12891
12909
12875
12906
12910
12791
12805
12853
12893
12845
12891
12861
12895
12805
12809
12847
12809
12885
13008
12876
12940
13037
12897
12981
12844
12871
12901
12976
12798
12993
12938
12933
12779
12893
12879
12877
12955
12874
12977
12923
12925
12798
12932
12886
12839
12891
12950
12849
12876
12814
12864
12955
12904
12862
12989
12931
12968
12805
12984
13045
12944
12883
12890
12861
12922
12932
12928
12807
12914
12816
12912
12957
12871
12875
12884
12978
12996
12944
12887
13035
12958
13005
12843
13017
12917
12942
12902
12987
12908
12987
12904
12940
12962
12845
12816
12992
12826
12916
12821
12903
12862
12876
12929
12894
13057
12910
12934
12880
12945
12959
13021
12867
12940
12921
13006
12927
12847
12934
12736
12870
12995
12940
12972
12793
12898
12850
12983
12798
12910
12840
12908
12962
12923
12773
13004
12884
12927
12776
12815
12786
12821
12802
12907
12779
12832
12852
12814
12875
12991
12891
13022
12957
12736
12768
12858
12879
12882
12778
12970
12943
12803
12962
12948
12917
12860
12825
12923
12737
12869
12930
12879
12832
12920
12950
12958
12916
12751
12946
12875
12927
12901
12860
12822
12942
12877
12822
12889
12717
12896
13001
12971
12887
12984
12768
12884
12939
12838
12816
12738
12911
12858
12816
12859
12806
12869
12839
12927
12877
12904
12970
12882
12860
12803
12810
12937
12834
12887
12814
12822
12947
12875
12875
12820
12907
12888
12835
12885
12934
12853
12903
12851
12770
12879
12828
12875
12838
12821
12915
12841
12890
13007
12959
13005
12899
12934
12840
12883
12881
12810
12818
12901
12850
12840
12717
12817
12957
12836
13039
12851
12869
12907
12858
12899
12746
12827
12833
12963
12841
12819
12871
12835
12820
12924
12752
12874
12861
12867
12825
12888
12944
12927
12837
12834
13024
12928
12856
12865
12780
12983
12896
12917
12836
12907
12881
12785
12951
12813
12804
12913
12830
12931
12840
12769
12809
12943
12904
12892
12885
12900
12822
12817
12721
12853
12987
12879
12774
12912
12928
12844
12837
12879
12889
12861
12938
12698
12794
12929
13057
12916
12860
12822
12846
12870
12904
12807
12806
12757
12908
12861
12824
12919
12935
12852
12793
12875
12869
12799
12753
12865
12890
12881
12871
12741
12849
13018
12971
12924
12930
12925
12844
12817
12845
12987
12898
12954
12787
12942
12903
12892
12958
12931
12887
12980
12875
12782
12919
12897
12862
13022
12908
12856
12902
12913
12678
12814
12871
12890
12838
12819
12872
12800
12962
12923
12879
12818
12937
12923
12840
12794
12835
12847
12841
12958
12961
12783
12870
12856
12804
12861
12807
12773
12911
12899
12927
12847
12839
12902
12801
12916
12841
12822
12781
12907
12919
13000
12943
12729
12857
12887
12929
12855
13002
12881
12877
12823
12839
12907
12902
12998
12952
12944
12810
13000
12811
12937
12801
12942
12875
12833
12926
12870
12860
12896
12995
12917
12932
12945
12942
12867
12902
12935
12841
12847
13018
13040
12920
12854
12799
12857
12921
12824
12860
12886
12736
12796
12787
12854
12868
12837
12834
12843
12782
12901
12859
12816
12864
12768
12920
12943
12937
12851
12719
12955
12771
12923
12862
12908
12783
12963
12896
12798
12750
12804
12925
12940
12946
12862
12841
12810
12887
12835
12855
12976
12928
12748
12968
12922
12964
12844
12826
12894
12754
12942
12865
12833
12858
12888
12919
12843
12892
12874
12957
12862
12958
12897
12931
12884
12978
12988
12853
12950
12944
12998
12873
13017
12915
12868
12873
12806
12956
12959
13031
12918
12917
12922
12829
12747
12864
12909
12884
12847
13019
12855
12959
12865
12894
12745
12806
12807
12849
12867
12905
12867
12911
12772
12811
12817
12898
12719
12849
12873
12872
12825
12867
12896
12952
12959
12899
12850
12912
12915
12781
12916
12986
12876
13007
12960
12870
12815
12828
12899
12783
12761
12892
12965
12918
13009
12891
12791
12862
12909
12853
12966
13027
12871
12869
12849
12785
12929
12940
12834
12762
12819
12911
12828
12900
12881
12813
12877
12925
12797
12975
12794
12957
12964
12888
12822
12927
12900
12919
12827
12915
12872
12883
12907
12950
12912
12757
12928
12848
12918
12899
12903
12773
12817
12913
12844
12818
12906
12987
12812
12835
12915
12957
12889
12964
12974
12903
12909
12882
12960
12832
12822
12878
12936
12966
12849
12924
12869
12886
13007
12876
12806
12857
12833
12820
12938
12815
12957
12858
12912
12810
12913
12871
12874
12985
12726
12924
12964
12970
12895
12969
12844
12814
12854
12908
12767
12958
12956
12815
12944
12969
12814
12880
12926
12794
12818
12922
12958
12818
12900
12840
12894
12834
12920
12909
12745
12800
12871
13022
12834
12775
12985
12916
12906
12905
12851
12874
12879
12924
13055
12844
12995
12808
12752
12857
12936
12827
12875
12880
12818
12822
12845
12824
12875
12774
12768
12892
12993
12762
12800
12894
12930
12888
12868
12878
12938
12870
12810
12893
12786
12972
12860
12879
12852
12853
12800
12952
12853
12883
12876
12741
12785
12897
12953
12960
12773
12910
12870
12947
12895
12960
12872
12875
12874
12930
12758
12969
12899
12945
12960
13045
12842
12855
12959
12872
12800
12838
12857
12951
12863
12781
12922
12799
12947
12790
12927
12787
12842
12945
12769
13106
12934

12886
12973
12746
12866
12938
12844
12855
12743
12830
12927
12825
12987
12815
12802
12867
12926
12736
12903
12864
12920
12831
12865
13025
12803
12812
12969
12890
12880
12880
12806
12868
12853
12755
12882
12785
12929
12920
12887
12870
12797
12768
12859
12948
12903
12851
12888
12822
12916
12911
12845
12813
12978
12854
12904
12896
12881
12956
12966
12893
12950
12900
12857
12938
12859
12925
12827
12789
12938
12869
12946
12932
12874
12851
13038
12859
12776
13002
12796
12959
12838
12867
12845
12877
12988
12869
12853
12918
12805
12978
12809
12866
12892
12880
12912
12977
13037
12894
12747
12911
12899
12850
12955
12827
12984
13054
12872
12905
13045
12839
12932
12880
12952
12785
13055
13121
12864
12957
13031
12925
12926
12893
13026
12986
12913
12788
12868
12997
12846
12923
12962
12844
13018
12876
12984
13018
12753
12914
12965
12839
12921
12882
12840
12968
12934
12958
12876
12919
12738
12956
12916
12916
12877
13009
13067
12786
12883
12848
12992
12790
12918
12804
12825
12867
12878
12866
12928
13100
12837
12952
12981
12944
12832
12783
12859
13057
12900
12817
13028
12953
12876
12916
12905
12900
12926
12893
12873
12965
12930
12925
12822
12876
12822
12864
12949
12976
12940
12909
12810
12905
12941
12893
12844
12778
12893
12796
12980
13001
12916
12956
13024
12975
12906
13011
12910
12842
12970
12903
12935
13013
12847
12868
12786
12935
12776
12924
12871
12919
12999
12769
12908
12982
12785
12871
12980
12904
12699
12926
12862
12785
12991
12943
12823
12913
12915
12879
12968
12921
12840
12997
12901
12804
12856
12777
12862
12792
12921
12821
12996
12982
12824
12935
12939
12883
12904
12838
12893
12950
12881
12961
12889
12889
12947
12928
12953
12898
13046
12920
12871
13013
13036
12893
12939
12955
12979
12919
12948
12903
12955
13042
13013
12957
12925
12967
12969
12935
13028
12992
12927
12891
12920
12885
12929
12990
12980
12920
12841
12915
13033
12846
12957
12876
12839
12935
13013
12853
12905
12874
12783
13054
12899
12842
13014
12914
12906
12822
13019
12925
12875
12926
12970
12996
12946
12959
12864
13017
12847
12896
12916
12867
12832
12869
13017
13071
12907
12783
12900
12945
12851
12707
12862
12923
13000
12896
12863
12893
12930
12774
12892
12902
12850
12843
12958
12865
13052
12922
12879
13037
12884
12874
13018
12888
12948
12992
12989
12990
13020
12845
12880
12949
12879
12795
12928
12910
12866
12988
12950
12903
12978
13067
12930
12910
12866
13027
12910
12797
12852
12892
12945
12857
12854
12764
12954
12892
12924
12896
12873
12862
13033
12898
12821
12830
12903
12898
12892
12891
12896
12913
12954
12909
12869
12810
12875
12900
12887
12888
12733
12888
12796
12847
12967
12859
12946
12925
12968
12896
13005
13047
12976
13038
12952
12926
12882
12925
12805
12877
12984
12881
12866
13029
12858
12921
12781
12898
12874
12913
12984
12977
12964
12871
12905
12865
12835
12889
12841
12995
12950
12945
12974
13001
12759
12942
12819
13005
12955
12752
13051
12934
12995
12738
12871
12891
12869
12897
12927
12948
12945
12970
12872
12880
12800
12907
12831
12906
13000
12855
12773
12860
12802
12888
12891
12886
12840
12918
12935
12772
12839
12958
12971
12852
12838
12793
12866
12853
12947
12930
12898
12866
13055
12854
12974
12927
12982
12974
12898
12929
12841
12954
12940
12936
12856
12950
12879
12865
12870
12994
12947
12853
12958
12925
12914
12912
12805
12779
12899
12830
12832
12890
12952
12856
12974
12855
12929
12921
13017
12973
12812
12825
12656
12835
12967
12922
12834
12669
12844
12818
12796
13001
12925
12864
12834
12935
13032
12889
12864
12817
12982
12914
12833
12993
12822
12833
12876
12887
12745
12914
12770
12804
12917
12934
13069
12740
12859
12856
12914
12810
12835
12859
12872
12917
12967
12828
12730
12855
12839
12830
12785
12960
12925
12874
12843
12777
12831
12898
12905
12777
13004
12892
12945
12937
12717
12815
12784
12864
12845
13001
12880
12861
12836
12897
12781
12893
12822
12834
12902
12844
12997
12931
12839
12857
12881
12894
12791
12857
12931
12895
12892
12872
12889
12828
12937
12851
12916
12959
12883
12771

12833
12876
12822
12896
12963
12881
12903
12774
12835
12953
12848
12867
12957
12775
12861
12849
12982
12889
12912
12794
12903
12934
12870
12919
12750
12840
12882
12831
12927
12907
12895
12805
13003
12828
12885
12893
12887
12867
12920
12833
13009
12913
12937
13033
12890
12900
12724
12918
12924
12947
12931
13038
12851
12894
12872
12910
12949
12975
12827
12897
13000
12832
12902
12963
12942
12905
12832
12843
12939
12854
12925
12876
12927
12825
12914
12899
12817
12864
12887
12867
12889
12991
12967
12842
12811
12876
12758
12854
12922
12975
12843
12853
12914
13048
12801
12897
12949
12988
12878
12923
12781
12893
12811
12915
12888
12920
12832
12896
12961
12876
12875
12949
12827
12836
12804
12935
12847
12921
12827
12881
12876
12867
12933
12829
12999
12915
12846
12871
12776
12876
12799
12860
12898
12820
12810
12869
12803
12909
12934
12993
12877
12858
12881
12850
12889
12694
12781
12866
12814
12770
12900
12829
12862
12758
12883
12859
12855
12945
12953
12888
12912
12848
12840
12904
12822
12886
12829
12791
12810
12967
12923
12878
12955
12891
12822
12740
12900
12929
12945
12787
12816

12890
12945
12865
12895
12920
12755
12940
12934
13024
12843
12794
12963
12892
12903
12983
12891
12952
12864
12938
13038
12973
12895
12954
12963
12851
12859
12989
12888
13071
13032
12908
12914
12909
12842
12797
13093
12886
12854
12899
12818
12877
13045
12964
12878
13043
12755
12924
12837
12944
12862
12816
12697
12843
12946
12877
12842
12848
12843
12799
12879
12818
12888
12735
12897
12966
12757
12877
12878
12779
12882
12948
12843
12787
12883
12982
12845
12877
12757
12845
12834
12885
12753
12842
12880
12830
12822
12841
12917
12954
12928
12817
12916
12853
12773
12794
12784
12825
12853
12787
12839
12848
12821
12941
12794
12784
12931
12715
12857
12782
12905
12836
12897
12983
12936
12897
12855
12757
12884
12846
12901
12841
12824
12891
12858
12908
12872
12773
12792
12722
12843
12932
12844
12837
12968

12893
12941
12914
12827
12910
12817
12881
12823

12825
12850
12842
12857
12868
12846
12879
12803
12851
12900
12846
12842
12812
12893
12945
12885
12956
12839
12933
12917
13001
12841
12898
12860
12859
13014
12893
12952
12805
12810
12880
12913
12916
12936
12945
12903
12879
12889
12901
12834
12844
12854
12753
12874
12949
12798
12780
12975
12897
12815
12816
12901
12849
12888
12939
12833
12902
12831
12768
12806
12814
12894
12928
12840
12918
12822
12751
12841
12882
12827
12766
12778
12852
12987
12891
12844
12941
12904
12861
12923
12887
12828
12970
12850
12874
12973
12882
12790
12880
12909
12880
12919
12945
12876
12882
12881
12825
12878
12959
12853
12883
12883
12816
12841
12847
12833
12840
12759
12999
12982
12834
12794
12739
12943
13011
12752
12821
12869
12859
12834
12905
12756
12800
12833
12916
12895
12911
12969
12867
12886
12848
12955
12896
12759
12888
12887
12739
12875
12894
13042
12844
12810
12823
12760
13022
12813
12863
12785
12798
12802
13008
12858
12875
12949
12868
12930
12851
12873
12855
12748
12782
12809
12907
12919
12882
12822
12842
12850
12816
12764
12896
12873
12966
12809
12886
12933
12980
12828
12928
12814
12808
12809
12836
12812
12980
12830
12964
12881
12807
12827
12860
13045
12851
12949
12953
12919
12810
12949
12862
12794
12807
12908
12959
12800
12877
12850
12870
12939
12896
12910
12886
12848
13001
12979
12694
12843
12916
12814
12874
12865
12814
12881
12888
12782
12743
12812
12947
12863
12912
13014
12956
12895
12987
12855
12956
12903
12883
12844
12917
12967
12922
12968
12806
12846
12806
12888
12913
12891
12890
12727
12889
12928
12933
12931
12796
13023
12855
12839
12902
12960
12910
13032
12873
12904
12897
12917
12927
12893
12881
12849
12874
12903
12854
12761
12955
12984
12913
12841
12777
13081
12833
12962
12947
12889
12894
12800
13004
12880
12979
12822
12882
12772
12855
12893
12928
12961
12822
12902
12980
12924
12958
12894
12825
12768
12932
12871
12873
13080
12828
12802
12968
12882
12927
12866
12992
13020
12950
13006
12894
12999
13107
12955
12848
12808
12887
12951
13015
12828
12892
12876
12922
12936
12967
12974
12986
12954
12865
12878
12827
13029
12816
12955
13018
12949
12848
12907
12983
12849
12955
12920
12945

12872
12878
12850
12912
13074
12809
12931
12967
12869
12997
13042
12823
12815
12825
12904
12894
12925
12918
12726
12814
12931
12947
12852
12847
12938
12860
12915
12965
12871
12856
12968
12916
12927
12885
12921
12920
12881
12822
12856
12973
13016
12840
12956
12852
12909
12955
12985
12721
13010
12850
12903
12984
12792
12834
12876
12870
12944
12946
12965
12812
12906
12904
12916
12940
12815
12881
12968
12884
12956
13036
12856
12985
12967
12963
12851
12871
13026
12892
12921
12961
12939
13027
12963
13025
12972
13059
13048
13009
12976
12920
13123
12991
13008
13036
12978
12852
12858
12910
12906
12854
12996
12922
12870
12851
12851
12868
12845
13031
12926
12972
12836
12804
13014
12831
12902
12835
12978
13012
12977
12870
13036
12943
12886
12813
12790
12879
12952
13058
12958
12999
12955
12956
12933
12950
12854
12853
12908
12810
12973
12751
12966
12886
12955
12869
12938
12857
12854
12904
12950
12951
12796
12717
12886
12896
12883
12959
12966
12855
13044
12895
12927
12995
12927
12913
12867
12981
12939
12875
12724
12834
12844
12980
12908
12988
12878
12938
12926
12919
12743
12920
12974
12849
12910
12821
12981
12982
13000
12712
12981
12892
12809
12830
12936
12931
12905
12946
12983
12865
12952
12907
12990
12819
12875
12980
12947
12928
12925
12938
12844
12912
12930
13003
12845
12955
12811
12904
12898
12921
12863
13036
12845
12942
12853
12774
12919
12930
12928
12921
12918
12945
13028
12871
12932
12964
12916
12689
13017
12809
12789
12921
12841
12925
12917
12765
12993
12971
12883
12977
12828
12749
12839
12878
12866
12878
13007
12885
12895
12834
12841
12774
12810
12900
12921
12865
12908
13002
12971
13021
12843
12952
12954
12906
13007
12838
12896
12783
12853
12961
12849
12936
12902
12919
12945
12899
12968
12867
12996
12858
12908
12857
12961
12907
12968
12775
12894
12986
12849
12923
12948
12883
12986
12768
12933
12924
12861
12878
12791
12854
12727
12898
12878
12918
12861
12912
12892
12851
12815
12907
12865
12879
12824
12990
12907
12863
12945
12932
12839
12845
12867
12948
12811
12923
12873
12934
12846
12907
12854
12800
12842
12826
12862
12787
12871
12844
12908
12986
12782

12894
12873
12932
12805
12993
12899
12862
12899
12832
12906
12822
12926
12807
12826
12946
12831
12965
12942
12870
12845
13066
12908
12816
12940
12987
12982
12766
12966
12970
12975
12803
12989
12853
12889
12868
12892
13003
12840
12885
12984
12885
12925
12834
12855
12870
12769
12836
12931
12857
12908
12850
12862
12791
12763
12876
12751
12903
12900
12805
12940
12761
12875
12829
12961
12924
13014
12903
12895
12939
12862
12944
12901
12790
12920
12873
13030
12959
12814
12968
12854
12876
12910
12801
12918
12828
12994
12784
12873
12830
12987
13068
12842
12820
12881
12820
12830
12899
12788
12815
12893
12958
12908
12800
12797
12889
12867
12701
12878
12933
12765
12862
12856
12889
12863
12867
12804
13013
12817
12999
12867
12848
12893
12829
12930
12891
12789
12882
12822
12959
12899
12933
12863
12694
12862
12841
12828
12977
13024
12910
12839
12959
12938
12905
12790
12804
12869
12881
12792
12881
12927
12926
12813
12786
12878
12789
12891
12846
12884
12865
12914
12945
12849
12828
13000
12788
12866
12815
12842
12863
12868
12928
12809
12849
12857
12889
12712
12882
13050
12852
12863
12893
12961
12873
12760
12709
12921
12872
12727
12888
12862
12889
12846
12909
12861
12912
12877
12867
12946
12784
12913
12841
12840
12770
12802
12936
12921
12694
12726
12745
12844
12920
12865
12829
12996
12844
12806
12806
12855
12872
12868
12818
12850
12908
12770
12976
12966
12858
12899
12873
12880
12831
12936
12760
12721
12867
12914
12812
12821
12840
12747
12896
12918
12828
12805
12921
12883
12846
12778
12909
12875
12838
13063
12881
12838
12820
12899
12871
12888
12838
12966
12859
12908
12915
12801
12894
12779
13095
12942
12905
12931
12878
12854
12856
12905
12819
12975
12849
12996
12971
12924
12855
13032
12826
12885
12882
13020
12794
12874
12931
12796
12882
12896
12875
12918
12899
12918
12839
12756
12936
12984
12811
12839
12797
12999
12816
12773
12798
12866
12843
12891
12764
12822
12884
12895
12810
12966
12853
12833
12999
12792
12768
12813
12871
12838
12933
12904
12968
12809
12884
12747
12756
12870
12838
12864
12812
12894
12834
12852
12773
12894
12879
12822
12899
12859
12864
12864
12858
12904
12753
12860
12742
12919
12765
12848
12772
12865
12906
12892
12832
12871
12736
12776
12767
12851
12854
12892
12838
12886
12751
12844
12875
12891
12953
12821
12893
12863
12985
12730
12854
12874
12893
12816
12860
12775
12830
12890
12973
12869
12909
12927
12845
13025
12899
12773
12815
12866
12846
12917
12841
12853
12801
12704
12792
12902
12880
12799
12723
12837
12885
12865
12725
12903
12864
12895
12808
12746
12909
12789
12847
12814
12740
12795
12729
12772
12798
12844
12964
12883
12890
12797
12760
12951
12848
12844
12875
12899
12868
12809
12845
12904
12999
12908
12835
12865
12753
12852
12844
12940
12912
12871
12787
12897
13004
12989
12822
12922
12849
12798
12892
12976
12862
12846
12910
12939
12826
12866
12863
12881
12810
12935
12737
12910
12992
12993
12818
12885
12885
12819
12891
12890
12832
12947
12873
12838
12879
12933
12845
12948
12834
12876
12960
12860
12784
12843
12904
12973
12815
12782
12849
12899
12785
12940
12929
12975
12856
12853
12909
12861
12804
12745
12748
12860
12943
12835
12776
12777
12868
12852
12834
12759
12858
12899
12808
12886
12904
12815
12858
12963
12889
12897
12858
12907
12778
12948
12912
12841
12850
12823
12754
12935
12820
12716
12874
12854
12866
12923
12861
13000
13049
12900
13024
12964
12837
12756
12771
12933
12983
12889
12948
12833
13059
12885
12867
12848
12796
12813
12942
12867
12816
12879
12931
13024
12968
12815
12920
12765
12967
12890
12987
12837
12838
12851
12882
12975
12779
12891
13010
12920
12866
13040
12996
12777
12972
12869
12852
12738
12917
12917
12922
13079
12953
12966
12992
12913
12882
12951
12975
12846
13002
13001
12999
12786
12867
12977
12946
12759
12838
12845
12827
12930
12910
12922
12801
13045
12805
13014
12835
12860
12865
12764
12887
12913
12861
12922
12994
12937
12937
12939
12928
12897
12919
12818
12786
12868
12891
12938
12970
12899
13013
12926
12891
12756
12854
12909
12865
12954
12847
12960
12815
12928
12976
12787
12892
12894
12931
12748
12926
12981
12841
12858
12927
12888
12925
13034
12839
12903
12949
12826
12967
12838
12876
12891
12925
12832
12951
12976
12865
12878
12873
12822
12967
12939
12905
13025
12890
12917
12897
12888
12865
13031
12815
12887
13007
12867
12872
12829
12906
12823
12907
12890
12925
12807
12912
12906
12888
12863
12806
12899
12957
12834
12920
12969
12903
12876
12860
12803
12877
12888
12853
12885
12799
12895
12903
13033
12881
12946
12849
12878
12872
12870
12901
12941
12936
12919
12860
12873
12791
12839
12859
12842
12925
12995
12845
12869
12853
12970
12950
12983
12737
12960
12988
12977
12899
12960
12911
12953
12936
13008
12821
12927
12909
12914
12962
12916
12865
12918
12909
12941
12952
12850
12944
12839
13033
13013
13086
12899
12957
13107
12996
12938
12891
12883
13035
13034
12944
12963
12922
12878
12916
12914
12945
13125
12863
12881
12915
12888
12906
12884
13031
12838
12837
12834
13013
12861
12887
12855
12957
12830
12886
12840
12948
12952
12961
12870
12916
12980
13058
12962
12934
12889
12947
12928
12809
12898
12862
12964
12825
12891
12884
12941
12901
12981
12955
12851
12993
12840
12826
12731
12793
12805
13002
12965
12954
13001
12917
12966
12898
12802
12838
12875
12774
12926
12971
12801
12891
12822
12900
12996
12820
12900
12854
12944
12783
12943
12920
13057
12883
12920
13005
12879
12809
12937
12881
12840
12833
12932
12930
12820
12914
12823
12842
12827
12900
12905
12983
12906
13043
12765
12882
12956
12855
12967
12843
13004
12798
12827
12851
12839
12865
12908
12901
12876
12871
12889
12975
12803
12908
12876
12956
12921
12994
12840
12768
12983
12941
12851
12773
12789
12929
12893
12918
12900
12945
12872
12956
12964
12912
12906
12829
12996
12866
12792
12880
12933
12908
12873
12953
12967
12953
12774
12811
12893
12928
13016
12827
12904
12827
12882
13005
12950
13022
13008
12924
12801
12905
12897
12850
12904
12913
12938
12908
12957
12880
12905
12852
12939
12983
12867
12917
12708
13006
12836
12962
12904
12883
12811
12892
12820
12945
12796
12901
12871
12956
12844
12810
12805
12891
12827
12814
12748
12815
12950
12918
12824
12994
13008
12889
12874
12931
12912
12853
12952
12864
12731
12908
12957
12827
12788
12819
12874
12776
12887
12901
12978
12895
12941
12871
12963
12852
12846
12927
12836
12955
12927
12765
12874
12876
12874
12744
12818
12691
12800
12828
12948
12826
12856
12951
12886
12816
12773
12905
12927
12752
12875
12828
12789
12929
12862
12914
12844
12836
12831
12833
12815
12822
12927
12814
12885
12809
12823
12856
12864
12827
12860
12820
12822
12871
12791
12874
12918
12884
12949
12931
12902
12817
12888
12822
12804
12943
12796
12910
12788
12954
12910
12928
12878
12787
12810
12907
12734
12908
12941
12822
12799
12938
12780
12865
12835
12838
12811
12937
12790
12708
12731
12891
12711
12826
12914
12880
12892
12753
12721
12754
12822
12851
12859
12828
12928
12820
12835
12967
12925
12865
12823
12861
12811
12799
12830
12748
12884
12871
12916
12889
12708
12824
12790
12840
12847
12889
12839
12839
12785
12907
12909
12762
12865
12847
12843
12965
12775
12787
12789
12763
12704
12827
12960
12847
12778
12891
12794
12805
12861
12801
12877
12859
12845
12791
12700
12767
12868
12734
12811
12832
12748
12934
12748
12824
12801
12722
12829
12780
12892
12800
12746
12867
12827
12870
12877
12725
12880
12808
12855
12749
12821
12941
12783
12779
12784
12783
12768
12931
12848
12830
12893
12939
12870
12905
12853
12825
12852
12870
12810
12961
12945
12882
12810
12843
12796
13077
12903
12799
12862
12847
12792
12835
12799
12913
12895
12914
12858
12965
12805
12973
12857
12895
12950
12887
13023
12779

12917
12770
12937
12880
12855
12919
12867
12879

12957
12819
12942
13066
12926
12939
12808
12834
12791
12766
12843
12922
12901
12716
12804
12927
12802
13017
12924
12704
12848
12731
12833
12850
12913
12759
12882
12691
12787
12728
12868
12775
12752
12815
12720
12804
12753
12888
12787
12815
12837
12782
12866
12703
12692
12869
12850
12878
12811
12732
12779
12967
12840
12688
12802
12850
12828
12828
12885
12871
12876
12896
12830
12913
12774
12822
12800
12787
12819
12801
12862
12781
12830
12719
12681
12900
12698
12805
12951
12798
12790
12788
12784
12743
12773
12769
12852
12796
12812
12799
12707
12740
12770
12814
12703
12917
12867
12933
12889
12868
12827
12912
12786
12774
12768
12879
12763
12724
12839
12740
12766
12812
12906
12883
12770
12745
12890
12910
12712
12889
12850
12691
12871
12832
12846
12773
12919
12770
12762
12922
12795
12745
12844
12963
12832
13008
12893
12823
12816
12853
12846
12865
12769
12845
12969
12818
12927
12801
12878
12885
12728
12748
12854
12882
12807
12869
12849
12791
12832
12867
12787
12760
12891
12911
12908
12842
12831
12831
12906
12937
12810
12727
12873
12776
12818
12804
12912
12825
12885
12787
12901
12712
12818
12874
12897
12862
12833
12773
12743
12976
12796
12881
12859
12858
12856
12864
12806
12861
12896
12854
12779
12843
12872
12888
12821
12895
12952
12838
12833
12909
12849
12773
12959
12930
12825
12811
12802
12795
12854
12832
12947
12738
12780
12935
13036
12905
12830
12931
12870
13031
12885
12902
12752
12841
12832
12800
12916
13038
12882
12965
12987
12858
12887
13028
12855
12882
12910
12894
12908
12882
12749
12791
12864
12891
12845
12928
12914
12873
12877
12919
12854
12937
12840
12761
12897
12885
12921
12898
12922
12997
12951
12934
12924
12825
12878
12823
12840
12790
12985
12863
12976
12841
12929
12766
12820
12943
12933
12909
12859
12824
12724
12848
12917
12784
13001
12903
12829
12850
12847
12790
12957
12879
12895
12651
12833
12791
12834
12909
12947
12868
12800
12869
12840
12985
12928
12968
12866
13093
12912
12864
12879
12837
12878
12908
12787
12938
12944
12891
12869
12966
12838
12941
12835
12857
12952
12931
12952
12939
12856
12884
12901
12953
12832
12828
12888
12974
12920
12895
12852
12945
12754
12927
12882
12956
12914
12911
12893
12835
12811
12869
12883
12897
12818
12764
12881
12815
12887
12803
12841
12934
12783
12995
12873
13044
12901
12976
12896
12903
12845
12845
12985
12907
12947
12889
12967
12825
12878
13022
12882
12776
13077
12927
12769
12980
12783
13008
13041
12933
12916
12870
12780
12927
12822
13018
12833
12916
12778
12900
12915
12892
12894
12936
12897
12903
12900
13000
12926
12895
12753
12986
12997
12740
13046
13001
12951
12917
12753
12868
12947
12919
12971
12931
13008
12963
12894
12951
12823
13017
13134
12962
12955
13082
12990
12931
12958
13041
12972
13067
12840
12889
12944
12794
12872
12991
12952
13149
12978
12987
12950
13009
12919
12886
12923
12879
12859
12881
13008
12840
12817
12831
12791
12864
12868
12974
12988
12995
12871
12922
12932
12918
12858
12958
12796
12853
12925
12892
12937
12903
12951
12803
12717
12888
12787
13060
12911
12885
12897
13009
12721
12866
12889
12871
12866
12893
12745
12926
12867
12863
12980
12763
12837
12830
12744
13034
12853
12918
12923
12883
12838
13030
12872
12857
12863
12893
12965
12849
12921
12774
12817
12839
12911
12757
12956
12832
12916
12904
12857
12851
12876
12883
12940
12919
12908
12892
12776
12924
12766
13029
12884
12790
12827
12970
12872
12927
12883
12919
12959
12935
12955
12823
12894
12949
12820
12966
12871
12795
12940
12756
12950
12978
12952
12876
12769
12792
12822
12907
12881
12922
12817
12956
12837
12875
12964
12809
12851
12894
12863
12797
12975
12824
12937
12939
12851
12756
12894
12933
12843
12891
12861
12768
12947
12854
12814
12839
12767
12920
12848
12824
12822
12832
12866
12813
12823
12937
12891
12814
12920
12686
13014
12803
12825
13014
12950
12917
12843
12874
12899
12862
12833
12862
12858
12847
12853
12801
12756
12814
12888
12848
12876
12909
13001
12762
12860
12883
12808
12898
12835
12900
13017
12789
12866
12841
12718
12893
12920
12934
12807
12762
12780
12939
12829
12673
12978
12812
12833
12693
12911
13000
12793
12884
12850
12861
12884
12843
12860
12878
12859
12791
12930
12846
12807
12812
12900
12821
12703
12875
12793
12845
12813
12930
12810
12967
12915
12871
12884
12853
12838
12787
12882
12791
12787
12915
12800
12833
12760

12868
12766
12781
12822
12679
12794
12863
12855
12707
12843
12824
12946
12894
12875
12790
12810
12783
12894
12775
12898
12803
12775
12862
13004
12828
12883
12806
12930
12831
12785
12809
13015
13030
12776
12776
12843
12777
12904
12988
12827
12764
12651
12873
12854
12838
12745
12699
12802
12840
13030
12700
12894
12619
12789
12778
12849
12873
12744
12697
12776
12836
12798
12786
12782
12696
12825
12782
12744
12844
12780
12701
12832
12897
12723
12783
12774
12784
12675
12749
12876
12806
12819
12803
12812
12791
12859
12781
12767
12822
12844
12757
12846
12835
12744
12797
12816
12847
12796
12766
12769
12702
12765
12816
12803
12796
12776
12737
12745
12900
12808
12790
12659
12706
12807
12782
12722
12716
12781
12774
12822
12787
12743
12792
12915
12828
12783
12745
12840
12698
12751
12835
12854
12837
12969
12738
12954
12892
12776
12773
12766
12813
12731
12746
12832
12755
12790
12750
12821
12872
12930
12745
12850
12865
12893
12892
12839
12854
12751
12903
12806
12846
12809
13000
12767
12861
12867
12921
12900
12859
12959
12993
12865
12763
12996
12879
12866
12861
12787
12755
12893
12841
12892
13065
12876
12803
12849
12874
12871
12887
12843
12848
12917
12697
12874
12803
12875
12951
12917
12937
12739
12839
12818
12732
12863
12777
12817
12879
12781
12957
12997
12808
12695
12962
12757
12941
12822
12800
12746
12805
12869
12838
12873
12924
12786
12789
12763
12783
12764
12874
12759
12693
12781
12796
12731
12806
12886
12665
12673
12782
12894
12731
12837
12771
12805
12731
12956
12694
12743
12836
12889
12834
12876
12762
12909
12888
12795
12698
12753
12801
12852
12695
12806
12872
12888
12711
12708
12779
12647
12805
12729
12664
12723
12772
12897
12861
12792
12807
12825
12770
12883
12863
12746
12738
12787
12820
12766
12906
12760
12879
12866
12815
12739
12749
12781
12860
12846
12817
12878
12831
12836
12870
12802
12706
12823
12660
12687
12723
12740
12794
12913
12923
12789
12736
12942
12861
12838
12812
12826
12731
12886
12808
12790
12803
12827
12898
12766
12805
12827
12854
12760
12970
12930
12831
12886
12824
12835
12865
12833
12734
12873
12841
12732
12750
12877
12786
12809
12934
12804
12824
12800
12774
12885
13002
12845
12837
12798
12861
12914
12751
12896
12795
12767
12898
12849
12846
12870
12879
12906
12932
12743
12925
12767
12810
12882
12833
12922
12783
12861
12996
12851
12854
12756
12867
12865
12853
12889
12919
12801
12805
12958
12838
13065
12910
12799
12741
12795
12829
12913
12747
12901
12904
12824
12769
12872
12875
12897
12875
12772
12858
13032
12785
12936
12784
12805
12860
12892
12961
12922
12843
12875
12976
12931
12842
12921
12840
12803
12822
12781
12891
12991
12900
12782
12797
12943
12832
12753
12877
12870
12771
12781
12823
12798
12934
12924
12822
12876
12750
12836
12938
12849
12788
12765
13012
13004
12916
12757
12786
12853
12799
12865
12834
12987
12994
12833
12804
12846
12968
12844
12827
12960
12912
12853
12985
12873
12966
12952
12904
12819
12881
12825
12917
12973
12988
12891
12803
12938
12870
12929
12904
12822
12876
12829
12861
12887
12856
12861
12893
12886
12755
12915
12806
12915
12936
12963
13039
12926
12903
12765
12861
12961
12709
12892
12826
12890
12845
12873
12726
12869
12953
12815
13009
12866
12929
12896
12905
12865
12908
12753
12865
12891
12896
12950
12834
12954
12833
12861
12973
12863
12983
12932
12940
12843
12893
12851
12778
12854

12893
12954
12950
12845
12830
12877
12879
12885
12914
12955
12801
12806
12806
12940
12897
12934
12875
12905
12989
12789
12846
12876
12914
12938
13015
12923
13003
12947
12865
12966
12848
12904
13040
12951
12850
13043
12927
12887
13036
12917
12853
12903
13122
13000
12942
13017
12951
12924
12875
12986
12859
13124
12824
12989
12907
12861
12902
12883
13082
13002
13079
12825
12912
12863
12934
12890
12872
12899
12868
12831
13003
12834
12870
12972
12844
13045
12992
12754
13018
12932
12876
12879
12961
12814
12914
12903
12911
12940
12892
12871
12930
12848
12868
12901
12770
12853
12867
12850
12911
12970
12904
13019
12800
12956
12888
12802
12907
12822
12932
13032
12811
12647
13006
12850
12990
12895
12737
12788
12980
12936
12871
12811
12847
12876
12909
12782
12859
12857
12845
12863
12830
12790
12820
12830
12872
12844
12858
12822
12926
12835
12875
12879
12762
12848
12740
12891
12854
12783
12888
12864
12915
12851
12805
12855
12802
12923
12866
12937
12871
12909
12793
12761
12917
12839
12806
12895
12867
12859
12867
12778
12869
12822
12871
12844
12783
12791
12899
12733
12853
12889
12940
12807
12981
12846
12779
12903
12842
12855
12823
12913
13019
12870
12792
12873
12914
12974
12834
12824
12880
12922
12974
12833
12877
12881
12848
12748
12874
12841
12807
12779
12854
12837
12818
12803
12798
12871
12890
12820
12811
12838
12891
12877
12829
12857
12999
12862
12918
12855
12847
12919
12814
12871
12816
12769
12925
12883
12869
12736
12892
12841
12860
12967
12862
12839
12845
12828
12803
12814
12859
12872
12884
12885
12731
12822
12796
12773
12741
12847
12877
12845
12970
12820
12882
12780
12865
12887
12755
12869
12807
12848
12857
12785
12827
12799
12800
12783
12789
12787
12754
12897
12887
12784
12911
12792
12822
12768
12818
12815
12896
12938
12739
12683
12895
12925
12982
12799
12841
12738
12801
12746
12814
12735
12783
12796
12822
12733
12837
12777
12769
12649
12879
12754
12699
12850
12903
12821
12878
12832
12870
12781
12758
12829
12895
12611
12773
12761
12845
12731
12731
12713
12688
12852
12747
12641
12774
12773
12823
12932
12776
12715
12733
12885
12776
12869
12798
12657
12822
12767
12854
12843
12822
12815
12794
12806
12890
12878
12771
12873
12795
12762
12787
12710
12743
12951
12781
12773
12829
12809
12728
12778
12770
12962
12752
12714
12693
12795
12727
12843
12773
12764
12862
12867
12756
12759
12715
12820
12818
12724
12827

12794
12906
12835
12751
12820
12776
12945
12763
12838
12905
12676
12790
12965
12776
12860
12740
12762
12816
12897
12912
12843
12772
12815
12896
12836
12910
12889
12897
12805
12833
12822
12929
12988
12859
12913
12945
12854
12820
12920
12844
12793
12866
12768
12760
12865
12852
12773
12808
13013
12813
12781
12816
12839
12888
12809
12821
12990
12920
12718
12778
12815
12694
12844
12755
12931
12820
12793
12795
12775
12851
12843
12732
12886
12784
12813
12858
12863
12705
12786
12865
12751
12709
12793
12774
12742
12907
12841
12881
12925
12848
12741
12825
12761
12666
12752
12782
12717
12884
12702
12767
12901
12872
12811
12904
12825
12703
12767
12749
12832
12851
12757
12814
12929
12765
12780
12784
12930
12839
12846
12788
12950
12871
12735
12876
12805
12899
12825
12844
12899
12894
12801
12827
12829
12803
12844
12802
12877
12840
12797
12787
12884
12822
12805
12795
12800
12861
12847
12815
12897
12850
12855
12765
12923
12885
12894
12995
12846
12720
12846
12841
12906
12886
12887
12894
12964
12846
12812
12841
12783
12905
12809
12827
12669
12995
12874
12929
12844
12867
12808
12865
12773
12803
12918
12897
12980
12855
12876
12733
12775
12851
12932
12862
12841
12867
12912
12914
12783
12815
12785
12774
12840
12858
12825
12807
12954
12724
12793
12914
12939
12822
12903
12951
12832
12904
12908
12943
12953
12841
12792
12654
12925
12946
12748
12746
12717
12849
12920
12790
12746
12839
13015
12759
12953
12887
12786
12774
12879
12982
12951
12839
12862
12900
12777
12835
12861
12876
12963
12872
12847
13005
12866
12750
12855
12880
12852
12919
12857
12833
12868
12876
12892
12880
12792
12918
12766
12880
12876
12926
12924
12850
12855
12875
12889
12870
12937
12856
12780
12909
12973
12934
12836
12855
12876
12857
12821
12940
12816
12951
12888
12885
12808
12860
12919
12802
12883
12852
12867
12764
13028
12867

12844
12926
12856
12821
12952
12762
12926
12899
13039
12927
12816
12960
12841
12858
12955
12967
12853
12830
12778
12957
13084
12946
12773
13024
12890
13076
12952
12936
12849
12960
12996
12929
12881
12964
12936
13029
13081
12934
12890
12920
13005
12986
13019
12882
12920
13021
13045
12855
12969
12922
12974
12958
12913
12958
12884
12931
12894
13026
12871
12840
12937
12891
12873
12922
12882
12965
12843
12969
12811
12976
12882
12806
12885
12943
12895
12869
12869
12930
12972
12823
12909
12929
12863
12853
12994
12874
12830
12835
12961
12865
12923
12839
12998
12893
12932
12784
12952
12861
12979
12845
12867
12948
12915
12772
12897
12844
12830
12906
12905
12853
12985
12954
12874
12791
12975
12984
12831
12822
12804
12892
12929
13009
12850
12904
12831
12983
12953
12842
12899
12956
12865
12896
12785
12874
12889
12845
13051
12939
12883
12943
12930
12878
13014
12905
12927
12976
13029
12822
12776
13032
12904
12818
12919
12763
12838
12990
12892
12944
12874
12880
12834
12890
12940
12844
12725
12887
12956
12920
12851
12949
12937
12958
12972
12877
12767
12919
12880
12900
12828
12951
13079
12920
12812
13002
12840
13031
12890
12803
12844
12868
13019
12908
12927
12905
12841
12854
12854
12850
12893
12842
12870
12846
12758
12914
12881
12842
12898
12778
12878
12840
12957
12886
12828
12897
12875
12847
12959
12778
12862
12859
12812
12873
12953
12838
12931
12785
12832
12925
12820
12787
12880
12861
12819
12756
12822
12852
12873
12813
12910
13024
12854
12833
12816
12889
12850
12856
12711
12740
12869
12790
12726
12930
12886
12904
12804
12844
12828
12769
12947
12809
12764
12989
12970
12865
12817
12939
12909
12816
12978
12806
12812
12811
12972
13026
12838

12787
12829
12749
12899
12788
12940
12918
12875
12974
12785
12875
12889
12872
12850
12924
12948
12874
12889
12712
12760
12708
12856
12702
12708

12649
12706
12663
12707
12707
12780
12685
12799
12711

12691
12822
12676
12703
12653
12880
12753
12702
12688
12685
12684
12687
12736
12710
12839
12750
12729
12688
13098

12870
12828
12694
12711
12710


12707
12751
12712



12967
12973
12709
12724
12691
12809
12689
12855
12682
12682
12712
12856
12956
12894
12674
12670
12796
12681
12977
12902
13007
13060
12961
12693
12986
12878
12782
12713
12693
12645
12702
12736
13010
12855
12712
12725
12877
12870
12921
12935

12976
12819
12935
12799
12839
12712
12708
12893
12981
12676
12963
12710
12713
12647
12670

12974
12971
12903
12703
12715
12670
12843
12804
12786
12830
12857
12707
12977
12784
12855
12710
12822
12679
12696
12709
12634
12964
12703
12770

12904
12826
12699
12676
12874
12869
12918
13029
12937
12701
12708
12656
12669
12766
12693
12825
12757
12696


12741
12695
12931
12716
12692
12728
12868
12703
12696
12708
12706
12691
12723
12850
12703
12958

12708
12692
12712
12712
12707
12706
12777
12699
12721
12726
12779
12828
12846
12798


12834
12768
12703
12688
12703
12692
12689
12681
12695
12801
12708
12771
12704
12771
12838
12712
12688
12774
12743
12762
12712
12803
12653
12862
12778
12688
12672
12694
12699

12679
12706
12780
12826
12652
12743
12703
12700
12620
12697
12699
12702
12787
12679
12745
12704
12790
12659
12707
12698
12744
12843
12697
12693
12762
12692
12667
12669
12731
12691
12835
12697
12693
12804
12711
12706
12648
12730
12662
12773
12784
12706
12657
12683
12749
12801
12709

12647
12809
12728
12857
12823
12681
12649
12695
12610
12714
12690
12640
12730
12655
12788
12710
12694

12750
12674
12990
12692
12732
12703
12707
12663
12718
12700
12700
12735
12722
12668
12653
12716

12985
12802
12777
12860
12713
12813
12807





