12909
12848
12908
12765
12870
12882
12896
12899
12805
12891
12864
12919
12871
12862
12793
12897
12795
12837
12809
12779
12752
12817
12802
12843
12884
12872
12793
12984
12819
12883
12845
12972
12844
12971
12941
12938
12815
12907
12807
12827
13002
12996
12944
12701
13001
12843
12874
12918




13012
12873
12813
12958
12941
12912
12974
12873
12945
12894
12796
12909
12885
12891
12880
12744
12844
12894
12869
12866
12909
12876
12861
12977
12833
12828
12947
12885
12740
12854
12812
12892
12874
12870
12929
12837
12813
12810
12902
12843
12750
12916
12822
12906
12905
12903
12785
12990
12829
12849
12788
12924
12940
12893
12926
12905
12877
12976
12910
12840
12987
12900
12789
12794
12882
12946
12822
12852
12832
12908
12840
12958
12885
12859
12876
12886
13003
12927
12922
12920
12879
12880
12944
12957
12943
12941
12853
13107
12987
12852
12937
12946
12869
12805
12855
12899
12910
12867
12919
12815
12757
12751
12908
12823
12890
12977
12837
12815
12952
12879
12854
12813
12847
12932
12818
12757
12807
12878
12822
12862
12864
12798
12941
12912
12786
12877
13004
12877
12824
12803
12767
12890
12792
12771
12794
12950
12892
12740
12974
12896
12828
12844
12771
12953
12847
12846
12844
12855
12728
12854
12865
12751
12801
12894
12814
12877
12734
12783
12961
12890
12892
12727
12877
12893
12809
12822
12883
12934
12868
12861
12793
12985
12762
12849
12885
12724
12767
12846
12801
12794
12680
12894
12884
12906
12895
12690
12856
12822
12912
12834
12842
12777
12834
12832
12867
12863
12733
12928
12774
12919
12825
12903
12867
12845
12705
12835
12914
12788
12798
12879
12822
12855
12779
12719
12814
12808
12877
12864
12926
12757
12868
12888
12874
12784
12903
12834
12762
12693
12897
12830
12886
12791
12831
13079
12785
12867
12821
12780
12798
12917
12814
12838
12970
12803
12884
12827
12873
12766
12812
12839
12812
12712
12854
12789
12846
12937
12735
12887
12850
12809
12896
12799
12874
12774
12757
12726
12847
12808
12751
12698
12920
12847
12879
12661
12890
12828
12826
12810
12914
12742
12811
12859
12783
12857
12813
12758
12896
12802
12708
12837
12909
12786
12799
12798
12974
12758
12693
12849
12786
12786
12745
12798
12898
12958
12703
12840
12909
12948
12746
12710
12884
12813
12784
12929
12779
12788
12877
12899
12740
12906
12886
12800
12970
12968
12803
12822
12955
12832
12888
12897
12931
12933
12943
12865
12861
12777
12956
12808
12873
12897
12954
12963
12729
12748
12842
12848
12834
13092
12815
12902
12710
12760
12930
12710
12730
12800
12906
12859
12822
12857
12805
12746
12692
12829
12806
12810
12784
12762
12770
12731
12751
12844
12728
12822
12697
12834
12867
12776
12905
12829
12763
12704
12649
12829
12686
12802
12825
12682
12683
12753
12780
12824
12772
12738
12722
12816
12815
12693
12811
12920
12716
12749
12883
12797
12884
12737
12697
12845
12943
12815
12714
12812
12808
12776
12654
12855
12831
12709
12781
12925
12858
12804
12770
12761
12762
12900
12673
12905
12743
12835
12678
12843
12767
12859
12848
12822
12800
12809
12869
12750
12810
12758
12752
12777
12886
12788
12878
12782
12795
12847
12746
12883
12818
12736
12844
12874
12835
12825
12834
12812
12867
12786
12870
12905
12842
12797
12841
12852
12878
12862
12706
12803
12805
12762
12822
12838
12774
12839
12784
12816
12822
12794
12792
12776
12808
12769
12779
12862
12749
12830
12847
12734
12703
12779
12782
12787
12782
12958
12763
12803
12725
12835
12852
12881
12910
12832
12762
12830
12855
12800
12767
12919
12849
12741
12841
12822
12917
12782
12965
12893
12870
12809
12836
12792
12755
12753
12896
12872
12903
12648
12728
12845
12769
12770
12833
12964
12830
12771
12927
12863
12820
12861
12731
12822
12691
12896
12816
12750
12776
12861
12885
12826
12838
12779
12848
12770
12907
12817
12806
12857
12820
12787
12713
12854
12938
12781
12868
12772
12865
12729
12752
12854
12731
12803
12851
12981
12898
12760
12787
12933
12690
12821
12858
12834
12946
12704
12715
12817
12815
12734
12854
12804
12824
12760
12803
12786
12777
12740
12887
12925
12859
12726
12876
12941
12833
12921
12840
12870
12961
12747
12729
12875
12760
12890
12854
12858
13019
12855
12845
12970
12814
12822
12759
12795
12871
12836
12909
13012
12985
12913
12877
12940
12918
12808
12903
12967
12897
12941
12919
12925
12850
12850
12846
12918
12850
12969
12873
12991
12809
12906
12984
12952
12928
13018
12882
12962
12934
12770
12855
12747
13032
12811
12914
12878
12964
12850
12914
12774
12931
12748
12854
12815
12860
12766
12908
12950
12906
12719
12939
12840
12820
12786
12970
12857
12737
12938
12912
12799
12802
12780
12887
12911
12681
12899
12968
12800
12770
12774
12900
12793
12877
12904
12873
12751
12718
12816
12895
12770
12854
12737
12956
12786
12807
12871
12744
12694
12777
12900
12867
12816
12778
12960
12839
12737
12748
12924
12843
12911
12810
12822
12757
12831
12875
12816
12613
12897
12853
12822
12849
12959
12843
12746
12854
12822
12682
12890
12870
12791
12944
12732
12844
12795
12777
12805
12810
12709
12725
12817
12904
12877
12897
12864
12856
12796
12868
12847
12856
12833
12860
12795
12890
12766
12650
12816
12963
12724
12735
12878
12709
12898
12684
12858
12902
12828
12816
12727
12887
12854
12749
12856
12866
12875
12876
12821
12841
12786
12795
12732
12821
12869
12811
12747
12897
12792
12950
12815
12841
12940
12780
12676
12869
12861
12822
12859
12960
12860
12880
12749
12923
12819
12879
12778
12794
12758
12900
12807
12908
12926
12757
12892
12805
12926
12829
12793

12844
12754
12894
12726
12770
12776
12833
12722
12917
12872
13016
12891
12822
12846
12779
12806
12796
12693
12711
12803
12861
12843
12791
12845
12868
12844
12734
12807
12749
12766
12743
12745
12729
12734
12777
12741
12862
12810
12804
12846
12813
12839
12801
12789
12820
12758
12750
12926
12897
12804
12733
12777
12777
12872
12784
12800
12875
12825
12754
12788
12822
12725
12737
12734
12938
12734
12892
12894
12842
12721
12704
12761
12858
12765
12770
12784
12723
12831
12754
12786
12806
12713
12800
12658
12788
12785
12905
12872
12677
12769
12770
12900
12763
12658
12955
12763
12813
12806
12699
12823
12753
12747
12765
12738
12755
12798
12764
12676
12843
12669
12699
12674
12766
12756
12760
12867
12746
12782
12740
12661
12776
12722
12877
12814
12852
12801
12765
12867
12807
12822
12751
12768
12743
12934
12874
12802
12744
12898
12782
12865
12974
12729
12764
12770
12779
12805
12746
12749
12843
12676
12728
12722
12984
12845
12927
12737
12835
12838
12903
12824
12776
12934
12863
12841
12772
12855
12849
12816
12758
13009
12951
12824
12897
12879
12762
12854
12786
12911
12883
12900
12846
12920
12816
12916
12899
12781
12845
12789
12840
12786
12904
12790
12923
12935
12800
12816
12785
12836
12835
12777
12892
12741
12886
12795
12827
12838
12890
12920
12864
12803
12899
12708
12876
12718
12749
12751
12775
12807
12830
12792
12773
12873
12787
12875
12809
12700
12916
12858
12778
12712
12823
12852
12781
12696
12822
12692
12764
12873
12794
12717
12833
12735
12745
12884
12852
12758
12840
12686
12769
12790
12817
12785
12740
12764
12798
12811
12793
12832
12890
12861
12730
12809
12697
12783
12805
12819
12848
12904
12781
12935
12756
12864
12804
12769
12799
12854
12776
12766
12861
12893
12829
12639
12770
12746
12852
12802
12669
12788
12853
12847
12756
12849
12794
12854
12730
12855
12732
12817
12746
12941
12828
12744
12803
12841
12895
12770
12820
12779
12791
12821
12793
12690
12817
12777
12804
12854
12816
12709
12719
12782
12832
12846
12820
12749
12875
12798
12766
12822
12787
12825
12837

12745
12792
12949
12848
12672
12872
12720
12819
12762
12989
12861
12926
12964
12838
12852
12710
12769
12799
12708
12767
12857
12813
12674
12803
12805
12900
12930
12878
12872
12804
12906
12820
12841
12895
12783
12770
12838
12943
12877
12876
12859
12858
12705
12773
12713
12910
12828
12841
12795
12912
12772
12841
12768
12886
12770
12728
12740
12875
12829
12909
12892
13037
12830
12817
12887
12735
12878
12917
12897
12992
12816
12890
12805
12828
12882
12912
12836
12815
12790
12910
12918
12838
12828
12819
12799
12883
12822
12852
12791
12856
12805
12932
12923
12831
12784
12783
12958
12886
12735
12936
12783
12851
12777
12796
12760
12791
12855
12924
12805
12906
12771
12764
12912
12836
12856
12835
12738
12834
12892
12862
12808
12925
12743
12979
12833
12822
12871
12847
12781
12835
12704
12799
12652
12884
12763
12925
12946
12832
12762
12928
12809
12848
12873
12895
12843
12906
12802
12816
12827
12849
12815
12874
12839
12795
12885
12806
12782
12858
12895
12795
12846
12784
12869
12799
12790
12800
12851
12831
12882
12721
12764
12878
12797
12880
12726
12781
12806
12812
12852
12835
12864
12875
12884
12930
12812
12847
12903
12891
12877
12964
12811
12757
12851
12868
12884
12951
12855
12781
12824
12810
12826
12756
12768
12905
12887
12746
12909
12854
12789
12702
12848
12790
12815
12807
12880
12888
12907
12838
12884
12973
12852
12876
12845
12816
12882
12981
12949
12853
12846
12876
12777
12914
12718
12866
12794
12824
12815
12750
12874
12825
12803
12978
12878
12898
12938
12835
12980
12930
12890
12963
12824
13069
12828
13032
12989
12915
12917
12859
12978
13107
12934
12875
12994
12856
12885
12920
12940
12901
12887
12954
12922
13077
12932
12974
12936
12866
12901
12925
12926
12792
12692
12819
12859
12899
12840
12857
12937
12780
12845
12742
12781
12866
12711
12971
12879
13014
12778
12805
12712
12659
12784
12868
12805
12845
12830
12657
12871
12911
12927
12921
12887
12744
12997
12809
12821
12957
12962
12942
12791
12827
12827
12834
12844
12871
12899
12752
12881
12912
12873
12784
12878
12715
12770
12858
12887
12910
12792
12840
12803
12735
12843
12752
12734
12769
12826
12793
12849
12807
12846
12703
12882
12889
12746
12804
12809
12868
12815
12886
12805
12875
12860
12896
12841
12826
12806
12813
12804
12805
12874
12869
12870
12793
12878
12827
12844
12795
12888
12737
12808
12828
12733
12688
12855
12772
12989
12885
12880
12711
12747
12919
12876
12873
12796
12808
12871
12822
12823
12790
12837
12873
12811
12807
12789
12738
12860
12837
12930
12906
12937
12803
12856
12853
12857
12835
12845
12796
12768
12845
12923
12922
12878
12837
12913
12936
12798
12859
12921
12814
12691
12853
12818
12817
12854
12863
12832
12822
12956
12848
12779
12776
12768
12827
12812
12947
12970
12782
12908
12867
12743
12836
12902
12756
12662
12749
12848
12979
12806
12818
12838
12812
12851
12733
12956
12800
12820
12875
12788
12924
12890
12845
12879
12854
12897
12819
12858
12819
12920
12914
12734
12847
12858
12794
12949
12875
12748
12753
12953
12858
12899
12820
12882
12772
12813
12791
12683
12801
12751
12796
12742
12878
12857
12848
12841
12914
12815
12930
12711
12852
12751
12860
12840
12887
12908
12840
12861
12731
12829
12840
12829
12806
12914
12791
12796
12827
12776
12799
12855
12748
12705
12790
12833
12865
12893
12856
12790
12695
12772
12748
12722
12930
12809
12808
12713
12878
12869
12704
12840
12913
12650
12675
12856
12747
12822
12762
12793
12705
12926
12734
12844
12816
12774
12697
12903
12696
12838

12803
12801
12816
12982
12851
12754
12920
12842
12800
12739
12768
12794
12753
12845
12865
12724
12752
12740
12762
12866
12873
12710
12773
12914
12782
12688
12774
12738
12852
12795
12759
12829
12846
12761
12732
12823
12696
12729
12855
12750
12736
12703
12819
12674
12812
12873
12762
12775
12827
12781
12797
12751
12705
12848
12860
12765
12723
12675
12765
12823
12684
12730
12654
12829
12776
12896
12774
12739
12796
12918
12764
12747
12785
12846
12753
12790
12786
12772
12808
12722
12863
12766
12762
12760
12794
12826
12914
12816
12904
12813
12636
12710
12829
12822
12857
12726
12857
12745
12787
12738
12907
12745
12786
12844
12794
12913
12707
12826
12751
12830
12873
12827
12744
12833
12788
12786
12885
12799
12869
12781
12795
12773
12829
12849
12834
12817
12860
12800
12828
12786
12919
12794
12816
13012
12864
12844
12858
12791
12758
12977
12828
12881
12909
12954
12889
12931
12783
12939
12828
12889
12901
12861
12941
12817
12914
12876
12745
12840
12806
12750
12844
12900
12794
12755
12785
12838
12845
12756
12850
12743
12798
12822
12806
12698
12770
12817
12780
12830
12856
12776
12693
12832
12810
12878
12708
12866
12803
12694
12874
12739
12857
12864
12899
12820
12665
12667
12850
12792
12843
12855
12905
12721
12804
12817
12850
12772
12775
12969
12825
12815
12770
12768
12743

12807
12744
12801
12884
12955
12860
12786
12861
12791
12613
12759
12976
12709
12775
12843
12912
12849
12794
12875
12884
12782
12665
12921
12730
12918
12792
12792
12706
12908
12857
12823
12817
12838
12738
12887
12858
12894
12795
12808
12743
12805
12803
12743
12851
12857
12770
12816
12817
12813
12753
12899
12974
12955
12794
12858
13018
12804
12869
12832
12810
12869
12815
12855
12823
12839
12839
12778
12888
12773
12724
12877
12832
12843
12803
12829
12855
12917
12748
12766
12774
12756
12876
12863
12763
12741
12831
12690
12795
12822
12756
12824
12823
12905
12836
12755
12743
12807
12865
12703
12718
12838
12852
12813
12782
12727
12798
12871
12786
12965
12836
12871
12745
12833
12861
12850
12792
12730
12896
12820
12790
12838
12839
12827
12814
12814
12791
12817
13006
12916
12795
12796
12840
12827
12908
12822
12904
12950
12975
12762
12852
12958
12897
12944
12723
12761
12890
12845
12897
12782
12775
12816
12766
12861
12980
12907
12711
12848
12933
12861
12848
12744
12924
12989
12850
12929
12825
12813
12687
12924
12837
12862
12834
12876
12786
12842
12896
12912
12832
12844
12953
12905
12992
12808
12759
12796
12817
12830
12840
12817
12908
12765
12809
12865
12914
12837
12906
12740
12891
12817
12825
12989
12884
12814
12817
12873
12884
12792
12839
12803
12953
12848
12791
12903
12800
12773
12923
12843
12914
12764
12835
12780
12767
12810
12834

12864
12865
12735
12832
12843
12761
12735
12934
12853
12745
12705
12735
12793
12875
12802
12770
12919
12866
12881
12853
12821
12901
12755
12762
12807
12798
12895
12873
12890
12870
12878
12841
12862
13051
12925
12882
12859
12858
12829
12832
12871
12929
12784
12835
12913
12789
12894
12787
12915
12758
12864
12881
12955
12901
12957
12992
12860
12785
12921
13031
12941
12838
12901
12913
12887
12758
12817
12841
12957
12867
12998
12854
12770
12839
12954
12858
12869
12898
12939
12768
12750
12871
12847
12867
12781
12824
12913
12950
12923
12842
12868
12879
12893
12780
12767
12857
12957
12878
12750
12795
12789
12844
12829
12792
12984
12770
12956
12919
12775
12891
12845
12809
12842
12784
12842
12840
12970
12730
12976
12860
12869
12874
12734
12861
12883
12715
12905
12969
12990
12845
12843
12784
12748
12779
12827
12912
12882
12907
12921
12933
12921
12865
12768
12801
12787
12867
12838
12805
12890
12840
12970
12854
12916
12910
12967
13065
12973
12917
13008
13024
12689
13059
12832
12934
12920
12870
12878
12890
12837
12885
12932
12765
12781
12891
12751
12881
12855
12896
12797
12778
12779
12714
12802
12827
12960
12957
12834
12822
12727
12857
12730
12890
12873
12876
12968
12835
12866
12823
12769
12850
12883
12935
12878
12729
12908
12872
12857
12828
12761
12866
12757
12722
12858
12847
12833
12924
12905
12887
12896
12854
12896
12801
12752
12919
12812
12739
12727
12790
12817
12976
12785
12896
12794
12855
12826
12857
12900
12929
12913
12892
12922
12752
12962
12755
12929
13044
12866
12953
12936
12892
12939
12825
12886
12971
13032
12931
12946
12809
12980
12912
12883
12908
12835
12881
12973
12937
12924
12867
12908
12822
12860
12919
12945
12850
12881
12725
12855
12951
12800
13002
12884
12980
12822
12967
12956
12828

12862
12968
12824
12845
12818
12822
12830
12822
12816
12757
12855
12908
12841
13014
12894
12769
12834
13009
12800
12927
12883
12827
12855
12750
12942
12890
12949




12813
12820
12781
12882
12949
12912
12819
12811
12882
12758
12871
12789
12765

12844
12801
12721
12857
12858
12750
12797
12905
12823
12786
12829
12993
12871
12753
12773
12805
12870
12978
12908
12844
12836
12778
12969
12884
12845
12735
12846
12822
12836
12757
12886
12794
12830
12766
12894
12787
12799
13005
12877
12881
12837
12928
12920
12745
12795
12855
12847
12750
12848
12907
12712
12860
12827
12857
12756
12870
12953
12835
12948
12852
12734
12812
12816
12746
12764
12770
12867
12801
12799
12749
12824
12812
12775
12773
12782
12788
12881
12707
12826
12912
12784
12920
12843
12827
12856
12963
12905
12933
12966
12703
12886
12789
12834
12783
12814
12814
12773
12858
12803
12758
12846
12862
12881
12812
12931
12775
12881
12806
12810
12835
12849
12791
12848
12793
12843
12824
12773
12783
12867
12667
12720
12854
12783
12827
12822
12866
12831
12881
12844
12737
12825
12915
12720
12942
12779
12822
12780
12809
12782
12682
12771
12765
12875
12754
12849
12823
12770
12842
12746
12864
12824
12855
12815
12786
12807
12795
12772
12839
12830
12730
12788
12753
12719
12849
12801
12851
12880
12838
12847
12743
12757
12669
12786
12740
12853
12881
12815
12806
12735
12942
12692
12794
12835
12840
12881
12834
12841
12841
12810
12880
12716
12802
12822
12913
12903
12740
12833
12743
12757
12793
12840
12765
12801
12747
12708
12771
12845
12899
12730
12720
12868
12756
12714
12875
12763
12817
12754
12731
12782
12772
12834
12860
12742
12820
12906
12888
12772
12804
12813
12862
12867
12704
12956
12882
12784
12833
12794
12704
12713
12823
12839
12772
12788
12810
12889
12798
12862
12772
12811
12719
12896
12940
12824
12683
12814
12915
12727
12749
12753
12845
12791
12852
12945
12840
12778
12730
12854
12804
12762
12882
12817
12717
12971
12819
12834
12791
12942
12816
12970
12871
12773
12755
12886
12868
12865
12738
12830
12904
12891
12912
12788
12836
12883
12780
12959
12762
12903
12838
12897
12975
12792
13012
12897
12900
12860
12874
12783
12864
12919
12911
12757
12908
12863
12844
12790
12867
12782
12778
12794
12880
12778
12902
12830
12860
12758
12887
12778
12813
12860
12862
12733
12811
12815
12667
12908
12864
12941
12808
12843
12748
12702
12928
12914
12875
12864
12777
12832
12784
12897
12768
12728
12935
12877
12945
12800
12889
12799
12860
12874
12831
13003
12704
12798
12701
12840
12871
12809
12873
12760
12882
12779
12850
12739
12769
12877
12988
12788
12872
12788
12835
12702
12892
12642
12777
12718
12740
12724
12905
12749
12815
12789
12817
12603
12807
12804
12858

12784
12903
12796
12788
12859
12792
12861
12700
12661
12866
12911
12810
12851
12813
12782
12773
12841
12801
12883
12861
12806
12777
12771
12763
12750
12859
12869
12825
12749
12748
12774
12840
12816
12731
12743
12770
12744
12890
12806
12707
12901
12806
12808
12887
12722
12791
12817
12869
12815
12846
12783
12898
12812
12787
12868
12817
12664
12813
12876
12804
12811
12997
12945
12889
12765
12872
12761
12929
12712
12998
12843
12815
12802
12893
12715
12809
12905
12788
12770
12832
12797
12692
12802
12755
12827
12764

12933
12810
12889
12833
12828
12913
12901
12827

12837
12713
12710
12788
12690
12976
12846
12817
12909
12706
12822
12829
12821
12817
12793
12900
12766
12756
12828
12722
12857
12808
12816
12872
12653
12808
12857
12774
12943
12770
12766
12790
12754
12897
12846
12725
12876
12834
12878
12965
12930
12842
12650
12872
12903
12787
12890
12810
12837
12720
12870
12914
12818
12792
12671
12928
12780
12766
12791
12776
12778
12824
12867
12831
12774
12796
12963
12852
12784
12729
12773
12800
12806
12855
12883
12862
12966
12870
12935
12866
12802
12823
12806
12805
12765
12749
13014
12832
12888
12890
12904
12856
12874
13005
12794
12911
12840
12748
12812
12818
12745
12820
12885
12977
12880
12798
12751
12723
12907
12843
12752
12968
12822
12806
12811
12826
12826
12952
12854
12791
12821
12911
12840
12799
12792
12808
12755
12811
12828
12831
12803
12893
12915
12736
12783
12789
12971
12854
12927
12923
12867
12836
12861
12894
12820
12840
12922
12899
12927
12829
12949
12899
12935
12849
12830
12867
12858
12913
12825
12943
12888
12806
12882
12882
12883
12879
12904
12798
12845
12955
12926
12900
13046
12920
12773
12848
12760
12951
12878
12876
12956
12853
12854
12859
12946
12845
12983
12871
12827
12838
12892
12822
12928
12829
12980
13003
12787
12857
12945
12993
12781
12908
12955
12862
12979
12803
12793
12965
12798
12978
12889
13005
12884
12896
12860
12897
12898
12936
12895
12885
12764
12850
12755
12923
12874
12822
12933
12848
13055
12766
12944
12762
12846
12831
12787
12864
12830
12809
12916
12866
12912
12830
12892
12826
12800
12832
12842
12845
12812
12984
12780
12844
12974
12981
12821
12956
12793
12867
12822
12770
12882
12897
12812
12840
12844
12816
12766
12891
12881
12847
12883
12868
12963
12739
12838
13011
12911
12786
12821
12755
12885
12941



12893
12855
12882
12985
12872
12909
12918
12931
12874
12926
12888
12830
12965
12929
12934
12925
12909
13003
12971
12883
13017
12869
12967
12903
12875
12905
12899
12921
13000
12915
13007
12972
12971
12917
13010
12948
12911
12877
12917
12829
12896
12791
12867
12898
12908
12963
12954
12908
12971
12789
12870
13012
12844
12879
12893
12867
12910
12931
12788
13013
12963
12920
12752
12823
12828
12851
12970
12955
12833
12821
12896
12747
12854
12850
12798
12873
12975
12832
12848
12847
12923
12936
12805
12848
12752
12895
12934
12846
13028
12912
12828
12757
12908
12777
12803
12737
12863
12858
12848
12701
12957
12955
12943
12903
12768
12834
12896
12797
12875
12949
13016
12861
12786
12755
12930
12836
12853
12916
12841
13045
12903
12880
13017
12906
12872
13005
12872
12927
12736
12952
12871
12858
12799
12967
12738
12912
12899
12862
12917
12955
12894
12862
12787
12836
12950
12847
12904
12857
12822
12866
12970
12845
12784
12908
12850
12733
12984
12854
12861
12833
12867
12846
12951
12920
12923
12853
12930
12857
12947
12779
12830
12938
12957
12763
12879
12722
12916
12782
12860
12875
12911
12857
12914
12795
12822
12818
12845
12771
12872
12974
12706
12903
12885
12761
12774
12757
12847
12743
12711
12870
13019
12707
12953
12883
12866
12848
12894
12916
12850
12803
12823
12810
12786
12755
12845
12895
12867
12876
12795
12823
12902
12821
12880
12788
12748
12918
12852
12964
12795
12872
12853
12887
12933
12867
12786
12799
12833
12823
12757
12902
12822
12852
12832
12821
12773
12803
12806
12757
12811
12828
12866
12814
12749
12851
12918
12762
12778
12821
12882
12824
12875
12782
12862
12788
12803
12814
12774
12871
12762
12863
12844
12838
12976
12805
12775
12805
12844
12872
12860
12791
12885
12921
12840
12740
12868
12876
12945
12946
12881
12853
12651
12973
12868
12861
12863
12843
12896
12833
12761
12881
12926
12900
12748
12767
12821
12810
12913
12755
12780
12841
12917
12914
12975
12830
12754
12696
12796
12822
12835
12867
12812
12798
12856
12774
12848
12827
12901
12780
12771
12793
12862
12887
12704
12811
12794
12955
12703
12885
12922
12843
12905
12848
12799
12855
12805
12812
12772
12794
12839
12846
12878
12881
12809
12847
12829
12764
12787
12791
12822
12861
12720




12914
12877
12829
12829
12853
12759
12873
12874
12862
12877
12809
12855
12828
12867
12815
12777
12723
12834
12859
12881
12825
12774
12791
12852
12720
12780
12846
12805
12871
12840
12685
12805
12727
12822
12685
12867
12849
12796
12927
12888
12855
12927
12923
12931
12788
12879
12794
12766
12783
12928
12730
12838
12811
12695
12841
12780
12835
12923
12864
12807
12764
12867
12706
12855
12756
12822
12868
12835
12854
12895
12793
12707
12874
12845
12934
12866
12905
12869
12724
12910
12879
12930
12888
12761
12804
12747
12815
12764
12841
12823
12786
12676
12749
12718
12783
12785
12818
12777
12888
12704
12870
12742
12822
12812
12798
12770
12795
12714
12706
12851
12871
12901
12880
12777
12833
12827
12874
12809
12714
12798
12850
12873
12799
12739
12785
12764
12815
12842
12832
12853
12699
12858
12833
12834
12890
12730
12788
12836
12798
12877
12859
12867
12804
12800
12895
12871
12765
12904
12768
12783
12831
12878
12928
12878
12795
12779
12927
12884
12842
12805
12763
12791
12839
12924
12863
12860
12984
12882
12771
12917
12916
12741
12839
12875
12782
12902
13007
12762
12811
12896
12942
12950
12882
12705
12838
12807
12962
13009
12904
12965
12818
12810
12758
12877
12813
12874
12992
12909
12877
12899
12857
13022
12984
13040
13011
12881
12936
12915
12932
12903
12944
12827
12913
12900
12825
12874
12793
12822
12872
12875
12857
12854
12822
12846
12861
12847
12890
12868
12781
12793
12817
12848
12853
12852
12702
12897
12803
12795
12879
12922
12787
12862
12986
12980
12921
12868
12930
12828
12901
12919
12867
12864
12782
12885
12739
12878
12773
12870
12785
12828
12792
12884
12752
12916
12736
12771
12893
12875
12777
12838
12787
12909
12944
12859
12593
12822
12817
12822
12821
12806
12842
12859
12894
12946
12874
12832
12766
12808
12916
12732
12914
12859
12901
12860
12816
12774
12906
12918
12847
12814
12901
12832
12922
12845
12782
12989
12856
12856
12912
12832
12839
12794
12736
12908
12847
12757
12891
12782
12811
12878
12781
12832
12863
12735
12848
12793
12723
12819
12818
12771
12749
12849
12949
12803
12746
12827
12836
12801
12836
12855
12877
12879
12816
12769
12833
12860
12725
12895
12817
12885
12800
12856
12847
12791
12795
12783
12789
12822
12821
12889
12771
12909
12760
12869
12813
12844
12711
12836
12770
12771
12709
12705
12751
12784
12734
12701
12801
12908
12865
12867
12767
12876
12956
12887
12892
12766
12816
12890
12836
12771
12922
12845
12797
12841
12728
12770
12849
12799
12791
12797
12821
12823
12893
12731
12866
12949
12809
12911
12908
12751
12718
12901
12796
12780
12743
12833
12811
12920
12690
12799
12909
12732
12816
12831
12732
12810
12820
12784
12829
12626
12796
12752
12802
12884
12767
12798
12820
12732
12862
12786
12776
12734
12780
12860
12701
12920
12902
12771
12715
12924
12935
12795
12964
12810
12851
12867
12880
12831
12836
12787
12908
12686
12766
12799
12866
12749
12780
12813
12726
12794
12904
12865
12794
12889
12844
12827
12817
12912
12856
12685
12856
12888
12774
12855
12864
12770
12896
12728
12988
12849
12868
12896
12849
12857
12713
12837
12818
12796
12765
12911
12811
12883
12748
12911
12800
12746
12747
12780
12740
12878
12838
12915
12768
12891
12802
12755
12822
12796
12807
12694
12803
12858
12877
12906
12831
12818
12876
12895
12856
12932
12913
12804
12775
12704
12908
12814
12933
12886
12819
12975
12830
12754
12797
12825
12820
12865
12747
12876
12808
12739
12834
12774
12823
13055
12801
12909
12716
12737
12912
12866
12899
12722
12922
12739
12943
12887
12937
12896
12843
12770
12820
12818
12912
12878
12805
12816
12877
12946
12805
12729
12776
12800
12846
12872
12834
12700
12925
12760
12942
12781
12981
12836
12938
12888
12869
12964
12861
12831
12866
12853
12881
12920
12778
12875
12931
12849
12895
12835
12855
12895
12845
12958
12820
13014
12953
12872
12808
12735
12925
12861
12968
12864
12868
12896
12904
12936
12799
12777
12845
12919
12893
12909
12896
12856
12775
12842
12750
12797
12971
13006
12995
12887
12805
12938
12866
12893
12737
12886
12907
12873
12947
12814
12889
12918
12936
12872
12833
12934
12870
12955
12931
12867
12794
12781
12909
12837
12759
12976
12881
12822
12848
12899
12847
12900
12861
12860
12761
12778
12883
12828
12856
12950
12833
12893
12749
12841
12903
12805
12810
12826
12861
12862
12834
12864
12827
12777
12740
12912
12824
12822
12924
12857
12871
12887
12882
12956
12860
12848
12972
12881
12832
12858
12848
12826
12757
12795
12905
12892
12856
12740
12758
12743
12882
12947
12808
12854
12814
12830
12850
12975
12774
12968
12965
12887
12902
12805
12865
12993
12970
12987
12973
12918
12961
12938
12893
12832
13053
12957
12994
12890
13016
12990
12908
12931
12912
12932
12981
12938
12940
13011
12960
12967
12785
12933
12932
12893
12803
12895
12901
12823
12681
12906
12744
12968
12814
12895
12886
12860
12847
12846
12765
12885
12796
12815
12832
12879
12918
12750
12971
12706
12881
12811
12997
12743
12928
12791
12895
12882
12724
12914
12807
12810
12912
12869
12783
12839
12852
12938
12700
12882
12892
12858
12767
12821
12802
12898
12785
12704
12861
12868
12771
12828
12807
12744
13038
12921
12916
12753
12932
12834
12910
12813
12877
12791
12918
12986
12748
12881
12969
12834
12726
12849
12673
12868
12785
12917
12749
12913
12903
12914
12787
12901
12882
12830
12944




12847
12831
12878
12893
12895
12845
12796
12788
12881
12899
12783
12885
12813
12891
12872
12851
12855
12819
12832
12911
12885
12848
13069
12930
13045
12676
12974
12914
12776
13001
12932
12853
12992
12962
12765
12857
12836
12962
12932
12888
12901
12936
12883
12891
12969
12756
12862
12880
12928
12958
12818
12927
12802
12862
12749
12823
12978
12976
12859
12713
12777
12848
12890
12937
12867
12834
12821
12958
12829
12815
12860
12913
12785
12866
12767
12920
12874
12956
12952
12928
12685
12864
12741
12864
12833
12936
12847
12822
12867
12802
12880
12729
12819
12852
12724
12798
12864
12756
12868
12803
12825
12860
12856
12926
12795
12764
12740
12797
12826
12874
12816
12729
12812
12793
12833
12856
12731
12822
12761
12793
12790
12793
12876
12840
12926
12867
12850
12774
12888
12840
12876
12822
12705
12827
12724
12798
12735
12953
12858
12869
12789
12938
12821
12869
12880
12872
12893
12960
12805
12819
12736
12866
12824
12948
12785
12831
12856
12805
12785
12723
12898
12804
12838
12851
12944
12875
12744
12757
12791
12914
12794
12833
12877
12792
12888
12752
12821
12780
12879
12816
12802
12718
12809
12893
12863
12831
12796
12827
12872
12833
12900
12770
12966
12795
12694
12868
12819
12771
12813
12788
12894
12726
12875
12795
12779
12754
12853
12858
12921
12870
12853
12807
12648
12904
12916
12862
12778
12727
12866
12789
12776
12767
12863
12889
12868
12838
12845
12871
12838
12863
12695
12817
12867
12855
12821
12833
12870
12800
12882
12870
12725
12765
12903
12807
12856
12901
12842
12795
12748
12749
12689
12805
12782
12801
12796
12724
12835
12791
12760
12802
12777
12870
12775
12840
12809
12707
12767
12873
12930
12747
13008
12792
12876
12870
12734
12793
12830
12769
12812
12753
12807
12902
12826
12632
12866
12797
12817
12851
12817
12826
12914
12876
12829
12806
12881
12922
12812
12806
12770
12746
12874
12877
12871
12861
12675
12855
12921
12989
12722
12834
12829
12905
12902
12825
12875
12849
12726
12784
12795
12849
12777
12827
12847
12818
12925
12810
12830
12880
12692
12783
12884
12937
12822
12864
12838
12834
12796
12844
12768
12828
12784
12769
12870
12778
12814
12795
12840
12845
12928
12855
12739
12865
12755
12908
12876
12846
12827
12829
12807
12980
12854
12852
12793
12966
12857
12759
12793
12756
12869
12855
12714
12798
12909
12952
12955
12870
12782
12814
13023
12774
12758
12745
12781
12729
12779
12909
12684
12838
12838
12916
12775
12847
12799
12961
12867
12852
12773
12869
12836
13084
12817
12790
12871
12911
12889
12850
12778
12829
12865
12802
12760
12782
12874
12797
12895
12844
12843
12839
12869
12816
12866
12775
12826
12990
12780
12919
12911
12892
12902
12940
12884
12835
13029
13024
12889
12864
12987
12840
12848
12858
12816
12925
13034
12934
12952
12831
12860
12818
12956
12907
12879
12860
12871
12938
12815
12970
12931
12931
12938
12814
12897
12933
12855
12895
12932
12963
12816
12858
12913
12875
12697
12937
12883
12846
12877
12961
12850
12795
12708
12924
12862
12873
12939
13056
12847
12846
12834
12892
12902
12880
12869
12827
12734
12832
12846
12934
12827
12808
12880
12900
12841
12929
12827
12792
12747
12803
12871
12861
12780
12752
12826
12780
12855
12974
12950
12839
12816
12892
12944
12767
12909
12857
12769
12822
12712
12839
12902
12921
12822
12908
12815
12817
12795
12880
12823
12805
12776
12799
12770
12924
12894
12848
13003
12822
12945
12772
12683
12880
13026
12990
12892
12827
12846
12840
12794
12879
12760
12908
12893
12939
12861
12834
12817
12723
12827
12813
12888
12873
12749
12798
12905
12830
12766
12739
12816
12753
12858
12913
12852
12833
12919
12762
12795
12764
12881
12712
12722
12866
12736
12845
12958
12796
12784
12992
12934
12888
12987
12766
12782
12866
12834
12865
12742
12835
12827
12855
12883
12811
12755
12893
12848
12849
12746
12755
12903
12937
12862
12812
12853
12722
12796
12826
12921
13028
12687
12839
12821
12872
12697
12761
12814
12729
12853
12760
12735
12811
13018
12859
12755
12789
12830
12867
12764
12706
12880
12811
12843
12812
12846
12795
12888
12843
12788
12775
12806
12894
12891
12883
12843
12724
12691
12734
12833
12862
12660
12723
12806
12681
12823
12827
12783
12849
12822
12880
12826
12730
12853
12740
12720
12713
12854
12919
12729
12817
12769
12838
12847
12894
12849
12730
12792
12903
12652

12790
12862
12800
12729
12748
12793
12799
12769
12788
12804
12856
12849
12805
12889
12846
12762
12665
12901
12807
12865
12818
12727
12814
12728
12733
12732
12822
12762
12861
12775
12796
12860
12747
12902
12820
12738
12742
12765
12845
12854
12836
12848
12777
12767
12805
12734
12838
12808
12872
12776
12868
12787
12853
12816
12800
12880
12839
12794
12808
12823
12893
12834
12914
12719
12828
12782
12757
12783
12889
12870
12861
12926
12646
12845
12664
12798
12849
12759
12841
12833
12731
12815
12789
12749
12779
12829
12662
12679
12942
12943
12685
12919
12861
12857
12795
12780
12995
12680
12814
12945
12764
12805
12736
12784
12892
12693
12888
12806
12795
12813
12790
12837
12732
12840
12817
12851
12746
12752
12755
12820
12789
12771
12853
12832
12655
12836
12765
12895
12813
12811
12741
12772
12770
12720
12893
12837
12804
12899
12829
12768
12920
12922
12783
12955
12851
12806
12780
12864
12917
12894
12818
12951
12834
12810
12801
12838
12832
12828
12765
12873
12770
12798
12886
12797
12852
12799
12976
12870
12793
12869
12851
12838
12773
12850
12870
12809
12966
12958
12881
12989
12749
12901
12968
12878
12850
12906
12860
12763
12684
12856
12743
12877
12939
12779
12848
12741
12912
12752
12869
12857
12912
12939
12810
12893
12805
12869
12943
12808
12896
12870
12877
12877
12817
12793
12882
12754
12964
12826
12914
12890
12847
12916
12837
12810
12811
12784
12915
12897
12853
12942
12822
12982
12784
12815
12828
12848
12807
12927
12860
12942
12928
12817
12877
12920
12900
12801
12834
12812
12860
12877
12796
12959
12858
12913
12812
12885
12820
12813
12919
12815
12928
12832
12774
12846
12859
12824
12905
12779
12777
12920
12829
12906
12832
12787
12792
12905
12781
12930
12853
12827
12736
12678
12829
12864
12787
12820
12783
12877
12826
12793
12852
12763
12713
12804
12913
12892
12728
12791
12684
12833
12796
12752
12746
12736
12721
12822
12755
12833
12833
12837
12793
12912
12891
12854
12807
12839
12852
12908
12828
12685
12935
12877
12751
12816
13016
12777
12830
12923
12765
12864
12705
12880
12924
12890
13024
12945
12861
13041
12814
13003
12983
12868
12916
12925
12889
13007
12797
12921
13000
12956
12927
12949
12925
12862
12866
12791
12865
12854
12901
12729
12938
12909
12828
12742
12890
12751
12877
12829
12888
12905
12822
12692
12810
12720
12780
12816
12788
12836
12794
12858
12830
12707
12948
12743
12841
12766
12850
12851
12824
12876
12742
12764
12753
12827
12693
12869
12848
12880
12808
12759
12738
12796
12753
12817
12780
12830
12838
12753
12822
12891
12882
12848
12850
12913
12881
12921
12781
12875
12782
12902
12880
12837
12895
12859
12786
12746
12887
12769
12760
12913
12696
12826
12789
12867
12939
12871
12827
12814
12871
12831
12882
12732
12874
12742
12688
12779
12943
12874
12923
12756
12781
12795
12862
12840
12809
12771
12872
12928
12846
12799
12818
12831
12858
12779
12815
12837
12889
12780
12817
12795
12833
12773
12895
12822
12908
12714
12911
12891
12850
12807
12821
12796
12651
12839
12713
12701
12937
12950
12827
12981
12807
12874
12858
12838
12773
12847
12849
12896
12937
12758
12928
12724
12902
12902
12814
12755
12723
12867
12836
12913
12868
12840
12839
12830
12815
12749
12862
12897
12929
12792
12745
12815
12807
12796
12864
12804
12747
12874
12904
12800
12773
12864
12931
12864
12829
12868
12799
12843
12862
12755
12851
12737



12908
12746
12866
12759
12774
12816
12914
12876
12878
12672
12890
12821
12723
12812
12772
12921
12880
12754
12735
12862
12867
12928
12716
12743
12833
12839
12800
12899
12838
12739
12873
12665
12761
12972
12766
12848
12769
12693
12753
12787
13000
12808
12800
12925
12784
12952
12839
12785
12762

12873
12750
12788
12706
12678
12700
12793
12956
12798
12876
12869
12722
12844
12682
12787
12809
12751
12732
12860
12861
12879
12844
12741
12721
12699
12791
12798
12750
12800
12898
12862
12799
12857
12788
12809
12804
12755
12817
12771
12776
12890
12815
12768
12905
12766
12782
12762
12757
12853
12704
12776
12733
12847
12743
12750
12962
12806
12748
12751
12798
12707
12932
12865
12809
12830
12698
12818
12675
12762
12894
12732
12812
12727
12608
12742
12840
12758
12783
12743
12733
12767
12860
12838
12744
12881
12768
12750
12819
12686
12788
12665
12890
12811
12751
12752
12823
12761
12730
12646
12747
12698
12722
12821
12806
12663
12848
12919
12763
12890
12753
12808
12904
12765
12744
12794
12763
12870
12808
12876
12807
12714
12769
12801
12815
12768
12807
12840
12832
12813
12843
12860
12789
12746
12846
12798
12779
12868
12842
12822
12752
12738
12798
12808
12830
12796
12745
12795
12790
12708
12861
12811
12831
12828
12809
12791
12837
12915
12822
12937
12823
12843
12839
12747
12885
12802
12784
12831
12908
12677
12762
12942
12751
12834
13008
12862
12907
12856
12820
12896
12717
12809
12863
12808
12856
12766
12807
12855
12864
12813
12808
12849
12755
12888
12711
12910
12905
12858
12894
12832
12797
12851
12843
12816
12877
12882
12746

12868
12753
12859
12720
12960
12793
12867
12853
12829
12899
12766
12867
12797
12888
12866
12893
12959
12809
12871
12956
12692
12832
12848
12738
12858
12836
12897
12725
12941
12730
12770
12809
12917
12932
12885
12865
12783
12775
12814
12797
12895
12805
12828
12882
12844
12870
12820
12787



12780
12822
12735
12923
12839
12792
12718
12689
12874



12739
12705
12737
12804
12811
12850
12903
12905
12703
12697
12744
12856
12819
12714
12720
12828
12690
12929
12860
12846
12883
12922
12846
12801
12911
12829
12834
12728
12762
12771
12812
12801
12788
12808
12799
12966
12795
12872
12806
12805
12912
12806
12854
12689
12797
12860
12960
12857
12857
12923
12828
12878
12825
12795
12793
12790
12991
12816
12980
12775
12892
12839
12910
12942
12938
12919
12964
12903
12843
12900
12764
12890
12901
12963
12860
12837
12757
12926
12773
12874
12805
12808
12906
12850
12851
12795
12752
12898
12795
12840
12862
12880
12939
12740
12898
12822
12811
12853
12890
12765
12793
12912
12753
12824
12775
12932
12786
12826
12911
12865
12731
12875
12738
12805
12818
12864
12771
12790
12879
12821
12831
12784
12903
12828
12742
12799
12810
12959
12709
12791
12737
12851
12752
12804
12763
12737
12849
12712
12846
12712
12837
12697
12924
12922
12907
12739
12849
12782
12913
12807
12811
12814
12751
12823
12901
12864
12853
12870
12816
12863
12746
12862
12787
12832
12840
12801
12839
12750
12876
12784
12905
12888
12862
12864
12768
12844
12938
12976
12785
12880
12756
12828
12816
12782
12847
12851
12743
12832
12771
12804
12869
12845
12863
12875
12883
12861
12797
12718
12819
12823
12879
12703
12860
12845
12735
12710
12851
12851
12906
12888
12810
12878
12883
12751
12755
12959
12833
12706
12814
12848
12915
12840
12843
12865
12758
12882
12835
12782
12811
12844
12879
12761
12809
12655
12769
12844
12898
12829
12876
12802
12750
12905
12740
12867
12836
12956
12759
12765
12784
12846
12811
12874
12941
12787
12882
12858
12827
12790
12830
12799
12762
12800
12730
12775
12846
12727
12802
12771
12867
12859
12811
12806
12879
12824
12845
12634
12811
12761
12840
12787
12757
12887
12848
12845
12669
12760
12718
12713
12885
12818
12826
12863
12848
12767
12841
12804
12741
12901
12860
12761
12790
12732
12612
12879
12880
12801
12731
12698
12809
12761
12673
12755
12782
12722
12926
12779
12632
12794
12752
12795
12755
12838
12816
12781
12823
12798
12814
12720
12845
12863
12743
12822
12871
12816
12801
12754
12790
12822
12794
12799
12826
12901
12768
12757
12701
12849
12752
12892
12844
12854
12892
12757
12829
12682
12872
12777
12831
12835
12815
12760
12832
12742
12822
12819
12793
12870
12885
12798
12904
12817
12749
12742
12635
12842
12749
12821
12858
12793
12766
12777
12812
12866
12889
12819
12859
12769
12780
12842
12821
12682
12799
12854
12725
12819
12776
12850
12874
12776
12792
12864
12792
12764
12822
12795
12883
12822
12842
12726
12808
12798
12685
12901
12775
12735
12859
12784
12829
12920
12681
12827
12787
12845
12667
12801
12836
12788
12764
12798
12653
12861
12883
12733
12824
12717
12743
12900
12851
12839
12784
12845
12827
12833
12692
12785
12774
12878
12967
12850
12830
12846
12705
12675
12782
12672
12840
12863
12754
12914
12889
12670
12886
12852
12796
12860
12818
12788
12871
12736
12802
12825
12941
12861
12784
12955
12796
12839
12890
12877
12839
12734
12796
12957
12911
12922
12727
12851
12939
12805
12746
12774
12756
12869
12893
12848
12838
12792
12793
12869
12834
12807
12804
12763
12859
12951
12782
12712
12888
12832
12865
12774
12760
12849
12738
12882
13012
12889
12815
12842
12770
12976
12844
12892
12818
12885
12920
12818
12834
12671
12803
12874
12839
12969
12733
12841
12881
12861
12905
12878
12800
12929
12804
12795
12852
12918
12879
12822
12782
12933
12906
12858
12930
12843
12914
12816
12911
12867
12953
12935
12931
12665
12906
12863
12861
12736
12900
12775
12770
12832
12786
12868
12703
12888
12834
12821
12810
12759
12796
12712
12800
12935
12802
12837
12865
12812
12785
12848
12868
12884
12780
12799
12825
12749
12879
12795
12931
12834
12756
12749
12781
12948
12791
12684
12809
12775
12855
12716
12778
12860
12756
12829
12702
12824
12812
12903
12857
12757
12845
12836
12941
12822
12757
12748
12919
12789
12838
12712
12877
12850
12825
12833
12858
12864
12724
12764
12934
12866
12839
12936
12817
12807
12792
12856
12843
12741
12857
12808
13004
12789
12940
12793
12843
12929
12785
12884
12978
12880
12902
12932
12908
12864
12961
12966
12815
12871
12845
12814
12754
12862

12877
12834
12767
12903
12742
12832
12794
12921
12759
12895
12907
12822
12705
12757
12875
12743
12897
12759
12822
12878
12919
12743
12917
12879
12840
12706
12883
12743
12856
12826
12645
12996
12791
12729
12793
12851
12960
12889
12894
12759
12652
12846
12845
12775
12751
12724
12675
12871
12851
12847
12832
12896
12775
12797
12902
12914
12786
12803
12767
12844
12859
12809
12814
12837
12723
12815
12787
12716
12819
12738
12932
12868
12756
12830
12884
12663
12775
12809
12942
12797
12810
12886
12893
12735
12814
12878
12747
12819
12765
12812
12850
12851
12742
12878
12809
12872
12927
12770
12912
12726
12868
12831
12739
12765
12721
12711
12845
12832
12816
12802
12912
12741
12813
12884
12814
12863
12759
12791
12820
12931
12805
12792
12919
12764
12810
12858
12847
12886
12728
12839
12832
12951
12872
12810
12857
12779
12727
12896
12860
12803
12808
12921
12952
12791
12830
12798
12731
12742
12870
12911
12917
12870
12735
12782
12815
12688
12660
12885
12818
12734
12693
12851
12981
12724
12822
12913
12917
12724
12933
12775
12945
12821
12902
12878
12841
12778
12847
12749
12843
12759
12797
12816
12891
12745
12754
12753
12820
12739
12858
12843
12721
12855
12711
12735
12797
12688
12804
12726
12916
12705
12827
12739
12854
12712
12798
12831
12721
12885
12648
12889
12756
12771
12865
12921
12778
12846
12879
12844
12701
12762
12827
12921
12743
12847
12870
12870
12815
12746
12844
12747
12766
12805
12765
12761
12885
12739
12771
12840
12804
12941
12757
12835
12781
12761
12728
12603
12775
12847
12875
12794
12803
12865
12627
12732
12809
12813
12852
12830
12848
12908
12919
12823
12846
12729
12813
12871
12880
12882
12738
12712
12764
12709
12920
12844
12743
12799
12823
12682
12812
12922
12805
12852
12835
12734
12637
12926
12739
12759
12830
12910
12786
12782
12894
12766
12733
12763
12847
12711
12835
12661
12728
12764
12848
12840
12767
12727
12813
12763
12757
12823
12724
12639
12809
12845
12747
12957
12814
12860
12757
12757
12802
12898
12719
12819
12777
12763
12880
12718
12929
12824
12809
12766
12767
12798
12762
12821
12820
12877
12765
12729
12738
12871
12768
12795
12736
12915
12824
12859
12839
12721
12794
12810
12804
12781
12774
12742
12854
12742
12779
12822
12765
12749
12693
12682
12789
12709
12818
12745
12785
12722
12844
12810
12790
12795
12890
12772
12832
12854
12850
12810
12715
12723
12926
12777
12871
12778
12749
12923
12770
12772
12901
12714
12787
12787
12787
12709
12839
12719
12871
12862
12773
12808
12743
12847
12846
13006
12847
12741
12758
12823
12880
12758
12857
12815
12870
12865
12759
12795
12923
12886
12832
12874
12858
12801
12926
12873
12855
12765
12821
12840
12728
12914
12933
12858
12796
12863
12845
12846
12777
12839
12885
12906
12916
12968
12751
12828
12729
12765
12868
12744
12842
12875
12861
12794
12747
12806
12909
12868
12871
12862
12843
12923
12845
12814
12915
12802
12897
12773
12832
12752
12863
12882
12917
12884
12833
12848
13009
12726
12844
12865
12883
12889
12832
12884
12888
12811
12863
12882
12795
12863
12878
12887
12800
12804
12844
12831
12731
12829
12761
12830
12801
12915
12901
12908
12870
12766
12886
12890
12822
12841
12869
12799
12746
12912
12709
12957
12923
12812
12845
12899
12836
12899
13025
12773
12853
12863
12869
12882
12787
12945
12877
12896
12713
12857
12829
12756
12890
12844
12794
12822
12788
12856
12749
12820
12776
12975
12887
12873
12728
12822
12872
12796
12898
12863
12803
12767
12796
12861
12913
12721
12859
12975
12970
12738
12873
12965
12877
12960
12928
12986
12774
12920
12914
13041
12851
12882
13000
12956
12999
12982
12822
12867
12824
13017
12847
12833
12850
12916
12890
12913
12841
12743
12910
12882
12887
12841
12766
12713
12910
12767
12974
12810
12726
12836
12722
12832
12926
12800
12729
12854
12964
12732
12899
12912
12928
12892
12814
12855
12864
12849
12760
12843
12870
12730
12683
12756
12926
12895
12868
12768
12726
12832
12768
12748
12777
12744
12848
12797
12790
12912
12838
12965
12786
12901
12840
12827
12916
12886
12842
12837
12792
12647
12908
12749
12746
12710
12893
12776
12842
12843
12986
12782
12872
13001
12715
12861
12916
12862
12794
12776
12874
12807
12893
12805
12844
12834
12882
12834
12864
12938
12794
12822
12920
12914
12883
12904
12831
12842
12954
12751
12863
12923
12874
12895
12909
12884
12801
12834
12809
12829
12965
12893
12784
12945
12776
12850
12870
12912
12811
12862
12850
12761
12892
12942
12842
12739
12857
12733
12756
12788
12831
12979
12971
12716
12922
12889
12786
12767
12867
12752
12734
12815
12828
12886
12665
12785

12969
12880
12839
12849
12761
12944
12835
12967
12955
12808
12890
13016
12846
12751
12753
12729
12793
12968
12796
12783




12838
12875
12824
12814
12724
12780
12848
12759
12776
12850
12873
12820
12859
12794
12831
12777
12849
12815
12829
12801
12731
12817
12980
12895
12831
12875
12796
12673
12772
12776
12889
12763
12842
12901
12813
12768
12785
12726
12683
12775
12710
12808
12740
12832
12740
12777
12801
12720
13034
12834
12795
12864
12612
12749
12814
12790
12737
12876
12848
12714
12797
12794
12761
12659
12703
12833
12737
12812
12811
12694
12734
12837
12874
12744
12923
12674
12763
12791
12776
12749
12775
12715
12741
12795
12830
12723
12788
12792
12822
12758
12824
12757
12806
12962
12731
12802
12837
12794
12689
12778
12747
12746
12728
12682
12776
12737
12846
12835
12668
12784
12754
12892
12654
12714
12811
12741
12814
12754
12770
12662
12688
12869
12820
12788
12782
12829
12703
12777
12717
12725
12708
12854
12830
12771
12779
12738
12650
12682
12728
12843
12740
12862
12942
12669
12741
12821
12755
12821
12648
12794
12924
12830
12771
12825
12740
12859
12836
12795
12726
12775
12890
12789
12870
12829
12873
12734
12785
12947
12780
12782
12846
12863
12916
12842
12737
12772
12780
12821
12773
12861
12730
12867
12769
12805
12827
12662
12881
12817
12887

12847
12791
12769
12710
12747
12773
12740
12804
12712
12829
12753
12833
12889
12763
12877
12739
12674
12912
12747
12777
12833
12682
12713
12797
12853
12759
12802
12773
12825
12834
12887
12843
12884
12864
12754
12804
12786
12880
12703
12848
12832
12800
12919
12827
12879
12771
12785
12840
12816
12739
12827
12868
12844
12785
12876
12873
12785
12854
12917
12772
12727
12726
12919
12887
12920
12810
12799
12800
12805
12823
12741
12778
12822
12773
12801
12792
12881
12778
12868
12925
12726
12838
12813
12729
12769
12834
12807
12832
12785
12959
12922
12898
12809
12866
12844
12896
12831
12804
12854
12787
12876
12823
12790
12893
12858
12826
12957
12696
12740
12809
12764
12825
12732
12927
12704
12777
12822
12823
12895
12815
12805
12768
12854
12810
12846
12903
12802
12712
12901
12823
12841
12841
12873
12827
12794
12755
12807
12862
12763
12685
12843
12664
12818
12760
12822
12770
12790
12845
12811
12809
12815
12943
12813
12729
12894
12729
12810
12825
12754
12687
12759
12727
12842
12782
12723
12777
12745
12675
12771
12755
12689
12745
12771
12709
12810
12743
12722
12691
12844
12709
12759
12808
12955
12905
12842
12819
12689
12737
12822
12860
12761
12816
12799

12804
12863
12788
12817
12795
12722
12799
12814
12770
12906
12814
12887
12718
12677
12845
12922
12793
12789
12945
12917
12774
12831
12910
12784
12897
12846
13053
12964
13045
12909
12903
12881
12922
12889
12840
12960
12885
12828
12774
12875
12770
12780
12767
12897
12831
12862
12830
12869
12814

12784
12865
12753
12807
12808
12890
12753
12734
12865
12856
12813
12748
12723
12733
12783
12835
12834
12917
12734
12811
12763
12860
12922
12724
12736
12804
12727
12699
12818
12895
12713
12784
12779
12895
12842
12838
12681
12706
12874
12705
12797
12883
12737
12811
12743
12771
12655
12942
12703
12806
12776
12807
12795
12795
12834
12849
12928
12719
12752
12742
12819
12876
12822
12738
12686
12820
12860
12941
12826
12867
12783
12880
12815
12894
12799
12924
12867
12758
12839
12865
12768
12681
12840
12757
12849
12810
12760
12896
12852
12786
12821
12790
12791
12870
12869
12781
12916
12794
12862
12860
12840
12779
12739
12758
12751
12696
12854
12925
12818
12831
12769
12905
12812
12845
12829
12859
12817
12773
12784
12745
12817
12814
12859
12798
12752
12792
12854
12774
12859
12694
12796
12854
12732
12828
12878
12917
12767
12781
12817
12710
12790
12761
12840
12832
12744
12783
12909
12741
12830
12872
12719
12788
12819
12912
12888
12884
12834
12834
12861
12781
12807
12771
12882
12804
12771
12801
12809
12883
12816
12822
12777
12761
12665
12829
12965
12854
12712
12869
12744
12770
12782
12735
12849
12845
12855
12810
12701
12743
12793
12820
12802
12866
12777
12726
12840
12788
12776
12726
12795
12762
12701
12645
12842
12782
12837
12907
12807
12856
12792
12757
12686
12786
12842
12754
12789
12807
12797
12813
12797
12727
12813
12750
12802
12702
12857
12816
12767
12785
12830
12747
12780
12832
12835
12752
12956
12846
12762
12882
12782
12782
12833
12737
12898
12853
12784
12934
12810
12673
12794
12821
12802
12777
12718
12712
12793
12854
12601
12709
12841
12696
12864
12695
12957
12799
12640
12650
12817
12934
12768
12624
12801
12759
12800
12772
12893
12802
12867
12782
12848
12727
12833
12798
12763
12812
12741
12812
12853
12837
12803
12776
12751
12885
12817
12766
12804
12889
12811
12760
12820
12686
12788
12807
12832
12712
12646
12758
12814
12591
12881
12884
12770
12798
12876
12730
12848
12859
12679
12738
12788
12800
12777
12816
12714
12741
12831
12806
12805
12805
12831
12807
12905
12811
12823
12814
12740
12691
12729
12925
12816
12827
12786
12812
12777
12672
12711
12829
12857
12721
12737
12803
12889
12863
12934
12749
12897
12846
12877
12901
12846
12904
12808
12864
12756
12866
12941
12858
12723
12750
12901
12814
12783
12747
12787
12775
12908
12834
12783
12751
12888
12737
12711
12836
12908
12819
12853
12957
12821
12726
12746
12841
12782
12865
12933
12832
12929
12898
12730
12755
12806
12815
12822
12849
12917
12963
12839
12848
12688
12806
12893
12741
12790
12866
12776
12711
12859
12895
12779
12812
12885
12843
12799
12825
12820
12779
12818
12869
12850
12895
12875
12765
12855
12804
12851
12878
12894
12826
12890
12883
12883
12749
12934
12846
12895
12740
12875
12871
12890
12864
12724
12776
12812
12854
12812
12809
12889
12793
12810
12896
12854
12850
12827
12885
12901
12847
12849
12884
12953
12827
12748
12939
12737
12813
12845
12931
12746
12858
12806
12943
12880
12808
12882
12835
12893
12928
12762
12855
12982
12835
12808
12871
12892
12879
12893
12885
12855
12741
12786
12919
12858
12668
12800
12865
12983
12771
12749
12784
12876
12918
12807
12834
12733
12739
12827
12872
12791
12870
12894
12756
12921
12704
12813
12871
12958
12974
12794
12782
12769
12809
12768
12899
12875
12846
12932
12750
12812
12797
12799
12769
12917
12830
12840
12913
12778
12878
12768
12901
12821
12792
12763
12844
12822
12803
12854
12792
12923
12747

12851
13034
12805
12895
12960
13048
12945
12865
12993
13046
12993
12806
12831
12867
12915
12847
12882
12957
12979
12865
12972
12887
12882
12803
12968
12735
12872
12895
12807
12866
12767
12923
12837
12841
12879
12840
12754
12810
12763
12905
12864
12780
12829
12817
12782
12804
12900
12900
12858
12828
12747
12897
12830
12878
12857
12842
12752
12877
12846
12843
12817
12805
12819
12748
12864
12858
12922
12704
12808
12744
12855
12911
12770
12852
12847
12932
12795
12830
12774
12839
12813
12738
12700
12822
12839
12828
12900
12921
12766
12788
12814
12943
12822
12866
12806
12894
13016
12964
12851
12797
12943
12783
12849
12954
12787
12846
12969
12900
12799
12827
12931
12870
12822
12850
12767
12794
12823
12942
12964
12805
12814
12844
12858
12840
12776
12871
12815
12810
12786
12732
12804
12768
12785
12756
12767
12908
12819
12815
12834
12975
12860
12839
12799
12895
12779
12845
12905
12745
12805
12861
12832
12819
12796
12851
12827
12796
12895
12764
12929
12872
12751
12908
12799
12754
12758
12871
12821
12815
12769
12901
12728
12817
12913
12781
12698
12767
12756
12983
12848
12830
12793
12855
12776
12833
12783
12890
12796
12840
12856
12833
12881
12908
12755
12780
12732
12866
12832
12861
12867
12878
12797
12795
12739
12762
12822
12732
12806
12940
12830
12772
12618
12654
12830
12812
12772
12707
12775
12848
12840
12881
12767
12762
12940
12839
12773
12757
12749
12874
12827
12837
12752
12750
12803
12815
12790
12676
12763
12696
12801
12830
12873
12921
12813
12806
12752
12855
12623
12920
12715
12827
12803
12797
12921
12835
12867
12823
12878
12734
12881
12764
12636
12787
12817
12793
12799
12791
12821
12911
12661
12748
12846
12787
12740
12828
12781
12792
12741
12840
12834
12813
12755
12844
12784
12706
12660
12716
12816
12917
12798
12862
12796
12824
12712
12635
12714
12805
12702
12791
12699
12886
12738
12723
12761
12855
12805
12765
12758
12849
12735
12791
12729
12719
12755
12718
12766
12740
12825
12710
12799
12927
12822
12885
12843
12713
12797
12831
12819
12863
12724
12684
12777
12794
12759
12906
12863
12911
12831
12751
12722
12769
12731
12801
12783
12877
12708
12722
12704
12871
12770
12675
12765
12739
12684
12737
12740
12724
12768
12904
12852
12835
12798
12787
12742
12795
12868
12757
12657
12842
12828
12709
12776
12810
12759
12754
12849
12870
12740
12863
12799
12798
12719
12704
12759
12653
12709
12891
12776
12768
12879
12827
12873
12719
12692
12725
12682
12832
12830
12881
12770
12708
12783
12755
12848
12640
12647
12880
12700
12783
12714
12844
12863
12743
12807
12975
12863
12897
12833
12839
12899
12800
12884
12884
12782
12930
12614
12797
12862
12765
12823
12846
12949
12780
12746
12822
12863
12861
12781
12872
12809
12855
12749
12856
12786
12710
12948
12823
12766
12817
12889
12853
12829
12777
12774
12890
12853
12866
12743
12780
12832
12836
12844
12787
12814
12881
12855
12845
12872
12959
12867
12719
12739
12754
12780
12856
12939
12760
12812
12808
12798
12801
12839
12763
12813
12825
12791
12790
12800
12874
12668
12745
12727
12865
12801
12718
12667
12838
12775
12901
12723
12822
12839
12824
12836
12769
12759
12832
12938
12854
12838
12803
12822
12799
12756
12703
12810
12810
12780
12693
12860
12783
12811
12784
12755
12775
12713
12845
12732
12803
12778
12704
12822
12823
12757
12661
12728
12722
12799
12774
12784
12782
12685
12746
12769
12805
12840
12860
12814
12775
12802
12811
12725
12824
12822
12772
12782
12751
12635
12831
12971
12728
12734
12826
12873
12899
12780
12855
12815
12711
12817
12776
12771
12919
12852
12771
12908
12828
12774
12868
12816
12783
12874
12796
12885
12754
12907
12886
12951
12798
12888
12932
12817
12860
12852
12843
12957
12914
12833
12900
12760
12896
12750
12899
12910
12827
12811
12795
12881
12973
12863
12871
13021
12855
12782
12898
12824
12755
12813
12833
12879
12778
12831
12830
12818
12854
12946
12739
12821
12850
12747
12761
12749
12764
12701
12803
12666
12877
12685
12769
12740
12786
12670
12843

12774
12810
12649
12714
12716
12732
12902
12797
12845
12819
12819
12701
12776
12788
12738
12835
12691
12833
12676
12802
12804
12760
12828
12885
12953
12806
12797
12758
12764
12715

12776
12734

12876
12734
12823
12796
12819
12817
12904
12721
12805
12844
12893
12782
12790
12761
12817
12766
12844
12746
12772
12822
12826
12810
12825
12900
12827
12725
12705
12717
12834
12725
12904
12859
12766
12888
12842
12843
12762
12691
12760
12815
12787
12758
12883
12731
12871
12872
12790
12897
12854
12822
12793
12876
12892
12775
12857
12747

12745
12667
12759
12902
12907
12934
12831
12782
12828
12817
12828
12863
12848
12876
12761
12875
12782
12873
12850
12874
12879
12857
12884
12880
12837
12751
12871
12750
12924
12911
12823
12798
12919
12915
12890
12767
12847
12704
12824
12722
12842
12822
12757
12803
12811
12777
12858
12626
12738
12783
12720
12848
12772
12743
12814
12763
12675
12850
12749
12822
12746
12780
12758
12850
12705
12740
12816
12813
12761
12654
12785
12840
12716
12807
12860
12819
12714
12742
12881
12732
12714
12699
12761
12774
12740
12854
12734
12748
12859
12811
12722
12795
12748
12693
12665
12757
12810
12752
12814
12731
12746




12688
12643
12767
12895
12761
12777
12635
12703
12736
12922
12664
12758
12758
12730
12855
12817
12761
12779
12703
12745
12808
12743
12791
12704
12816
12774
12785
12793
12898
12680
12732
12778
12798
12831
12821
12768
12733
12878
12715
12867
12892
12790
12816
12783
12812
12939
12896
12751
12803
12811
12712
12605
12750
12741
12674
12788
12764
12797
12813
12843
12800
12832
12778
12866
12821
12839
12833
12821
12888
12829
12715
12733
12817
12826
12835
12799
12737
12784
12853
12698
12816
12777
12742
12894
12708
12793
12891
12818
12783
12764
12876
12740
12743
12825
12792
12835
12835
12737
12890
12831
12821
12776
12766
12817
12751
12787
12735
12887
12811
12867
12764
12827
12699
12770
12793
12690
12801
12873
12813
12755
12896
12891
12867
12881
12667
12833
12744
12938
12948
12818
12840
12805
12828
12870
12774
12865
12817
12892
12721
12809
12947
12773
12875
12822
12949
12920
12811
12839
12860
12751
12856
12834
12795
12795
12758
12764
12801
12776
12799
12739
12858
12754
12852
12826
12858
12748
12767
12865
12921
12999
12919
12870
12939
12789
12777
12855
12817
12801
12883
12881
12887
12886
12746
12925
12896
12959
12770
12856
12803
12972
12797
12869
12969
12822
12871
12959
12784
12811
12844
12876
12893
12878
12805
12795
12781
12858
12887
12837
12788
12819
12887
12840
12886
12816
12828
12828
12780
12969
12970
12793
12781
12790
12809
12873
12916
12811
12787
12904
12720
12899
12840
12874
12854
12920
12815
12815
12829
12934
12843
12907
12758
12769
12851
12899
12875
12844
12869
12741
12828
12944
12814
12930
12867
12882
12925
12844
12859
12958
12855
12863
12842
12785
12998
12886
12699
12759
12877
12941
12916
12809
12803
12921
12954
12701
12781
12835
12781
12873
12929
12822
12780
12921
12748
12732
12736
12964
12928
12766
12786
12912
12873
12759
12897
12972
12828
12824
12879
12741
12822
12818
12784
12778
12857
12996
12834
12904
12857
12739
12862
12910
12765
12804
12762
12959
12866
12917
12878
12817
12960
12839
13019
12926
12803
12873
12858
12852
12959
12853
13044
12867
12874
12963
12955
12956
13009
12795
12913
12897
12814
12834
12907
12796
12902
12969
12855
12967
13018
12837
12858
12979
12872
12895
12940
12901
12934
12892
12965
12734
12815
12942
12859
12866
12912
12881
12760
12846
12805
12751
12872
12914
12902
12949
12798
12868
12862
12945
12906
12931
12768
12893
12820
12798
12784
12867
12963
12750
12771
12868
12772
12857
12786
12793
12876
12787
12757
12852
12900
12955
12929
12691
12895
12787
12850
12840
12755
12944
12917
12708
12945
12847
12857
12877
12753
12849
12819
12856
12888
12870
12817
12815
12923
12829
12854
12766
12689
12775
12853
12929
12913
12810
12906
12920
12822
12952
12840
12751
12743
12945
12711
12701
12853
12886
12818
12844
12796
12821
12880
12887
12808
12728
12821
12854
12924
12816
12812
12780
12796
12781
12835
12811
12860
12881
12957
12804
12818
12853
12747
12801
12989
12843
12835
12876
12877
12991
12953
12914
12855
13015
12809
12856
12733
12833
12846
12830
12857
12746
12792
12937
12739
12849
12862
12942
12816
12733
12871
12884
12842
12864
12839
12954
12881
12803

12915
12792
12808
12912
12801
12766
12846
12876
12835
12900
12836
12835
12963
12839
12829
12865
12812
12761
12766
12870
12849
12868
12722
12885
12824
12787
12828
12829
12689
12796
12756
12784
12860
12820
12799
12826
12689
12902
12855
12849
12834
12754
12818
12678
12744
12767
12894
12828
12733
12845
12785
12705
12930
12891
12911
12691
12822
12767
12913
12758
12761
12734
12792
12840
12822
12755
12816
12706
12915
12741
12859
12775
12764
12739
12782
12868
12850
12814
12821
12878
12753
12827
12829
12799
12768
12676
12798
12745
12669
12807
12803
12846
12754
12909
12838
12603
12626
12772
12812
12728
12804
12668
12844
12778
12743
12781
12781
12801
12747
12720
12712
12679
12811

12853
12774
12731
12887
12638
12880
12785
12858
12752
12705
12827
12718
12885
12754
12952
12672
12712
12822
12850
12733
12772
12723
12685
12723
12852
12785
12879
12785
12669
12683
12713
12766
12791
12848
12685
12802
12684
12651
12815
12783
12900
12684
12809
12753
12907
12720
12766
12773
12714
12802
12757
12824
12764
12768
12801
12861
12876
12647
12756
12823
12786
12806
12739
12818
12814
12887
12739
12713
12778
12764
12842
12800
12666
12777
12745
12760
12846
12724
12897
12880
12805
12797
12734
12810
12712
12890
12678
12782
12685
12786
12719
12748
12785
12839
12796
12849
12804
12860
12799
12766
12857
12698
12873
12801
12817

12983
12880
12901
12843
12784
12855
12809
12793
12845
12720
12729
12720

12804
12839
12762
12736
12774
12706
12739
12913
12934
12822
12880
12771
12781
12840
12737
12765
12872
12828
12731
12829
12942
12827
12785
12815
12810
12906
12816
12800
12878
12822
12765
12776
12781
12885
12805
12792
12744
12816
12759
12824
12911
12766
12762
12813
12800
12809
12746
12732
12822
12917
12781
12829
12823
12881
12852
12794
12841
12833
12787
12740
12887
12824
12796
12725
12836
12856
12822
12807
12877
12745
12821
12817
12858
12766
12867
12827
12845
12720
12659
12701
12769
12807
12752
12683
12639
12900
12867
12767
12726
12787

12743
12905
12789
12754
12740
12729
12759
12743
12860
12612
12939
12733
12877
12797
12733
12774
12756
12775
12784
12818
12830
12804
12804
12878
12736
12826
12792
12840
12786
12746
12908
12804
12693
12748
12771
12677
12845
12866
12849
12755
12869
12684
12790
12855
12756
12747
12784
12825
12757
12774
12725
12846
12724
12802
12840
12774
12863
12814
12751
12812
12833
13029
12892
12914
12790
12843
12728
12975
12768
12854
13015
12920
12724
12935
12739
12985
12921
12983
12747
12843
12948
12948
13028
12896
12775
12893
12821
12935
12878
12924
12889
12885
12832
12856
12792
12897
12866
12706
12851
12859
12757
12812
12794
12791
12866
12841
12732
12784
12928
12852
12808
12723
12845
12779
12709
12874
12750
12789
12843
12832
12705
12794
12687
12666
12792
12851
12810
12754
12856
12651
12681
12851
12701
12756
12834
12894
12851
12752
12716
12853
12754
12754
12848
12758
12879
12852
12743
12698
12724
12818
12870
12822
12832
12737
12739
12790
12773
12837
12855
12738
12711
12785
12878
12715
12822
12912
12779
12790
12927
12838
12826
12709
12808
12834
12876
12702
12830
12693
12760
12637
12718
12756
12732
12817
12807
12814
12871
12673
12780
12782
12721
12710
12589
12756
12944
12782
12785
12782
12878
12775
12860
12738
12832
12689
12724
12891
12819
12697
12927
12811
12724
12720
12854
12847
12734
12908
12725
12751
12813
12683
12738
12719
12813
12735
12647
12780
12759
12746
12800
12795
12851
12665
12822
12795
12834
12817
12790
12780
12738
12758
12784
12752
12793
12695
12831
12918
12758
12779
12766
12701
12834
12859
12771
12701
12743
12764
12821
12771
12737
12756
12704
12853
12813
12705
12621
12755
12728
12777
12724
12747
12714
12784
12781
12754
12728
12759
12691
12751
12672
12782
12927
12832
12723
12778
12763
12858
12771
12705
12778
12761
12788
12789
12800
12754
12820
12793
12779
12799
12821
12756
12775
12698
12738
12713
12781
12755
12779
12728
12765
12765
12671
12660
12703
12804
12734
12758
12678
12891
12779
12778
12689
12735
12762
12828
12690
12758
12737
12788
12799
12791
12710
12791
12703
12788
12676
12685
12795
12859
12705
12750
12866
12741
12803
12858
12651
12815
12762
12791
12752
12789
12741
12713
12807
12766
12799
12666
12755
12660
12682
12648
12859
12772
12731
12822
12742
12764
12677
12740
12770
12832
12717
12791
12775
12768
12744
12846
12833
12770
12843
12867
12887
12734
12712
12784
12862
12872
12690
12774
12894
12890
12765
12774
12769
12850
12790
12805
12866
12855
12876
12698
12934
12667
12789
12764
12631
12766
12827
12696
12812
12852
12843
12659
12718
12813
12851
12774
12694
12793
12926
12825
12835
12779
12634
12822
12858
12780
12712
12779
12787
12923
12850
12723
12871
12780
12774
12767
12916
12768
12833
12821
12709
12868
12732
12834
12975
12844
12783
12681
12716
12823
12822
12902
12858
12853
12778
12804
12772
12856
12763
12688
12840
12926
12860
12797
12859
12758
12810
12834
12870
12856
12867
12900
12887
12933
12895
12837
12793
12720
12762
12804
12713
12964
12949
12810
12805
12778
12797
12846
12804
12907
12814
12919
12813
12785
12852
12769
12830
12794
12775
12866
12806
12844
12859
13028
12885
12937
12918
12814
12851
12920
12752
12980
12880
12910
12989
12871
12884
12829
12793
12902
12816
12942
12736
12843
12843
12865
12965
12939
12939
12910
12838
12876
12804
12822
12818
12755
12780
12904
12966
12882
12798
12855
12968
12976
12896
12870
12822
12781
12756
12915
12969
12829
12906
12902
12746
12760
12738
12852
12787
12815
12927
12878
12798
12866
12798
12901
12881
12771
12869
12760
12992
12833
12892
12906
12874
12974
12791
12817
12898
12696
12860
12959
12737
12867
12910
12887
12866
12931
12857
12827
12913
12901
12905
12865
12812
12920
12800
12848
12785
12961
12809
12820
12784
12837
12941
12882
12814
12923
12727
12981
12849
12807
12832
12837
12860
12835
12827
12891
12876
12828
12888
12871
12990
12893
12886
12956
12938
12894
12980
12773
13063
12943
12969
12857
12902
12892
12956
12928
12858
12983
12901
12834
12910
12831
12910
12798
12843
12881
12838
12926
12973
12847
12917
12860
12806
12741
12950
12846
12908
12763
12804
12843
12768
12793
12899
12984
12820
12891
12902
12913
12759
13000
12943
12866
12865
12771
12942
12964
12880
12901
12878
12826
12832
12817
12963
12920
12908
12787
12776
12967
12815
12855
12981
12836
12761
12895
12832
12920
12882
12768
12849
12843
12874
12878
12950
12822
12771
12841
12924
12822
12775
12940
12855
12821
12818
12936
12775
12814
12903
12875
12799
12863
12775
12851
12919
12871
13017
12846
12825
12763
12764
12810
12892
12861
12889
12820
12824
12851
12780
12881
12826
12846
12985
12735
12728
12863
12843
12634
12936
12860
12851
12831
12858
12937
12815
12747
12897
12963
12785
12904
12826
12899
12899
12874
12896
12756
12736
12891
12933
12817
12814
12731
12819
12830
12812
12688
12920
12848
12907
12945
12937
12864
12786
12903
12831
12849
12761
12822
12760
12734
12777
12871
12851
12800
12765
12778
12794
12738
12827
12712
12742
12771
12890
12768
12795
12839
12772
12789
12859
12944
12809
12755
12863
12678
12788
12898
12922
12910
12837
12994
12873
12805
12817
12829
12844
12812
12721
12763
12802
12826
12728
12780
12917
12871
12750
12863
12823
12731
12865
12877
12964
12779
12730
12721
12925
12862
12772
12724
12797
12789
12704
12784
12838
12810
12861
12843
12849
12784
12780
12865
12782
12939
12736
12867
12845
12874
12889
12768
12801
12727
12740
12682
12767
12777
12740
12748
12728
12630
12868
12754
12859
12781
12856
12710
12814
12684
12868
12917
12806
12807
12692
12792
12819
12845
12729
12888
12819
12796
12694
12763
12670
12625
12851
12891
12736
12733
12718
12683
12739
12684
12822
12687
12765
12826
12785
12706
12859
12632
12839
12711
12670
12765
12654
12775
12873
12700
12785
12815
12747
12840
12877
12809
12802
12812
12767
12773
12814
12775
12745
12717
12816
12827
12789
12684
12612
12772
12759
12685
12812
12739
12836
12828
12808
12669
12838
12793
12762
12707
12785
12829
12683
12762
12780
12852
12643
12651
12823
12679
12865
12727
12701
12744
12811
12855
12843
12680
12810
12846
12691
12827
12847
12660
12830
12867
12847
12774
12775
12675
12867
12863
12834
12826
12769
12775
12836
12806
12858
12745
12900
12850
12856
12816
12814
12768
12847
12684
12809
12720
12694
12804
12755
12734
12800
12800
12716
12739
12827
12713
12761
12781
12856
12671
12860
12806
12800
12804
12720
12859
12805
12733
12691
12793
12815
12734
12816
12771
12899
12814
12801
12801
12699
12822
12767
12899
12760
12796
12745
12689
12686
12780
12849
12840
12879
12814
12795
12671
12802
12820
12841
12711
12822
12760
12796
12757
12884
12832
12780
12802
12898
12882
12763
12811
12720
12800
12779
12766
12649
12684
12754
12876
12902
12841
12840
12883
12863
12793
12699
12712
12729
12759
12759
12820
12884
12876
12690
12837
12765
12697
12797
12856
12855
12753
12854
12998
12806
12778
12683
12747
12859
12849
12756
12804
12881
12749
12832
12837
12726
12754
12792
12760
12761
12781
12717
12783
12856
12867
12874
12772
12768
12828
12879
12958
12845
12843
12718
12862
12845
12832
12822
12870
12764
12711
12685
12800
12865
12849
12923
12687
12821
12877

12855
12845
12832
12957
12738
12896
12998
12953
12789
12820
12831
13057
12872
12896
12882
12890
12911
12808
12910
13021
12817
12978
12877
12855
12814
13010
12915
12803
12900
12911
12848
12852
12862
12974
12881
12920
12875
12798
12764
12824
12790
12837
12862
12751
12893
12787
12779
12797
12811
12808
12852
12764
12815
12768
12840
12752
12794

12905
12765
12801
12789
12697
12735
12815
12729
12673
12813
12682
12808
12853
12848
12884
12845
12949
12877
12777
12673
12809
12835
12746
12787
12791
12721
12827
12778
12744
12823
12816
12818
12836
12723
12712
12648
12601
12886
12712
12706
12910
12821
12739
12698
12702
12734
12894
12903
12822
12694
12854
12829
12728
12810
12816
12837
12634
12700
12804
12667
12700
12681
12755
12782
12727
12714
12787
12720
12716
12702
12782
12862
12782
12666
12777
12814
12688
12814
12783
12870
12825
12696
12747
12805
12761
12868
12728
12792
12750
12732
12715
12651
12703
12807
12757
12685
12838

12706
12643
12765
12857
12796
12720
12645
12829
12867
12854
12800
12741
12790
12654
12817
12864
12702
12603
12658
12800
12750
12778
12671
12716
12828
12654
12804
12750
12797
12719

12791
12805
12825
12771
12856
12762
12746
12785
12771
12849
12795
12853
12908
12845
12767
12834
12768
12756
12845
12768
12857
12690
12667
12594
12821
12889
12694
12674
12822
12706
12956
12680
12638
12762
12765
12769
12661
12603
12856
12827
12723
12798
12671
12828
12819
12760
12757
12693
12853
12726
12870
12795
12811
12898
12670
12752
12792
12822
12743
12845
12678
12762
12779
12935
12693
12793
12803
12812
12773
12743
12661
12900
12750
12780
12649
12777
12644
12799
12712
12845
12819
12763
12727
12756
12834
12734
12904
12720
12790
12893
12647
12767
12937
12896
12748
12680
12665
12660
12654
12785
12816
12709
12729
12681
12805
12801
12801
12712
12851
12795
12717
12741
12740
12771
12902
12697
12909
12720
12774
12874
12829
12674
12865
12731
12777
12720
12775
12799
12765
12866
12732
12773
12792
12818
12782
12795
12706
12815
12870
12806
12804
12794
12726
12822
12722
12771
12661
12730
12772
12826
12702
12858
12837
12782
12781
12878
12892
12808
12778
12849
12806
12766
12736
12913
12835
12780
12886
12739
12774
12779
12847
12800
12882
12824
12856
12822
12860
12867
12845
12758
12832
12879
12766
12815
12822
12817
12897
12754
12819
12795
12783
12777
12857
12809
12733
12851
12757
12898
12930
12785
12790
12872
12758
12717
12860
12855
12721
12924
12794
12929
12742
12888
12664
12964
12885
12971
12833
12861
12796
12913
12774
12877
12810
12776
12808
12805
12820
12815
12882
12798
12862
12811
12727
12851
12818
12779
12942
12922
12734
12933
12728
12873
12897
12937
12822
12855
12815
12822
12868
12740
12715
12797
12902
12705
12965
12786
12897
12829
12702
12780
12818
12822
12852
12747
12900
12954
12835
12857
12853
12946
12761
12857
12869
12824
12773
12951
12816
12808
12789
12851
12938
12815
12801
12863
12978
12852
12805
12866
12793
12968
12889
12861
12867
12733
12842
12811
12791
12796
12869
12882
12775
12775
12871
12912
12856
12815
12854
12867
12880
12804
12832
12855
12983
12759
12877
12917
12812
12817
12925
12900
12862
12815
12882
12955
12837
12918
12853
12970
12877
12805
12838
12880
12807
12922
12958
12984
12997
12941
12931
13033
12905
12821
13119

13019
12891
12881
12969
12875
12760
12869
12942
12721
12865
12852
12863
12916
12771
12827
12883
12936
12847
12801
12879
12758
12918
12825
12686
12925
12827
12785
12815
12906
12745
12868
12878
12779
12755
12702
12883
12895
12850
12783
12790
12933
12822
12827
12873
12893
12833
12884
12824
12787
12806
12875
12914
12857
12876
13003
12859
12759
12810
12777
12836
12846
12766
12828
12818
12791
12747
12844
12781
12736
12835
12848
12938
12954
12872
12879
12855
12704
12835
12809
12868
12806
12843
12885
12763
12929
12722
12809
12785
12755
12792
12805
12830
12926
12776

12826
12945
12784
12754
12754
12884
12861
12737
12849
12790
12759
12829
12801
12833
12824
12757
12757
12796
12827
12766
12839
12854
12858
12821
12951
12815
12793
12832
12770
12860
12770
12855
12720
12892
12851
12850
12771
12775
12854
12827
12832
12746
12776
12791
12758
12884
12812
12815
12761
12902
12878
12855
12798
12744
12775
12812
12915
12858
12653
12869
12808
12819
12800
12691
12868
12770
12775
12706
12822
12743
12779
12777
12785
12876
12926
12852
12731
12727
12718
12832
12861
12797
12814
12782
12678
12874
12795
12806
12743
12813
12812
12677
12961
12933
12708
12767
12790
12694
12768
12841
12827
12917
12871
12897
12887
12726
12766
12834
12806
12695
12750
12670
12615
12800
12766
12727
12823
12712
12901
12725
12736
12770
12759
12847
12681
12737
12777
12713
12649
12713
12664
12837
12752
12712
12849
12734
12713
12643
12744
12757
12749
12806
12817
12686
12807
12715
12764
12628
12762
12744
12709
12602
12773
12848
12822
12777
12845
12770
12855
12771
12811
12789
12735
12690
12809
12707
12720
12728
12812
12721
12836
12671
12773
12761
12823
12590
12784
12770
12780
12720
12762
12805
12743
12785
12751
12712
12810
12703
12890
12775
12695
12738
12756
12727
12713
12757
12778
12822
12758
12795
12749
12743
12720
12793
12732
12775
12850
12785
12676
12632
12665
12903
12600
12801

12736
12720
12707
12736
12687
12789
12747
12658
12673
12727
12762
12723
12723
12640
12732
12822
12761
12747
12864
12790
12745
12633
12684
12670
12761
12786
12768
12806
12801
12693
12816
12778
12840

12951
12818
12760
12784
12788
12677
12734
12810
12711
12594
12806
12726
12788
12600
12882
12739
12740

12757
12643
12773
12647
12733
12634
12751
12791
12823
12703
12893
12764
12822
12733
12683
12652
12720
12712
12700
12740
12750
12721
12760
12721
12822
12792
12746
12752
12698
12719
12852
12660
12698
12606
12729
12681
12705
12748
12662
12754
12771
12886
12703
12789
12862
12780
12652
12660
12794
12787
12768
12750
12809
12834
12862
12772
12780
12822
12832
12792
12911
12907
12809
12788
12821
12808
12807
12815
12826
12786
12762
12860
12739
12799
12737
12793
12892
12839
12800
12816
12727
12817
12792
12891
12771
12828
12919
12918
12739
12756
12943
12906
12776
12921
12835
12940
12873
12833
12931
12866
12893
13005
12845
12798
12863
12935
12924
12876
12839
12757
12888
12754
12861
12933
12841
12714
12842
12879
12782
12929
12812
12823
12775
12743
12814
12868
12844
12891
12796
12693
12821
12831
12839
12817
12711
12888
12775
12952
12727
12766
12760
12773
12912
12802
12665
12703
12747
12817
12752
12749
12782
12768
12743
12743
12790
12687
12631
12749
12812
12660
12755
12792
12753
12740
12729
12758
12782
12701
12731
12785
12662
12795
12612
12692
12782
12883
12740
12632
12700
12756
12757
12728
12742
12678
12793
12685
12729
12725
12728
12744
12757
12746
12925
12637
12739
12700
12791
12724
12760
12623
12691
12615
12747
12918
12684
12764
12724
12802
12806
12724
12805
12691
12730
12688
12818
12689
12797
12776
12683
12804
12779
12781
12603
12762
12769
12806
12688
12779
12683
12741
12742
12812
12693
12900
12740
12883
12658
12747
12851
12729
12614

12582
12727
12805
12827
12696
12833
12592
12757
12668
12732

12709
12852
12784
12722
12662
12694
12663
12927
12701
12801
12733
12880
12681
12778
12764
12787
12831
12794
12794
12842
12850
12726
12680
12757
12817
12717
12810
12745
12764
12943
12720
12799
12660
12785
12764
12804
12699
12763
12824
12622
12794
12761
12812
12768
12743
12705
12724
12752
12748
12781
12888
12698
12838
12822
12869
12642
12751
12700
12846
12757
12702
12859
12835
12755
12799
12769
12820
12772
12818
12725
12823
12751
12734
12796
12880
12635
12805
12824
12861
12877
12825
12693
12800
12801
12784
12822
12798
12699
12877
12766
12643
12731
12771
12927
12732
12635
12767
12722
12865
12773
12820
12861
12838
12844
12786
12760
12757
12948
12854
12853
12867
12833
12753
12791
12898
12678
12857
12786
12757
12925
12869
12730
12735
12765
12760
12809
12743
12767
12796
12786
12881
12770
12887
12791
12868
12860
12871
12750
12811
12797
12764
12717
12720
12871
12644
12788
12827
12795
12833
12901
12898
12757
12865
12745
12791
12743
12759
12793
12866
12831
12768
12957
12817
12898
12892
12817
12812
12778
12902
12747
13019
12844
12822
12767
12833
12769
12765
12856
12856
12730
12785
12798
12814
12710
12805
12773
12781
12787
12697
12882
12850
12895
12853
12904
12893
12638
12916
12812
12807
12809
12820
12950
12736
12767
12817
12823
12875
12838
12835
12760
12689
12847
12702
12784
12803
12732
12867
12798
12878
12896
12776
12761
12805
12821
12790
12738
12914
12861
12850
12856
12931
12932
12920
12742
12907
12867
12835
12880
12757
12918
12841
12860
12804
12807
12876
12868
12699
12872
12907
12823
12923

12759
12743
12950
12732
12779
12838
12897
12918
12777
12810
12829
12920
12816
12773
12817
12845
12841
12730
12923
12900
12940
12701

12720
12908
12812
12996
12863
12912
12988
12927
12895
12827
12745
12989
12897
12800
12932
12835
12837
12761
12925
12863
12901
12914
13017
13008
13010
12923
12882
13023
12901
12866
12843
12980
12986
12992
12790
12971
12923
12985
12813
12886
12784
12878
12779
12902
12787
12847
12869
12858
12815
12809
12829
12877
12963
12893
12839
12807
12757
12863
12890
12838
12722
12875
12868
12891
12911
12780
12773
12940
12821
12880
13002
12928
12824
12784
12859
12893
12870
12708
12771
12875
12811
12848
12881
12919
12726
12791
12773
12876
12913
12863
12731
12798
12964
12791
12882
12769
13001
12704
12826
12850
12748
12802
12976
12785
12788
12784
12766
12810
12796
12872
12768
12700
12882
12713
12782
12849
12762
12747
12876
12838
12891
12727
12814
12917
12890
12814
12836
12857
12835
12970
12665
12886
12752
12788
12754
12831
12840
12781
12800
12801
12764
12825
12859
12807
12730
12841
12798
12885
12869
12821
12865
12789
12850
12804
12773
12771
12822
12748
12842
12902
12876
12699
12727
12674
12767
12683
12705
12854
12791
12769
12736
12796
12766
12757
12747
12797
12856
12807
12840
12763
12767
12889
12750
12803
12764
12819
12853
12831
12891
12866
12752
12715
12825
12651
12775
12871
12768
12789
12869
12790
12873
12886
12819
12740
12841
12856
12776
12687
12757
12681
12806
12850
12807
12873
12889
12717
12698
12766
12844
12908
12900
12850
12813
12793
12858
12737
12714
12766
12750
12754
12720
12706
12760
12671
12794
12810
12724
12777
12702
12842
12800
12752
12711
12820
12814
12720
12768
12833
12785
12783
12756
12739
12852
12834
12761
12788
12845
12706
12756
12855
12705
12776
12783
12749
12742
12865
12870
12780
12794
12876
12812
12888
12645
12912
12839
12765
12907
12771
12759
12755
12778
12643
12701
12796
12757
12781
12811
12796
12745
12797
12707
12903
12659
12684
12703
12711
12762
12725
12702
12766
12603
12849
12614
12794
12663
12828
12793
12743
12753
12795
12701
12622
12776
12720
12797
12654
12749
12747
12722
12717
12764
12731
12615
12614
12737
12798
12789
12775
12725
12772

12796
12792
12721
12728

12741
12766
12705
12798
12710
12796
12669
12621
12742
12912
12666
12704
12718
12817
12881
12732
12825
12773
12635
12760
12743
12643
12744
12835
12605
12761
12732
12724
12712
12767
12779
12777
12708
12729
12778
12827

12682
12637

12729

12782
12714
12603
12640
12658
12808
12706
12811
12790
12760
12767
12614
12737
12697
12688
12766

12784
12732
12621
12901
12751
12757
12739
12765
12826
12747
12813
12742
12827
12728
12770
12632
12720
12712
12773
12798
12635
12660
12666
12747
12709
12789
12683
12741
12798
12824
12739
12795
12778
12712
12764
12846
12600
12767
12761
12688
12821
12698
12732
12878
12861
12736
12843
12778
12710
12946
12822
12786
12639
12773
12716
12886
12754
12776
12815
12922
12858
12895
12741
12958
12782
12970
12956
12739
12980
12956
12837
12878
12889
12858
13090
12936
12808
12778
12756
13019
12722
12790
12635
12829
12888
12799
12877
12851
12781
12804
12902
12939
12777
12717
12860
12821
12930
12710
12862
12816
12682
12667
12720
12740
12710
12843
12793
12805
12785
12700
12792
12837
12719
12757
12691
12726
12632
12665
12827
12904
12763
12726
12703
12757
12714
12677
12823
12778
12743
12709
12715
12696
12724
12711
12678
12729
12767
12791
12721
12785
12650
12788
12809
12713
12743
12834
12775
12654
12690
12631
12833
12593
12708
12706
12846
12726
12842
12724
12613
12786
12671
12880
12653

12668
12806
12851
12668
12719
12652
12738
12779
12793
12904
12754
12668
12754
12798
12645
12681
12793
12819
12811
12818
12766
12728
12746
12757
12828
12804
12794
12707
12762
12660
12845
12753
12806
12728
12731
12703
12797
12791
12807
12724
12810
12664
12635
12709
12872
12655
12750
12643
12743
12762
12714
12700
12853
12850
12804
12820
12840
12736
12753
12646
12726
12730
12741
12675
12739
12753
12824
12789
12743
12769
12742
12645
12760
12734
12765
12887
12742
12651
12750
12639
12791
12835
12668
12659
12685
12795
12799
12686
12811
12677
12617
12806
12907
12659
12773
12742
12831
12817
12642
12615
12760
12744
12707
12788
12805
12738
12926
12754
13030
12788
12767
12691
12780
12684
12804
12745
12673
12755
12883
12827
12720
12720
12800
12734
12797
12846
12880
12681
12771
12789
12814
12894
12755
12797
12790
12821
12797
12800
12878
12874
12794
12826
12806
12816
12780
12757
12904
12708
12798
12709
12768
12793
12804
12766
12730
12774
12772
12694
12751
12740
12878
12747
12721
12907
12769
12821
12777
12873
12702
12873
12895
12876
12783
12895
12854
12810
12868
12857
12765
12703
12873
12842
12770
12709
12751
12734
12814
12821
12797
12763
12870
12806
12773
12775
12771
12837
12807
12826
12772
12899
12832
12763
12849
12806
12817
12814
12839
12881
12782
12719
12743
12859
12736
12824
12740
12679
12807
12727
12797
12750
12798
12658
12759
12801
12902
12724
12864
12867
12792
12755
12817
12809
12765
12721
12685
12810
12792
12715
12660
12781
12736
12840
12979
12893
12850
12892
12718
12710
12954
12867
12855
12782
12799
12786
12903
12833
12922
12893
12792
12871
12784
12785
12840
12893
12866
12792
12788
12798
12810
12874
12859
12839
12775
12826
12853
12751
12860
12778
12765
12860
12851
12781
12852
12750
12884
12832
13016
12692
12828
12859
12909
12935
12899
12969
13026
13013
12997
12906
12758
12883
12868
12914
12894
12979
12909
12888
13038
12996
12985
12876
12795
12897
12859
12849
12969
12787
12814
12919
12932
12876
12927
12868
12896
12917
12948
12928
12913
13050
12893
12867
12957
12961
12989
12958
12892
12806
12842
12857
12822
12853
12828
12900
12771
12892
12841
12869
12940
12792

12851
12895
12844

12911
12871
12839
12822
12797
12778
12911
12912
12723
12905
12934
12952
12899
12908
12830
12796
12840
12832
12731

12784
12778
12772
12827
12975
12886
12679
12897
12820
12801
12839
12971
12868
12808
12920
12892
12745
12787
12805
12706
12812
12756
12816
12852
12845
12986
12687
12865
12780
12947
12945
12705
12773
12846
12862
12847
12745
12859
12813
12860
12787
12778
12713
12762
12848
12821
12729
12831
12874
12864
12774
12717
12738
12739
12807
12816
12837
12772
12911
12752
12862
12727
12969
12814

12814

12745
12816
12735
12956
12889
12664
12831
12730
12838
12872
12705
12692
12771
12838
12708
12659
12722
12748
12794
12809
12638
12800
12919
12850
12805
12727
12877
12862
12858
12813
12805
12807
12708
12889
12893
12761
12795
12855
12787
12703
12742
12776
12750
12796
12868
12776
12933
12799
12798
12800
12756
12840
12832
12796
12801
12873
12765
12775
12757
12760
12891
12753
12794
12749
12657
12827
12757
12758
12837
12816
12761
12748
12858
12779
12807
12869
12809
12854
12776
12851
12768
12750
12670
12808
12724
12837
12911
12773
12784
12724
12811
12868
12788
12767
12831
12746
12721
12823
12822
12780
12625
12797
12809
12816
12793
12783
12714
12692
12801
12884
12771
12784
12777
12603
12783
12810
12882
12754
12740
12800
12881
12777
12788
12749
12782
12774
12794
12794
12741
12697
12628
12756
12845
12768
12729
12729
12727

12684
12613
12733
12744
12743
12719
12792
12797
12707
12805
12811
12827
12836
12755
12615
12795

12772
12662
12674
12819
12754
12851
12775
12724
12710
12708
12599
12666
12786
12771
12626
12829
12669
12694
12611
12808
12659
12781
12703
12802
12677
12680
12720
12760
12675
12828
12767
12785
12752
12794
12745
12765
12724
12750
12739
12641
12679
12712
12738
12728
12760
12779
12616
12776
12601
12679
12843
12873
12700
12815
12751
12681
12765
12736
12704
12603
12694
12842
12642
12760
12735
12760
12680
12860
12718
12688
12613
12684
12703
12873
12750
12733
12696
12907
12837
12810
12770
12889
12866
12804
12794
12602
12846
12980
12727
12941
12961
12765
12769
12943
12877
12822
12737
12858
12936
12791
12831
12814
12821
12768
12919
12796
12803
12757
12774
12868
12725
12926
12921
12677
12824
12949
12736
12843
13005
12862
12835
12852
12798
12870
12770
12737
12790
12895
12781
12817
12764
12835
12765
12739
12835
12838
12700
12653
12745
12815
12724
12779
12756
12756
12619
12777
12733
12901
12823
12686
12766
12894
12723
12754
12707
12945
12757
12754
12759
12688
12691
12829
12762
12760
12729
12625
12650
12748
12734
12804
12735
12770
12674
12827
12689
12781
12753
12717
12851
12774


12790

12670
12704
12710
12702
12812
12664
12913
12800
12675
12638
12829
12777
12746
12709
12722
12735
12798
12729
12869
12732
12773
12815
12773
12858
12658
12807
12831
12845
12784
12743
12792
12816
12712
12784
12803
12857
12733
12803

12858
12712
12720
12789
12801
12751
12785
12888
12678
12890
12885
12721
12775
12779
12764
12869
12751
12811
12800
12813
12898
12836
12798
12858
12899
12867
12765
12651
12754
12832
12834
12772
12842
12833
12904
12771
12756
12718
12838
12696
12829
12709
12798
12773
12876
12785
12799
12808
12918
12776
12740
12738
12941
12857
12855
12750
12752
12879
12764
12735
12842
12785
12867
12838
12772
12688
12829
12878
12957
12706
12818
12844
12822
12851
12724
12838
12883
12851
12804
12778
12744
12801
13017
12801
12919
12830
12713
12840
12877
12843
12869
12814
12801
12814
12800
12778
12871
12916
12834
12716
12894
12857
12733
12927
12834
12729
12797
12766
12912
12883
12846
12863
12764
12766
12805
12727
12873
12812
12694
12972
12667
12823
12772
12862
12806
12883
12825
12916
12876
12867
12777
12896
12799
12756
12816
12855
12926
12956
12728


12856
12739
12742
12876
12827
12764
12890
12783
12833
12868
12885
12922
12862
12943
12871

12826
12843


12831


12804



12926





12808
12901
12854
12891
13010
13017
13044
12979
12928
13034
13019
12989
12907
12931
12938
12923
12957
12804
12842
13059
12895
13017
12870
12954
12915
12939
12797
12953
13054
12859
12936
12901
13020
12915
12929
12932
12972

12927
12881
12913












12807
13006


12734
12890
12827

12901
12916
12906
12919
12914
12933
12846
12857
12829
12809
12864
12888
12747
12787
12764
12831
12905
12825
12821
12809
12927
12856
12849
12774
12844
12928
12765
12827
12835
12999
12749
12834
12807
12762
12871
12870
12906
12793
12900
12746
12774
12743
12861
12829
12730
12808
12883
12882
12859
12780
12787
12787
12691
12786
12839
12953
12788
12803
12797
12938
12738
12795
12868
12873
12788
12892
12754
12819
12866
12698
12855
12753
12815
12817
12931
12949
12697
12859
12756
12856




12787
12761
12753
12855
12932
12874
12768
12709
12849
12843
12837
12854
12818
12746
12913
12808
12905
12771
12888
12696
12768
12811
12780
12908
12817
12863
12851
12725
12753
12871
12773
12939
12783
12814
12735
12937
12772
12860
12807
12870
12849
12933
12713
12872
12768
12818
12964
12887
12771
12827
12797
12833
12776
12791
12671
12788
12804
12732
12801
12915
12782
12758
12980
12866
12837
12873
12849
12977
12754
12760
12872
12775
12763
12890
12888
12895
12743
12809
12750
12788
12754
12824
12850
12786
12818
12817
12836
12708
12772
12758
12830
12831
12814
12790
12732
12834
12648
12668
12810
12761
12851
12726
12927
12922
12746
12892
12885
12890
12804
12999
12853
12877
12925
12764
12805
12763
13006
12853
12930
12795
12986
12948
12853
12876
12700
12819
12803
12835
12845
12678
12690
12709
12696
12710
12698
12660
12706
12695
12706
12707
12712
12711
12688
12697
12707
12648
12688
12681
12679
12694
12696
12654
12710
12672
12905
12678
12704
12862
12704
12790
12649
12689
12711
12688
12701
12683
12694
12614
12677
12709
12648
12709
12682
12673
13028
12694
12712
12937
12702
12713
12657
12678
12661
12699
12677
12669
12697
12675
12659
12677
12708
12699
12711
12696
12691
12685
12695
12638
12669
12691
12707
12772
12672
12709
12707
12673
12704
12711
12704
12652
12701
12857
12690
12708
12710
12658
12660
12703
12687
12713
12692
12661
12686
12709
12704
12694
12710
12702
12652
12675
12705
12695
12694
12759
12709
12685
12696
12703
12672
12703
12675
12684
12654
12636
12710
12707
12697
12696
12707
12695
12665
12662

12613
12710
12663
12705
12689
12701
12710
12685

12702
12689
12858
12820
12795
12843
12803
12837
12904
12836
12829
12712
12709
12703
12669
12682
12668
12689
12710
12706
12703
12711
12865
12684
12941
12666
12701
12704
12700
12701
12641
12604
12743
12699
12663
12704
12724
12666
12712
12693
12893
12734
12713
12708
12691
12706
12654
12649
12672
13005
12854



12701
12702
12712
12708
12651
12694
12703
12701
12822
12746
12835
12796
12680
12683
12696
12706
12704
12674
12703
12709
12696
12703
12696
12594
12710
12706
12702
12701
12689
12783
12625
12700
12683
12682
12713
12694
12859
12702
12700
12869
12678
12709
12701
12701
12673
12941
12928
12751
12974
12885
12676
12714
12684
12704
12693
12647
12699
12687
12704
12629
12671
12694
12681
12889
12699
12710
12710
12681
12710
12748
12687
12695
12707
12692
12659
12679
12715
12653
12854
12663
12647
12665
12663
12680
12681
12679
12693
12656
12682
12682
12713
12684
12684
12704
12694
12705
12693
12698
12690
12651
12714
12698



12675
12664
12697

12711
12677
12701
12682
12699
12706
12750
12709
12699
12678
12608
12690
12669
12648
12699
12663
12708
12676
12709
12780
12689



12689



12705
12704
12696
12692
12689
12708
12713
12709
12697
12703
12709
12707
12650
12635
12669
12716
12612
12696
12672
12631
12702
12680
12634
12679
12687
12682
12664
12652
12694
12704
12674
12672
12669
12712
12671
12665

12711
12684
12701
12710
12867
12706
12706
12643
12650
12675
12662
12746
12708
12686
12662
12693
12724
12710
12688
12705
12710
12651
12700
12604
12627
12714
12711
12685
12638
12710
12661
12641
12695
12682
12707
12708
12710
12713
12882
12711
12684
12645
12709
12666
12961
12695
12745
12801
12791
12674
12683
12710
12611
12789
12657
12699
12692
12675
12689
12682
12670
12656
12661
12687
12703
12709
12652
12682
12669
12649
12665
12847
12711
12711
12672
12683
12712
12703
12777
12695
12704
12712
12683
12663
12689
12671
12689
12710
12691
12708
12688

12680
12774
12699
12713
12681
12708
12706
12654
12704
12687
12678
12697
12693
12913
12710
12664
12713
12704
12701
12644
12686
12702
12674
12710
12599
12710
12698
12693
12640
12647
12625
12688
12710
12645
12588
12677
12691
12670
12714
12713
12689
12710
12669
12706
12772
12702
12698
12700
12620
12654
12708
12677
12695
12623
12637
12658
12707
12657
12713
12637
12702
12697
12708
12712
12684
12707
12702
12675
12682
12659
12708
12706
12653
12709
12694
12680
12706
12638
12648
12700
12618
12712
12669
12726
12669
12703
12693
12712
12703
12662
12683
12633
12711
12698
12666
12684
12670
12680
12645
12699
12692
12675

12881
12705
12691

12667
12702
12624
12676
12704
12653
12695
12693
12664
12774
12772
12770
12817
12689
12648
12634
12706
12666
12703
12701
12679
12709
12603
12674
12700
12710
12696
12692
12670
12822
12699
12701
12736
12690
12710
12856
12691
12711
12702
12727
12826
12689
12689
12680
12703
12691
12705
12676
12671
12602
12623
12667
12713
12678

12641
12704
12673
12710
12685
12670
12681
12713
12682
12685
12653
12685
12647
12713
12666
12711
12676
12682
12699
12728
12829
12707
12659
12705
12683
12637

12612
12691
12677
12682
12736
12706
12711
12703
12687
12668
12650
12681
12699
12695
12710
12709
12702
12693
12637
12672
12705
12591
12690
12698
12685
12649
12664
12695
12698
12701
12704
12704
12620
12692
12671
12705
12696
12713
12672
12657
12701
12677
12689
12688
12713
12701
12675
12682
12707
12649
12715
12667
12660
12683
12647
12676
12714
12689
12695
12666
12629
12763
12696
12660
12693

12711
12709
12676
12687
12712
12694
12632
12686
12711
12678
12701
12684
12628
12708
12682
12691
12694
12670
12626
12684
12688
12688
12705
12631
12708
12669
12654
12698
12683
12612
12684
12668
12706
12683
12645
12647
12679
12702
12680
12691
12657
12674
12686
12694
12711
12670
12692
12698
12689
12683
12672
12711
12646
12685
12699
12713
12689
12695
12683
12710
12680
12689
12845
12787
12695
12672
12681
12675
12712
12646
12602
12712
12707
12695
12701
12693
12635
12700
12666
12699
12682
12697
12669
12688
12695
12650
12702
12685
12762
12709
12640
12644
12656
12703
12602
12659
12673
12654
12805
12691
12668
12593
12693
12674
12704
12679
12635
12663
12603
12668
12692
12668
12676
12693
12664
12647
12643
12708
12645
12680
12662
12659
12653
12706
12682
12711
12693
12676
12708
12661
12701
12663
12705
12703

12685
12704
12702
12734
12652
12693
12705
12677
12676
12709
12692
12807
12694
12667
12613
12714
12680
12712
12647
12710
12671
12713
12715
12644
12685
12631
12712
12603
12690
12706
12670
12591
12712
12704
12691
12711
12675
12631
12663
12602
12688
12708
12684
12654
12672
12640
12634
12684
12669
12693

12678
12710
12592
12601

12645
12650
12634
12704
12682
12655
12710
12700
12696
12664
12696
12608
12681
12702
12663
12704
12651
12661
12691
12709
12664
12704
12685
12631
12659
12699
12661
12610
12692
12631
12700
12675
12685
12636
12701
12623
12696
12615
12682
12692
12688
12688
12678
12600
12687
12682
12692
12656
12614


12692
12593
12671

12708
12662
12693
12662
12703
12682
12679
12661
12700
12622
12704
12698
12643
12701
12702
12732
12636

12701
12643
12632
12677
12642
12712
12696
12637
12686
12705
12702

12699

12706
12706
12700
12715
12665
12698
12675
12681
12704
12654
12688
12678
12696
12704
12671
12699
12708
12813
12705
12706
12648
12645
12702
12705
12659
12685
12702
12709
12701
12601
12614
12662
12699
12623
12653
12614
12617


12704
12710
12666
12620
12666
12701
12635
12644
12603
12713
12708

12679
12637


12603
12640
12656
12706
12616
12694
12689

12617
12631
12712
12633
12662
12666
12708
12686
12710
12602
12686
12699
12706
12639
12633
12710
12682
12663
12711
12699
12693
12632
12664
12704
12676
12707
12693
12708
12679
12650
12713
12652
12689
12629
12593
12709
12706
12614
12668
12652

12664
12669
12650
12669
12644
12683
12705
12657
12703
12665
12634
12709
12654
12642
12699
12647
12674
12643
12647
12638
12667
12657
12684
12686
12675
12614
12661
12644
12617
12706
12692
12682
12671
12681
12708
12708
12693
12703
12704
12710
12680
12657
12685
12658
12709
12692


12628
12680
12706
12690
12705
12709
12818

12663
12708
12691
12705
12657
12637
12707
12704
12660
12667
12625
12693
12603
12696
12625

12682
12610
12705
12615

12663
12673
12711
12708
12602
12666
12625
12670
12696
12615
12660
12702
12677
12680
12679
12640
12678
12714
12618
12603
12680
12702
12682
12702
12603
12693
12643
12678
12689
12612
12682
12704
12693
12603
12679
12702
12655
12619
12686
12706
12687
12690
12618
12646
12673
12826
12689
12822
12725
12762
12672
12704
12709
12699
12661
12674
12635
12712
12658
12710
12776
12711
12675
12649
12697
12709
12687
12707
12713
12694
12666































12692
12698
12698
12947
12846
12858
12770
12710
12695
12715
12666
12707
12646
12666





