-8677
-8584
-8585
-8558
-8446
-8697
-8416
-8450
-8574
-8431
-8518
-8528
-8543
-8688
-8506
-8529
-8489
-8491
-8604
-8462
-8594
-8407
-8495
-8503
-8529
-8635
-8520
-8554
-8620
-8582
-8643
-8579
-8552
-8527
-8462
-8367
-8551
-8409
-8476
-8501
-8682
-8532
-8501
-8607
-8618
-8563
-8450
-8631
-8446
-8449
-8524
-8553
-8563
-8491
-8407
-8513
-8568
-8521
-8486
-8443
-8541
-8500
-8368
-8569
-8619
-8554
-8423
-8573
-8552
-8487
-8630
-8584
-8673
-8551
-8651
-8636
-8604
-8739
-8508
-8627
-8443
-8387
-8559
-8604
-8495
-8337
-8456

-8490
-8381
-8539
-8576
-8537
-8536
-8523
-8505
-8574
-8610
-8507
-8440
-8527
-8374
-8534
-8479
-8595
-8496
-8435
-8670
-8542
-8611
-8508
-8491
-8645
-8513
-8496
-8393
-8532
-8387
-8493
-8544
-8500
-8554
-8664
-8565
-8405
-8582
-8502
-8542
-8602
-8469
-8511
-8449
-8558
-8558
-8459
-8558
-8517
-8646
-8612
-8485
-8386
-8569
-8615
-8610
-8451
-8577
-8489
-8396
-8499
-8525
-8369
-8522
-8537
-8530
-8641
-8542
-8505
-8552
-8499
-8557
-8444
-8597
-8572
-8522
-8557
-8444
-8638
-8675
-8526
-8307
-8679
-8451
-8509
-8507
-8391
-8659
-8708
-8515
-8631
-8453
-8538
-8344
-8429
-8426
-8606
-8581
-8459
-8669
-8544
-8491
-8551
-8553
-8671
-8502
-8559
-8624
-8473
-8518
-8390
-8561
-8647
-8496
-8440
-8498
-8600
-8636
-8510
-8544
-8443
-8675
-8414
-8495
-8520
-8652
-8579
-8682
-8601
-8565
-8459
-8569
-8506
-8484
-8549
-8475
-8581
-8648
-8544
-8650
-8494
-8542
-8703
-8600
-8620
-8734
-8474
-8609
-8607
-8518
-8509
-8627
-8657
-8500
-8716
-8615
-8435
-8651
-8561
-8552

-8626
-8614
-8450
-8576
-8569
-8600
-8565
-8483
-8439
-8551
-8644
-8752
-8521
-8566
-8551
-8657
-8504
-8580
-8546
-8592
-8636
-8708
-8608
-8522
-8429
-8537
-8502
-8549
-8532
-8523
-8318
-8392
-8562
-8462
-8515
-8769
-8733
-8528
-8466
-8706
-8582
-8447
-8481
-8431
-8460
-8459
-8495
-8443
-8589
-8598
-8546
-8570
-8535
-8520
-8431
-8584
-8507
-8637
-8524
-8518
-8550
-8509
-8641
-8615
-8582
-8576
-8361
-8433
-8502
-8588
-8485
-8808
-8558
-8629
-8538
-8452
-8511
-8505
-8553
-8616
-8566
-8420
-8637
-8476
-8653
-8735
-8386
-8507
-8646
-8342
-8662
-8619
-8468
-8538
-8518
-8534
-8392
-8337
-8594
-8644
-8592
-8454
-8550
-8502

-8624
-8512
-8448
-8544
-8483
-8668
-8435
-8596
-8485
-8516
-8663
-8583
-8584
-8548
-8470
-8603
-8580
-8466
-8461
-8486
-8631
-8525
-8466
-8485
-8399
-8591
-8628
-8538
-8650
-8694
-8528
-8518
-8483
-8631
-8589
-8567
-8484
-8505
-8524
-8571
-8529
-8558
-8446
-8387
-8483
-8569
-8610
-8569
-8537
-8557
-8602
-8475
-8602
-8482
-8693
-8557
-8616
-8607
-8469
-8609
-8535
-8534
-8480
-8563
-8548
-8566
-8589
-8446
-8461
-8539
-8455
-8629
-8458
-8467
-8472
-8696
-8537
-8601
-8761
-8697
-8475
-8565
-8615
-8661
-8542
-8508
-8489
-8593
-8584
-8639
-8433
-8525
-8600
-8528
-8486
-8659
-8593
-8688
-8520
-8513
-8530
-8600
-8632
-8556
-8488
-8531
-8421
-8679
-8590
-8462
-8534
-8557
-8478
-8523
-8601
-8521
-8615
-8559



-8598
-8611
-8462
-8589
-8583
-8511
-8509
-8499
-8632
-8621
-8600
-8698
-8652
-8526
-8499
-8572
-8572
-8454
-8507
-8657
-8489
-8611
-8658
-8485
-8589
-8570
-8528
-8577
-8657
-8592
-8623
-8490
-8534
-8550
-8470
-8527
-8546
-8628
-8381
-8463
-8624
-8560
-8392
-8520
-8588
-8561
-8557
-8577
-8460
-8635
-8527
-8598
-8472
-8567
-8651
-8533
-8534
-8602
-8588
-8590
-8618
-8591
-8530
-8655
-8545
-8635
-8649
-8557
-8543
-8526
-8423
-8535
-8411
-8727
-8538
-8581
-8517
-8583
-8536
-8753
-8818
-8594
-8714
-8595
-8458
-8624
-8739
-8544
-8578
-8736
-8564
-8592
-8468
-8586
-8578
-8690
-8525
-8643
-8446
-8568
-8574
-8633
-8520
-8642
-8484
-8607
-8584
-8586
-8592
-8701
-8566
-8505
-8615
-8648
-8538
-8506
-8588
-8476
-8390
-8550
-8475
-8575
-8489
-8494
-8554
-8617
-8491
-8604
-8536
-8720
-8522
-8504
-8582
-8563
-8525
-8685
-8560
-8566
-8459
-8413
-8567
-8549
-8496
-8597
-8505
-8611
-8532
-8642
-8585
-8523
-8543
-8372
-8648
-8527
-8694
-8546
-8614
-8521
-8554
-8577
-8419
-8564
-8555
-8555
-8523
-8380
-8408
-8509
-8596
-8449
-8505
-8485
-8374
-8597
-8460
-8512
-8436
-8600
-8421
-8433
-8516
-8556
-8543
-8407
-8554
-8485
-8599
-8458
-8515
-8543
-8427
-8733
-8663
-8667
-8646
-8514
-8455
-8464
-8551
-8588
-8606
-8662
-8587
-8571
-8551
-8416
-8528
-8563
-8356
-8486
-8503
-8492
-8540
-8668
-8429
-8455
-8546
-8457
-8489
-8537
-8521
-8614
-8575
-8445
-8509
-8490
-8576
-8403
-8480
-8519
-8480
-8453
-8674
-8559
-8480
-8520
-8440
-8502
-8649
-8502
-8521
-8624
-8615
-8437
-8442
-8624
-8480
-8450
-8426
-8554
-8433
-8432
-8562
-8376
-8466
-8511
-8496
-8616
-8659
-8579
-8492
-8366
-8660
-8655
-8449
-8500
-8524
-8538
-8573
-8487
-8372
-8493
-8503
-8355
-8625
-8543
-8685
-8490
-8626
-8580
-8577
-8662
-8504
-8493
-8642
-8541
-8570
-8545
-8407
-8683
-8516
-8533
-8607
-8702
-8404
-8593
-8631
-8551
-8558
-8632
-8555
-8514
-8463
-8516
-8648
-8471
-8431
-8519
-8468
-8482
-8514
-8589
-8525
-8544
-8644
-8408
-8533
-8461
-8526
-8491
-8492
-8513
-8629
-8420
-8524
-8562
-8557
-8530
-8465
-8546
-8478
-8452
-8499
-8620
-8511
-8556
-8459
-8649
-8503
-8482
-8587
-8540
-8624
-8470
-8512
-8603
-8787
-8522
-8485
-8630
-8656
-8713
-8738
-8615
-8673
-8419
-8514
-8582
-8637
-8585
-8724
-8512
-8497
-8474
-8437
-8474
-8547
-8451
-8490
-8625
-8495
-8521
-8583
-8513
-8588
-8442
-8500
-8585
-8612
-8566
-8558
-8636
-8568
-8529
-8579
-8679
-8478
-8450
-8402
-8579
-8581
-8460
-8548
-8573
-8597
-8601
-8569
-8388
-8654
-8720
-8569
-8537
-8527
-8469
-8718
-8514
-8617
-8565
-8511
-8576
-8436
-8566
-8502
-8513
-8698
-8625
-8550
-8534
-8529
-8599
-8509
-8591
-8496
-8656
-8621
-8480
-8614
-8650
-8487
-8508
-8476
-8445
-8736
-8537
-8480
-8559
-8573
-8530
-8593
-8500
-8370
-8531
-8518
-8527
-8456
-8598
-8528
-8646
-8583
-8632
-8480
-8519
-8635
-8509
-8496
-8567
-8517
-8612
-8555
-8697
-8580
-8600
-8544
-8528
-8776
-8675
-8686
-8463
-8581
-8592
-8657
-8497
-8502
-8629
-8661
-8656
-8571
-8681
-8430
-8574
-8475
-8526
-8485
-8508
-8539
-8517
-8512
-8570
-8596
-8339
-8493
-8537
-8588
-8472
-8584
-8665
-8510
-8414
-8535
-8582
-8519
-8575
-8661
-8621
-8575
-8553
-8600
-8691
-8541
-8573
-8450
-8674
-8485
-8595

-8624
-8622
-8527
-8575
-8505
-8539
-8596
-8509
-8798
-8525
-8688
-8507
-8549
-8511
-8706
-8529
-8435
-8698
-8543
-8684
-8606
-8524
-8738
-8759
-8541
-8666
-8588
-8560
-8639
-8658
-8578
-8517
-8593
-8601
-8657
-8678
-8629
-8614
-8606
-8508
-8641
-8452
-8478
-8549
-8599
-8383
-8639
-8642
-8517
-8667
-8671
-8640
-8630
-8479
-8632
-8453
-8455
-8547
-8558
-8484
-8401
-8519
-8550
-8566
-8601
-8527
-8624
-8401
-8483
-8582
-8588
-8594
-8479
-8504
-8599
-8518
-8608
-8561
-8555
-8562
-8603
-8548
-8602
-8570
-8580
-8492
-8622
-8567
-8519
-8484
-8541
-8575
-8646
-8444
-8506
-8624
-8457
-8688
-8508
-8486
-8396
-8652
-8388
-8448
-8587
-8459
-8601
-8562
-8500
-8590
-8474
-8553
-8573
-8633
-8575
-8624
-8493
-8468
-8615
-8530
-8520
-8556
-8584
-8660
-8526
-8445
-8615
-8556
-8506
-8491
-8629
-8553
-8587
-8635
-8430
-8615
-8583
-8662
-8606
-8691
-8444
-8464
-8396
-8555
-8540
-8565
-8572
-8458
-8540
-8455

-8517
-8585
-8499
-8521
-8614
-8696
-8494
-8563
-8642
-8590
-8599
-8457
-8659
-8599
-8574
-8586
-8486
-8443
-8577
-8598
-8638
-8643
-8585
-8561
-8509
-8550
-8528
-8524
-8681
-8536
-8562
-8618
-8576
-8519
-8459
-8491
-8541
-8618
-8441
-8544
-8431
-8674
-8542
-8591
-8600
-8525
-8565
-8648
-8685
-8552
-8524
-8592
-8668
-8587
-8564
-8428
-8476
-8591
-8724
-8530
-8579
-8594
-8541
-8671
-8546
-8500
-8551
-8576
-8346
-8512
-8551
-8518
-8516
-8496
-8629
-8485
-8579
-8387
-8335
-8514
-8583
-8637
-8708
-8612
-8624
-8557
-8556
-8596
-8589
-8526
-8687
-8642
-8635
-8605
-8526
-8495
-8630
-8461
-8675
-8780
-8692

-8486

-8568
-8673
-8604
-8653
-8676
-8424
-8563
-8622
-8649
-8662
-8650
-8696
-8665
-8680
-8488
-8511
-8411
-8583
-8515
-8518
-8460
-8521
-8599
-8512
-8524
-8634
-8354
-8496
-8563
-8591
-8580
-8587
-8590
-8506
-8693
-8565
-8618
-8871
-8558
-8515
-8483
-8641
-8483
-8496
-8490
-8433
-8580
-8534
-8589
-8572
-8463
-8512
-8592
-8457
-8712
-8535
-8637
-8638
-8585
-8606
-8614
-8492
-8529
-8518
-8606
-8525
-8669
-8565
-8498
-8630
-8601
-8496
-8678
-8534
-8557
-8651
-8614
-8461
-8641
-8583
-8496
-8639
-8518
-8371
-8545
-8639
-8588
-8696
-8578
-8596
-8426
-8629
-8531
-8680
-8516
-8652
-8528
-8440
-8543
-8572
-8554
-8623
-8509
-8598
-8485
-8546
-8545
-8643
-8606
-8507
-8596
-8521
-8663
-8451
-8562
-8534
-8558
-8490
-8631
-8621
-8583
-8600
-8570
-8740
-8444
-8487
-8638
-8779
-8597
-8520
-8603
-8656
-8434
-8652
-8639
-8469
-8564
-8505
-8496
-8558
-8586
-8560
-8537
-8527
-8556
-8657
-8510
-8592
-8517
-8690
-8580
-8508
-8636
-8488
-8525
-8555
-8642
-8733
-8487
-8632
-8513
-8406
-8512
-8576
-8698
-8588
-8560
-8639
-8549
-8532
-8603
-8528
-8455
-8550
-8526
-8607
-8472
-8710
-8596
-8444
-8511
-8583
-8532
-8430
-8527
-8497
-8541
-8498
-8479
-8582
-8519
-8515
-8513
-8561
-8450
-8453
-8707
-8538
-8497
-8560
-8510
-8510
-8540
-8459
-8429
-8575
-8476
-8558
-8642
-8607
-8382
-8647
-8573
-8666
-8398
-8574
-8337
-8554
-8443
-8622
-8503
-8562
-8649
-8624
-8574
-8502
-8344
-8677
-8474
-8320
-8678
-8538
-8281
-8541

-8560
-8568
-8442
-8515
-8639
-8678
-8430
-8464
-8540
-8541
-8575
-8644
-8494
-8544
-8547
-8569
-8548
-8480
-8597
-8522
-8689
-8559
-8555
-8649
-8614
-8677
-8527
-8624
-8409
-8480
-8421

-8634
-8650
-8617
-8500
-8482
-8519
-8571
-8495
-8598
-8500
-8446
-8473
-8654
-8416
-8536
-8488
-8524
-8463
-8631
-8600
-8495
-8608
-8567
-8624
-8566
-8472
-8529
-8442
-8515
-8570
-8409
-8552
-8582
-8492
-8639
-8558
-8668
-8392
-8629
-8527
-8429
-8422
-8589
-8560
-8662
-8568
-8496
-8562
-8496
-8605
-8527
-8453
-8524
-8479
-8502
-8563
-8550
-8587
-8552
-8452
-8604
-8615
-8540
-8453
-8640
-8514
-8503
-8528
-8587
-8516
-8415
-8526
-8460
-8715
-8595
-8678
-8602
-8516
-8438
-8596
-8608
-8543
-8639
-8676
-8562
-8569
-8528
-8583
-8492
-8413
-8517
-8596
-8483
-8582
-8474
-8647
-8654
-8516
-8587
-8558
-8640
-8619
-8484
-8549
-8621
-8556
-8492
-8429
-8596
-8639
-8630
-8574
-8651
-8734
-8389
-8506
-8563
-8649
-8517
-8426
-8562
-8542
-8547
-8537
-8599
-8500
-8593
-8579
-8510
-8592
-8432
-8580
-8640
-8550
-8573
-8481
-8429
-8466
-8690
-8595
-8649
-8495
-8467
-8417
-8552
-8549
-8444
-8721
-8465
-8576
-8586
-8612
-8652
-8528
-8580
-8617
-8537
-8662
-8425
-8571
-8495
-8485
-8505
-8563
-8486
-8649
-8694
-8443
-8496
-8417
-8355
-8461
-8474
-8496
-8412
-8595
-8504
-8537
-8429
-8614
-8586
-8658
-8708
-8533
-8551
-8560
-8612
-8427
-8564
-8591
-8610
-8665
-8610
-8544
-8517
-8511
-8647
-8671
-8566
-8624
-8488
-8573
-8360
-8377
-8580
-8496
-8469
-8569
-8487
-8469
-8590
-8625
-8516
-8697
-8544
-8595
-8545
-8414
-8583
-8483
-8414
-8551
-8408
-8515
-8624
-8524
-8611
-8571
-8588
-8423
-8600
-8555
-8747
-8613
-8677
-8426
-8459
-8551
-8598
-8392
-8597
-8551
-8414
-8549
-8609
-8667
-8520
-8594
-8375
-8600
-8590
-8727
-8632
-8486
-8761
-8511
-8636
-8607
-8610
-8540
-8607
-8556
-8581
-8561
-8528
-8548
-8466
-8427
-8632
-8510
-8588
-8478
-8649
-8427
-8542
-8543
-8520
-8566
-8424
-8567
-8657
-8587
-8525
-8571
-8563
-8470
-8524
-8588
-8663
-8508
-8548
-8606
-8624
-8712
-8735
-8596
-8556
-8488
-8469
-8583
-8511
-8476
-8544
-8661
-8622
-8389
-8449
-8438
-8659
-8445
-8552
-8592
-8614
-8636
-8479
-8711
-8655
-8492
-8458
-8544
-8540
-8478
-8567
-8738
-8513
-8556
-8597
-8500
-8549
-8559
-8660
-8627
-8689
-8554
-8573
-8679
-8584
-8419
-8576
-8696
-8560
-8504
-8395
-8694
-8522
-8639
-8692
-8525
-8540
-8595
-8652
-8466
-8506
-8658
-8383
-8558
-8452
-8586
-8585
-8561
-8531
-8569
-8553
-8559
-8569
-8614
-8659
-8662
-8527
-8500
-8571
-8579
-8663
-8511
-8469
-8443
-8559
-8632
-8409
-8500
-8629
-8455
-8608
-8621
-8610
-8542
-8482
-8703
-8522
-8571
-8589
-8525
-8518
-8536
-8501
-8528
-8476
-8477
-8574
-8575
-8569
-8520
-8439
-8511
-8516
-8571
-8447
-8515
-8666
-8459
-8568
-8464
-8451
-8502
-8463
-8517
-8397
-8593
-8582
-8643

-8498

-8471
-8637
-8487
-8702
-8554
-8443
-8484
-8534
-8613
-8606
-8492
-8606
-8679
-8636
-8477
-8452
-8472
-8602
-8375
-8569
-8510
-8562
-8567
-8464
-8668
-8600
-8569
-8414
-8648
-8526
-8568
-8679
-8584
-8483
-8716
-8606
-8487
-8551
-8451
-8647
-8391
-8473
-8584
-8466
-8635
-8612
-8576
-8403
-8541
-8513
-8623
-8624
-8443
-8667
-8602
-8495
-8541
-8530
-8491
-8515
-8445
-8608
-8595
-8534
-8609
-8408
-8476
-8590
-8473
-8592
-8561
-8600
-8439
-8602
-8458
-8582
-8732
-8401
-8567
-8489
-8671
-8713
-8588
-8491
-8500
-8595
-8627
-8713
-8546
-8699
-8534
-8529
-8596
-8518
-8532
-8501
-8382
-8582
-8469
-8615
-8559
-8367
-8549
-8575
-8599
-8637
-8478
-8551
-8623
-8321
-8601
-8440
-8613
-8618
-8717
-8586
-8651
-8748
-8436
-8489
-8606
-8573
-8571
-8569
-8566
-8662
-8490
-8435
-8624
-8550
-8562
-8393
-8548
-8594
-8595
-8543
-8654
-8676
-8522
-8419
-8617
-8455
-8515
-8623
-8677
-8654
-8575
-8519
-8533
-8544
-8710
-8679
-8622
-8359
-8433
-8672
-8535
-8478
-8638
-8559
-8427
-8657
-8507
-8632
-8596
-8524
-8562
-8549
-8592

-8550
-8621
-8550
-8430
-8551
-8615
-8509
-8553
-8554
-8564
-8511
-8586
-8470
-8562
-8442
-8526
-8638
-8575
-8606
-8545
-8602
-8534
-8528
-8664
-8578
-8514
-8538
-8377
-8609
-8547
-8584
-8602
-8647
-8495
-8595
-8480
-8601
-8570
-8504
-8575
-8562
-8567
-8609
-8490
-8566
-8470
-8591
-8544
-8375
-8538
-8573
-8571
-8555
-8572
-8524
-8493
-8475
-8605
-8440
-8615
-8489
-8506
-8496
-8727
-8536
-8631
-8574
-8574
-8545
-8448
-8602
-8624
-8467
-8569
-8593
-8635
-8560
-8773
-8619
-8577
-8555
-8416
-8553
-8652
-8636
-8575
-8632
-8479
-8638
-8513
-8519
-8541
-8632
-8609
-8564
-8563
-8580
-8454
-8472
-8770
-8542
-8597
-8455
-8629
-8539
-8631
-8563
-8485
-8490
-8459
-8565
-8420
-8532
-8546
-8436
-8462
-8702
-8566
-8412
-8582
-8502
-8479
-8551
-8674
-8504
-8514
-8545
-8543
-8562
-8600
-8386
-8499
-8512
-8466
-8515
-8360
-8639
-8463
-8594
-8540
-8549
-8634
-8595
-8631
-8659
-8657
-8399
-8516
-8593
-8442

-8655
-8384
-8480
-8524
-8617
-8590
-8445
-8528
-8572
-8480
-8453
-8609
-8602
-8612
-8427
-8546
-8671
-8599
-8483
-8579
-8563
-8582
-8542
-8655
-8555
-8562
-8480
-8413
-8366
-8543
-8725
-8606
-8549
-8490
-8584
-8495
-8609
-8580
-8460
-8558
-8568
-8652
-8634
-8603
-8645
-8467
-8539
-8517
-8581
-8570
-8507
-8553
-8531
-8459
-8526
-8566
-8556
-8529
-8489
-8426
-8601
-8549
-8604
-8465
-8622
-8448
-8689
-8567
-8549
-8503
-8362
-8598
-8537
-8552
-8408
-8528
-8535
-8541
-8649
-8513
-8667
-8484
-8458
-8624
-8530
-8494
-8440
-8538
-8469
-8509
-8630
-8517
-8540
-8521
-8555
-8584
-8549
-8720
-8450
-8532
-8517
-8427
-8471
-8589
-8563
-8477
-8559
-8606
-8642
-8438
-8645
-8525
-8362
-8509
-8536
-8614
-8450
-8690
-8492
-8567
-8452
-8525
-8572
-8536
-8504
-8568
-8538
-8518
-8526
-8439
-8440
-8594
-8385
-8620
-8620
-8442
-8462
-8569
-8471
-8571
-8444
-8578
-8637
-8579
-8471
-8487
-8571
-8601
-8487
-8570
-8683
-8569
-8564
-8632
-8254
-8476
-8662
-8506
-8482
-8559
-8675
-8579
-8610
-8555
-8568
-8621
-8514
-8421
-8628
-8416

-8581
-8565
-8501
-8376
-8573
-8452
-8475
-8569
-8495
-8502
-8516
-8630
-8561
-8527
-8489
-8538
-8654
-8651
-8632
-8525
-8480
-8546
-8708
-8416
-8645
-8553
-8513
-8643
-8428
-8544
-8576
-8663
-8429
-8500
-8468
-8578
-8494
-8565
-8468
-8577
-8624
-8544
-8448
-8685
-8495
-8610
-8479
-8753
-8636
-8541
-8549
-8594
-8531
-8498
-8474
-8410
-8581
-8463
-8601
-8433
-8624
-8368
-8582
-8450
-8740
-8495
-8522
-8622
-8666
-8553
-8547
-8472
-8375
-8553
-8624
-8524
-8598
-8517
-8472
-8496
-8759
-8570
-8444
-8600
-8549
-8623
-8335
-8458
-8560
-8625
-8536
-8622
-8452
-8422
-8595
-8586

-8473
-8597
-8479
-8556
-8683
-8610
-8650
-8502
-8623
-8488
-8473
-8501
-8583
-8426
-8532
-8582
-8494
-8446
-8492
-8412
-8548
-8549
-8586
-8506
-8399
-8547
-8548
-8604
-8562
-8564
-8385
-8547
-8604
-8542
-8453
-8601
-8405
-8435
-8463
-8593
-8518
-8487
-8670
-8439
-8443
-8608
-8592
-8457
-8502
-8556
-8621
-8346
-8598
-8531
-8499
-8606
-8465
-8493
-8515
-8601
-8657
-8490
-8588
-8513
-8471
-8729
-8730
-8563
-8454
-8426
-8630
-8692
-8609
-8399
-8553
-8547
-8593
-8652
-8554
-8418
-8695
-8496
-8406
-8696
-8548
-8475
-8555
-8459
-8420
-8432
-8486
-8578
-8560
-8556
-8631
-8677
-8358
-8374
-8584
-8485
-8495
-8468
-8561
-8608
-8524
-8438
-8609
-8670
-8516

-8574
-8523
-8521
-8429
-8483
-8529
-8452
-8598
-8587
-8602
-8472
-8599
-8560
-8447
-8672
-8426
-8518

-8379
-8529
-8538
-8624
-8585
-8667
-8536
-8465
-8739
-8467
-8652
-8597
-8516
-8708
-8401
-8544
-8472
-8473
-8511
-8505
-8520
-8647
-8577
-8601
-8455
-8635
-8468
-8571
-8443
-8605
-8652
-8641
-8568
-8587
-8594
-8312
-8353
-8596
-8646
-8558
-8423
-8663
-8594
-8629
-8593
-8608
-8659
-8568
-8472
-8464
-8391
-8649
-8638
-8624
-8460
-8567
-8814
-8603
-8601
-8667
-8488
-8565
-8618
-8416
-8576
-8557
-8484
-8571
-8416
-8557
-8452
-8593
-8502
-8548
-8641
-8594
-8536
-8723
-8580
-8434
-8518
-8609
-8520
-8520
-8534
-8573
-8565
-8625
-8535
-8424
-8479
-8463
-8509
-8529
-8641
-8696
-8592
-8484
-8512
-8690
-8652
-8632
-8481
-8527
-8496
-8551
-8630
-8658
-8547
-8595
-8513
-8664
-8582
-8516
-8584
-8552
-8650
-8646
-8521
-8558
-8511
-8540
-8529
-8610
-8589
-8545
-8496
-8525
-8425
-8468
-8693
-8601
-8576
-8733
-8624
-8368
-8685
-8543
-8607
-8631
-8470
-8490
-8521
-8653
-8511
-8549
-8574
-8472
-8528
-8536
-8691
-8491
-8584
-8532
-8835
-8582
-8595
-8563
-8643
-8509
-8472
-8546
-8477
-8448
-8529
-8610
-8601
-8563
-8581
-8516
-8574
-8519
-8520
-8424
-8635
-8692
-8446
-8459
-8595
-8600
-8494
-8518
-8582
-8707
-8489
-8566
-8519
-8623
-8514
-8532
-8663
-8630
-8519
-8594
-8590
-8639
-8555
-8403
-8649
-8553
-8558
-8630
-8532
-8499
-8613
-8564
-8665
-8574
-8521
-8470
-8465
-8512
-8530
-8531
-8669
-8625
-8453
-8508
-8648
-8640
-8621
-8510
-8574
-8492
-8437
-8471
-8481
-8581
-8479
-8532
-8559
-8710
-8525
-8556
-8553
-8467
-8510
-8666
-8637
-8569
-8641
-8568
-8644
-8554
-8678
-8605
-8478
-8595
-8596
-8570
-8525
-8594
-8568
-8749
-8418
-8479
-8560
-8395
-8525
-8471
-8566
-8466
-8446
-8591
-8458
-8507
-8563
-8708
-8543
-8689
-8598
-8561
-8640
-8591
-8606
-8536
-8532
-8598
-8574
-8526
-8617
-8496
-8603
-8523
-8448
-8455
-8597
-8542
-8554
-8604
-8540
-8585
-8631
-8605
-8576
-8672
-8561
-8460
-8760
-8618
-8744
-8652
-8618
-8490
-8584
-8500
-8632
-8577
-8666
-8475
-8502
-8598
-8621
-8603
-8472
-8562
-8505
-8548
-8615
-8641
-8544
-8518
-8692
-8478
-8405
-8607
-8525
-8588
-8560
-8682
-8511
-8569
-8604
-8533
-8566
-8538
-8531
-8615
-8604
-8538
-8441
-8570
-8619
-8555
-8547
-8596
-8414
-8492
-8608
-8519
-8404
-8492
-8379
-8453
-8463
-8527
-8468
-8626
-8403
-8487
-8594
-8683
-8591
-8640
-8512
-8450
-8531
-8593
-8603
-8582
-8337
-8674
-8601
-8479
-8610
-8604
-8483
-8435
-8437
-8555
-8685
-8681
-8476
-8494
-8511
-8524
-8619
-8517
-8694
-8431
-8643
-8636
-8530
-8571

-8519
-8617
-8717
-8508
-8514
-8455
-8444
-8461
-8438
-8519
-8568
-8406
-8575
-8526
-8479
-8637
-8643
-8442
-8632
-8669
-8579
-8624
-8447
-8720
-8518
-8528
-8613
-8705
-8497
-8429
-8481
-8441
-8523
-8489
-8538
-8455
-8592
-8477
-8536
-8484
-8562
-8516
-8478
-8497
-8469
-8651
-8632
-8567
-8400
-8481
-8527
-8523
-8577
-8527
-8694
-8596
-8553
-8584
-8427
-8620
-8568
-8584
-8563
-8482
-8590
-8422
-8519
-8552
-8554
-8542
-8548
-8584
-8642
-8459
-8556
-8544
-8565
-8516
-8782
-8405
-8438
-8387
-8624
-8497
-8476
-8533
-8530
-8678
-8543
-8630
-8569
-8569
-8482
-8608
-8568
-8575
-8580
-8477
-8577
-8414
-8536
-8556
-8460
-8563
-8535
-8482
-8645
-8607
-8550
-8488
-8599
-8424
-8513
-8565
-8518
-8496
-8502
-8556
-8439
-8480
-8440
-8609

-8605
-8501
-8609
-8464
-8407
-8549
-8697
-8599
-8679
-8593
-8388
-8588
-8483
-8437
-8709
-8446
-8676
-8441
-8624
-8546
-8537
-8451
-8512
-8620
-8566
-8524
-8663
-8615
-8624
-8573
-8603
-8365
-8394
-8568
-8522
-8496
-8688
-8665
-8614
-8500
-8646
-8431
-8518
-8582
-8533
-8514
-8489
-8517
-8496
-8610
-8480
-8433
-8518
-8459
-8538
-8473
-8464
-8431
-8684
-8469
-8568
-8511
-8502
-8433
-8551
-8615
-8651
-8549
-8418
-8447
-8404
-8467
-8623
-8648
-8514
-8577
-8677
-8455
-8354
-8491
-8504
-8742
-8596
-8361
-8490
-8651
-8577
-8391
-8600
-8638
-8671
-8420
-8540
-8427
-8591
-8474
-8599
-8472
-8413
-8506
-8387
-8577
-8568
-8595
-8456
-8551
-8526
-8616
-8609
-8545
-8724
-8637
-8541
-8605
-8537
-8463
-8416
-8518
-8636
-8521
-8487
-8520
-8584
-8579
-8523
-8502
-8504
-8495
-8536
-8508
-8609
-8608
-8493
-8455
-8453
-8523
-8639
-8551
-8548
-8480
-8440
-8502
-8502
-8553
-8521
-8680
-8614
-8522
-8502
-8619
-8350
-8597
-8492
-8353
-8491
-8492
-8679
-8506
-8587
-8480
-8513
-8587
-8404
-8529
-8516
-8419
-8729
-8554
-8512
-8364
-8495
-8574
-8603
-8549
-8591
-8489
-8496
-8462
-8522
-8502
-8495
-8463
-8572
-8393
-8398
-8461
-8516
-8563
-8482
-8575
-8552
-8534
-8649
-8595
-8508
-8598
-8517
-8603
-8593
-8699
-8509
-8565
-8646
-8583
-8489
-8558
-8407
-8529
-8480
-8532
-8462
-8515
-8513
-8579
-8490
-8525
-8480
-8575
-8453
-8606
-8537
-8594
-8482
-8512
-8677
-8526
-8452
-8541
-8665
-8565
-8576
-8707
-8579
-8499
-8389
-8457
-8599
-8489
-8842
-8606
-8549
-8446
-8585
-8570
-8556
-8737
-8557
-8595
-8485
-8481
-8527
-8599
-8614
-8559
-8547
-8599
-8481
-8535
-8583
-8569
-8560
-8629
-8598
-8642
-8524
-8653
-8527
-8664
-8504
-8534
-8545
-8567
-8464
-8499
-8502
-8487
-8633
-8604
-8519
-8428
-8600
-8498
-8529
-8494
-8512
-8534
-8533
-8476
-8460
-8701
-8436
-8568
-8597
-8464
-8481
-8457
-8511
-8536
-8650
-8528
-8664
-8565
-8579
-8488
-8582
-8387
-8571
-8386
-8556
-8505
-8365
-8469
-8542
-8662
-8692
-8707
-8472
-8576
-8577
-8464
-8549
-8566
-8519
-8402
-8490
-8583
-8423
-8520
-8601
-8609

-8578
-8411
-8453
-8640
-8534
-8526
-8726
-8624
-8523
-8601
-8495
-8571
-8502
-8505
-8538
-8623
-8584
-8666
-8437
-8536
-8423
-8568
-8598
-8645
-8561
-8456
-8484
-8522
-8462
-8389
-8633
-8510
-8528
-8760
-8593
-8510
-8472
-8590
-8559
-8508
-8535
-8619
-8536
-8610
-8551
-8697
-8466
-8437
-8654
-8401
-8459
-8542
-8689
-8517
-8499
-8440
-8719
-8634
-8426
-8597
-8568
-8608
-8591
-8784
-8486
-8692
-8528
-8603
-8515
-8544
-8583
-8564
-8617
-8555
-8510
-8429
-8509
-8556
-8482
-8604
-8557
-8532
-8496
-8500
-8405
-8485
-8560
-8658
-8621
-8609
-8540
-8522
-8427
-8480
-8578
-8526
-8434
-8566
-8621
-8549
-8685
-8515
-8389
-8443
-8561
-8469
-8532
-8573
-8487
-8475
-8548
-8596
-8532
-8582
-8681
-8542
-8466
-8564
-8459
-8564
-8532
-8426
-8501
-8541
-8388
-8526
-8450
-8559
-8522
-8639
-8561
-8564
-8495
-8430
-8473
-8475
-8523
-8505
-8573
-8399
-8524
-8573
-8631
-8521
-8668
-8540
-8600
-8653
-8485
-8647
-8571
-8504
-8528
-8438
-8484
-8528
-8535
-8523
-8636
-8523
-8501
-8624
-8476
-8625
-8440
-8545
-8357
-8678
-8533
-8535
-8675
-8620
-8589
-8444
-8535
-8523
-8523
-8593
-8590
-8462
-8481
-8643
-8597
-8555
-8465
-8478
-8562
-8547
-8524
-8563
-8437
-8645
-8468
-8546
-8487
-8532
-8676
-8619
-8566
-8475
-8457
-8450
-8524
-8604
-8548
-8500
-8567
-8692
-8646
-8566
-8498
-8515
-8568
-8411
-8518
-8612
-8697
-8527
-8501
-8564
-8509
-8458
-8668
-8506
-8492
-8431
-8496
-8570
-8437
-8472
-8496
-8496
-8591
-8624

-8548
-8591

-8470
-8524
-8576
-8614
-8449
-8677
-8556
-8456
-8482
-8565
-8561
-8591
-8363
-8572
-8628
-8634
-8638
-8530
-8465
-8608
-8513
-8542
-8632
-8492
-8570
-8593
-8490
-8481
-8564
-8649
-8635
-8664
-8573
-8638
-8518
-8497
-8533
-8466
-8621
-8462
-8642
-8462
-8552
-8576
-8507
-8622
-8522
-8642
-8553
-8552
-8616
-8687
-8611
-8540
-8588
-8680
-8456
-8589
-8496
-8624
-8526
-8580
-8579
-8492
-8618
-8380
-8642
-8524
-8695
-8617
-8505
-8652
-8600
-8489
-8582
-8494
-8543
-8513
-8551
-8650
-8455
-8539
-8505
-8552
-8520
-8532
-8511
-8618
-8552
-8446
-8539
-8624
-8509
-8685
-8675
-8649
-8572
-8643
-8740
-8511
-8490
-8551
-8480
-8439
-8469
-8593
-8632
-8606
-8510
-8599
-8496
-8521
-8441
-8573
-8595
-8502
-8446
-8706
-8513
-8611
-8676
-8521
-8651
-8511
-8633
-8544
-8524
-8549
-8728

-8577
-8558
-8526
-8466
-8501
-8579
-8547
-8454
-8511
-8691
-8569
-8542
-8494
-8564
-8331
-8548
-8707
-8492
-8538
-8439
-8552
-8347
-8653
-8544
-8541
-8582
-8545
-8658
-8559
-8549
-8539
-8570
-8579
-8482
-8575
-8637
-8485
-8561
-8686
-8535
-8469
-8505
-8730
-8558
-8515
-8483
-8655
-8590
-8741
-8582
-8647
-8592
-8495
-8570
-8476
-8371
-8520
-8510
-8671
-8472
-8533
-8678
-8531
-8459
-8564
-8631
-8678
-8691
-8390
-8486
-8637
-8586
-8472
-8515
-8454
-8585
-8589

-8545
-8576
-8679
-8504
-8590
-8530
-8627
-8632
-8533
-8475
-8642
-8535
-8684
-8397
-8611
-8493
-8639
-8425
-8526
-8678
-8480
-8489
-8695
-8548
-8568
-8442
-8572
-8467
-8496
-8471
-8671
-8679
-8564
-8482
-8630
-8708
-8561
-8650
-8593
-8492
-8593
-8603
-8530
-8524
-8702
-8442
-8408
-8520
-8701
-8583
-8422
-8657
-8624
-8571
-8509
-8496
-8563
-8582
-8505
-8394
-8531
-8662
-8519
-8632
-8550
-8484
-8569
-8485
-8496
-8601
-8525
-8641
-8495
-8541
-8578
-8473
-8527
-8416
-8575
-8595
-8462
-8492
-8590
-8506
-8548
-8738
-8493
-8625
-8655
-8589
-8338
-8595
-8597
-8436
-8422
-8560
-8526
-8551
-8552
-8574
-8575
-8447
-8560
-8543
-8640
-8624
-8528
-8475
-8442
-8617
-8430
-8447
-8472
-8533
-8455
-8572
-8607
-8422
-8479
-8632
-8559
-8422
-8442
-8426
-8611
-8500
-8549
-8669
-8603
-8605
-8524
-8531
-8547
-8597
-8490
-8512
-8457
-8603
-8519
-8574
-8349
-8496
-8386
-8506
-8663
-8608
-8499
-8578
-8541
-8447
-8426
-8463
-8421
-8565
-8626
-8528
-8672
-8536
-8553
-8495
-8672
-8559
-8474
-8514
-8486
-8496
-8518
-8564
-8655
-8615
-8528
-8561
-8462
-8533
-8504
-8403
-8514
-8471
-8594
-8604
-8518
-8377
-8402
-8515
-8408
-8537
-8515
-8697
-8526
-8482
-8531
-8567
-8396
-8482
-8537
-8578
-8591
-8429
-8581
-8490
-8424
-8502
-8396
-8568
-8465
-8440
-8394
-8505
-8492
-8618
-8549
-8431
-8493
-8640
-8513
-8592
-8510
-8338
-8491
-8614
-8487
-8422
-8584
-8675
-8516
-8570
-8571
-8654
-8662
-8549
-8567
-8614
-8626
-8459
-8514
-8698
-8628
-8470
-8677
-8526
-8599
-8583
-8532
-8453
-8423
-8579
-8525
-8619
-8608
-8465
-8492
-8644
-8581
-8576
-8569
-8632
-8632
-8635
-8646
-8492
-8511
-8639
-8472
-8698
-8602
-8527
-8410
-8446
-8490
-8587
-8481
-8574
-8603
-8531
-8557
-8575
-8578
-8412
-8529
-8436
-8609
-8540
-8701
-8405
-8571
-8374
-8422
-8584
-8570
-8523
-8548
-8362
-8513
-8649
-8623
-8540
-8505
-8551
-8406
-8599
-8469
-8557
-8384
-8593
-8449
-8593
-8622
-8556
-8644
-8528
-8578
-8587
-8557
-8454
-8610
-8427
-8542
-8529
-8606
-8468
-8700
-8575
-8411
-8614
-8570
-8526
-8530
-8462
-8622
-8579
-8360
-8603
-8655
-8538
-8569
-8513
-8729
-8455
-8657
-8618
-8647
-8621
-8511
-8389
-8587
-8462
-8519
-8668
-8567
-8581
-8395
-8420
-8642
-8746
-8604
-8601
-8564
-8583
-8695
-8463
-8548
-8502
-8670
-8437
-8572
-8395
-8544
-8660
-8544
-8577
-8521
-8609
-8563
-8429
-8600
-8415
-8396
-8557
-8449
-8572
-8502
-8570
-8656
-8544
-8485
-8646
-8674
-8528
-8545
-8440
-8390
-8537
-8435
-8586
-8454
-8614
-8528
-8504
-8632
-8621
-8507
-8599
-8554
-8561
-8674
-8542
-8620




-8633
-8482
-8610
-8574
-8584
-8515
-8397
-8519
-8610
-8607
-8504
-8487
-8468
-8525
-8643
-8618
-8645
-8413
-8511
-8480
-8497
-8456
-8596
-8621
-8652
-8553
-8606
-8439
-8552
-8498
-8525
-8304
-8607
-8599
-8578
-8411
-8523
-8672
-8605
-8346
-8449
-8541
-8601
-8419
-8387
-8623
-8515
-8559
-8650
-8464
-8594
-8589
-8480
-8613
-8539
-8542
-8507
-8650
-8484
-8485
-8427
-8732
-8619
-8573
-8487
-8415
-8482
-8461
-8636
-8482
-8510
-8563
-8615
-8275
-8616
-8624
-8652
-8482
-8587
-8624
-8503
-8546
-8445
-8570
-8578
-8683
-8420
-8706
-8634
-8463
-8464
-8658
-8555
-8508
-8421
-8468
-8579
-8478
-8597
-8577
-8636
-8633
-8536
-8426
-8622
-8548
-8421
-8413
-8488
-8540
-8344
-8593
-8443
-8501
-8433
-8554
-8597
-8475
-8383
-8607
-8730
-8549
-8535
-8461
-8439
-8494
-8577
-8508
-8622
-8590
-8705
-8501
-8615
-8563
-8467
-8614
-8486
-8731
-8663
-8401
-8504
-8507
-8482
-8560
-8527
-8417
-8594
-8455
-8493
-8722
-8596
-8599

-8520
-8655
-8688
-8682
-8463
-8364
-8591
-8726
-8665
-8463
-8520
-8429
-8710
-8443
-8505

-8727
-8468
-8410
-8536
-8559
-8516
-8423
-8596
-8420
-8561
-8431
-8567
-8598
-8692
-8602
-8563
-8670
-8546
-8576
-8547
-8475
-8431
-8549
-8627
-8649
-8462
-8607
-8437
-8424
-8592
-8668
-8514
-8714
-8496
-8591
-8522
-8344
-8402
-8532
-8458
-8688
-8652
-8539
-8501
-8499
-8608
-8438
-8450
-8566
-8500
-8401
-8497
-8539
-8454
-8635
-8410
-8481
-8555
-8439
-8675
-8455
-8575
-8367
-8552
-8565
-8489
-8695
-8562
-8476
-8577
-8496
-8567
-8537
-8422
-8537
-8486
-8504
-8264
-8547
-8529
-8619
-8659
-8453
-8671
-8474
-8505
-8642
-8602
-8524
-8570
-8610
-8485
-8661
-8582
-8492
-8475
-8661
-8484
-8404
-8558
-8516
-8536
-8506
-8415
-8680
-8496
-8447
-8532
-8593
-8624
-8640
-8592
-8636
-8604
-8454
-8672
-8485
-8507
-8583
-8511
-8575
-8496
-8591
-8624
-8662
-8514
-8650
-8558
-8676
-8538
-8431
-8458
-8489
-8440
-8433
-8538
-8510
-8575
-8662
-8737
-8317
-8566
-8599
-8577
-8489
-8421
-8519
-8510
-8593
-8602
-8547
-8489
-8561
-8510
-8463
-8463
-8502
-8441
-8571
-8533
-8507
-8583
-8517
-8594
-8429
-8572
-8546
-8472
-8383
-8475
-8478
-8502
-8437
-8507
-8549
-8586
-8548
-8484
-8523
-8579
-8556
-8469
-8499
-8398
-8512
-8466
-8639
-8537
-8533
-8638
-8438
-8550
-8431
-8560
-8571
-8576
-8496
-8587
-8434
-8589
-8566
-8575
-8631
-8510
-8647
-8510
-8501
-8562
-8500
-8390
-8496
-8382
-8494
-8578
-8518
-8417
-8617
-8462
-8505
-8620
-8424
-8457
-8394
-8646
-8556
-8595
-8421
-8496
-8633
-8591
-8492
-8430
-8302

-8499
-8537
-8672
-8312
-8519
-8490
-8620
-8510
-8588
-8436
-8384
-8328
-8474
-8600
-8567
-8621
-8602
-8350
-8663
-8538
-8691
-8607
-8647
-8493
-8419
-8546
-8585
-8535
-8568
-8645
-8640
-8452
-8382
-8489
-8497
-8563
-8608
-8499
-8632
-8640
-8529
-8522
-8553
-8577
-8628
-8521
-8572
-8632
-8400
-8429
-8673
-8587
-8571
-8457
-8623
-8583
-8431
-8585
-8508
-8583
-8489
-8513
-8497
-8475
-8560
-8486
-8543
-8412
-8503
-8512
-8517
-8617
-8594
-8429
-8567
-8790
-8543
-8532
-8543
-8491
-8568
-8558
-8439
-8421
-8529
-8683
-8635
-8414
-8506
-8653
-8548
-8426
-8549
-8514
-8581
-8481
-8604
-8575
-8551
-8658
-8443
-8430
-8576
-8510
-8575
-8414
-8695
-8704
-8453
-8739
-8564
-8519
-8461
-8468
-8512
-8593
-8492
-8758
-8376
-8549
-8482
-8624
-8629
-8519
-8560
-8653
-8682
-8517
-8687
-8673
-8670
-8560
-8484
-8537
-8555
-8542
-8550
-8685
-8607
-8411
-8586
-8502
-8650
-8509
-8506
-8564
-8606
-8474
-8569
-8570
-8527
-8532
-8661
-8636
-8541
-8503
-8647
-8495
-8472
-8536
-8365
-8630
-8719
-8558
-8421
-8511
-8417
-8521
-8458
-8558
-8538
-8429
-8609
-8653
-8636
-8609
-8564
-8665
-8639
-8500
-8544
-8666
-8526
-8586
-8441
-8597
-8656
-8617
-8548
-8462
-8620
-8672
-8680
-8698
-8457
-8641
-8622
-8623
-8651
-8715
-8736
-8468
-8538
-8552
-8561
-8619
-8409
-8490
-8654
-8505
-8701

-8642
-8624
-8508
-8496
-8658
-8411
-8568
-8382
-8544
-8656
-8704
-8403
-8550
-8675
-8503
-8539
-8674
-8600
-8499
-8496
-8407
-8474
-8613
-8554
-8572
-8671
-8738
-8480
-8560
-8467
-8562
-8281
-8669
-8536
-8436
-8528
-8627
-8576
-8573
-8563
-8513
-8526
-8568
-8376
-8523
-8607
-8400
-8565
-8577
-8470
-8487
-8454
-8543
-8528
-8437
-8539
-8409
-8680
-8670
-8582
-8514
-8600
-8502
-8550
-8660
-8539
-8573
-8519
-8446
-8697
-8724
-8490
-8599
-8575
-8596
-8463
-8620
-8556
-8609
-8515
-8677
-8594
-8525
-8512
-8648
-8609
-8305
-8509
-8611
-8547
-8546
-8649
-8561
-8567
-8550
-8532
-8558
-8594
-8558
-8597
-8592
-8545
-8589
-8662
-8398
-8604
-8496
-8525
-8550
-8769
-8561
-8658
-8566
-8686
-8561
-8504
-8561
-8600
-8537
-8604
-8534
-8516
-8638
-8578
-8773
-8643
-8365
-8585
-8715
-8421
-8693
-8454
-8543
-8567
-8624
-8694
-8488
-8580
-8483
-8615
-8522
-8514
-8680
-8652
-8612
-8561
-8538
-8594
-8502
-8660
-8633
-8556
-8585
-8504
-8421
-8527
-8712
-8570
-8486
-8581
-8706
-8615
-8530
-8560
-8485
-8472
-8488
-8678
-8534
-8573
-8592
-8616
-8659
-8654
-8529
-8630
-8617
-8581
-8569
-8528
-8508
-8717
-8539
-8554
-8514
-8604
-8510
-8614
-8438
-8631
-8589
-8612
-8672
-8502
-8473
-8567
-8399
-8567
-8418
-8591
-8474
-8603
-8563
-8545
-8647
-8562
-8471
-8457
-8702
-8567
-8571
-8459
-8483
-8412
-8492
-8593
-8477
-8626
-8521
-8488
-8468
-8577
-8542
-8672
-8474
-8689
-8713
-8646
-8648
-8426
-8508
-8637
-8533
-8688
-8555
-8401
-8486
-8463
-8563
-8522
-8565
-8539
-8558
-8528
-8559
-8676
-8690
-8491
-8490
-8635
-8739
-8630
-8592
-8512
-8616
-8514
-8552
-8597
-8454
-8565
-8545
-8623
-8509
-8501
-8598
-8523
-8598
-8550
-8501
-8464
-8694
-8467
-8479
-8500
-8397
-8415
-8601
-8466
-8420
-8399
-8384
-8503
-8362
-8471
-8455
-8523
-8534
-8797
-8435
-8514
-8444
-8642
-8586
-8445
-8581
-8575
-8551
-8471
-8536
-8459
-8593
-8653
-8590
-8560
-8498
-8547
-8343
-8635
-8706
-8736
-8501
-8584
-8648
-8582
-8526
-8557
-8535
-8697
-8697
-8591
-8418
-8607
-8470
-8473

-8596
-8570
-8652
-8537
-8588
-8462
-8440
-8543
-8552
-8659
-8595
-8475
-8491
-8502
-8425
-8536
-8566
-8495
-8516
-8515
-8605
-8559
-8491
-8560
-8636
-8425
-8501
-8594
-8630
-8539
-8539
-8530
-8488
-8488
-8405
-8500
-8581
-8432
-8679
-8591
-8558
-8566
-8585
-8527
-8606
-8685
-8512
-8633
-8561
-8507
-8736
-8521
-8411
-8526
-8511
-8461
-8618
-8711
-8474
-8550
-8500
-8560
-8493
-8503
-8354
-8514
-8577
-8530
-8544
-8495
-8502
-8410
-8549
-8527
-8620
-8544
-8401
-8480
-8585
-8621
-8652
-8361
-8536
-8585
-8569
-8548
-8637
-8496
-8496
-8699
-8562
-8550
-8581
-8602
-8595
-8591
-8476
-8397
-8552
-8564
-8558
-8544
-8589
-8556
-8532
-8582
-8525
-8589
-8612
-8512
-8583
-8564
-8530
-8607
-8509
-8379
-8496
-8466
-8564
-8556
-8451
-8559
-8588
-8651
-8679
-8628
-8631
-8525
-8440
-8596
-8353
-8658
-8438
-8550
-8490
-8544
-8584
-8614
-8406
-8504
-8665
-8584
-8529
-8557
-8553
-8521
-8550
-8570
-8492
-8616
-8613
-8532
-8533
-8481
-8587
-8545
-8677
-8562
-8555
-8542
-8648
-8497
-8596
-8568
-8653
-8538
-8542
-8479
-8596
-8579
-8576
-8415
-8553
-8565
-8538
-8608
-8656
-8604
-8504
-8556
-8702
-8480
-8651
-8665
-8632
-8577
-8499
-8606
-8530
-8752
-8526
-8517
-8529
-8693
-8512
-8618
-8701
-8532
-8610
-8641
-8708
-8636
-8645
-8507
-8414
-8528
-8639
-8592
-8579
-8465
-8541
-8601
-8478
-8601
-8542
-8520
-8598
-8420
-8472
-8549
-8446
-8597
-8610
-8701
-8477
-8595
-8376
-8672
-8593
-8539
-8383
-8462
-8601
-8568
-8470
-8552
-8582
-8543
-8526
-8406
-8557
-8611
-8614
-8545
-8551
-8632
-8534
-8615
-8442
-8682
-8438
-8557
-8539
-8672
-8572
-8559
-8630
-8515
-8697
-8499
-8581
-8290
-8563
-8582
-8408
-8540
-8556
-8570
-8468
-8473
-8450
-8493
-8499
-8601
-8434
-8515
-8400
-8549
-8450
-8617
-8667
-8538
-8577
-8455
-8513
-8490
-8539
-8645
-8517
-8614
-8599
-8547
-8448
-8441
-8425
-8598
-8536
-8473
-8556
-8426
-8493
-8444
-8441
-8411
-8573
-8491
-8372
-8593
-8469
-8482
-8479
-8530
-8496
-8530
-8678
-8462
-8515
-8583
-8462
-8538
-8324
-8442
-8639
-8505
-8441
-8593
-8589
-8595
-8528
-8520
-8565
-8446
-8658
-8678
-8477
-8643
-8615
-8675
-8551
-8649
-8583
-8458
-8652
-8456
-8612
-8419
-8419
-8599
-8624
-8537
-8590
-8528
-8497
-8640
-8548
-8490
-8586
-8575
-8513
-8506
-8547
-8545
-8611
-8471
-8557
-8497
-8643
-8511
-8624
-8556
-8529
-8526
-8559
-8523
-8563
-8591
-8518
-8496
-8572
-8520
-8440
-8695
-8423
-8659
-8597
-8601
-8631
-8620
-8521
-8469
-8502
-8532
-8651
-8556
-8547
-8581
-8504
-8481
-8424
-8392
-8521
-8678
-8573
-8548
-8698
-8532
-8654
-8529
-8547
-8466
-8529
-8535
-8550
-8578
-8515
-8522
-8507
-8521
-8397
-8500
-8555
-8600
-8536
-8698
-8610
-8513
-8535
-8472
-8742
-8566
-8653
-8578
-8531
-8621
-8587
-8555
-8598
-8443
-8549
-8456
-8517
-8507
-8575
-8685
-8455
-8544
-8517
-8659
-8461
-8735
-8589
-8694
-8624
-8568
-8557
-8491
-8464
-8551
-8561
-8460
-8590
-8466
-8469
-8636
-8561
-8520
-8438
-8531
-8539
-8507
-8616
-8642
-8619
-8630
-8654
-8445
-8544
-8462
-8482
-8398
-8622
-8517
-8477
-8524
-8611
-8627
-8601
-8565
-8510
-8554
-8521
-8606
-8481
-8578
-8673
-8542
-8515
-8618
-8454
-8536
-8463
-8579
-8471
-8464
-8448
-8653
-8563
-8587
-8519
-8558
-8468
-8525
-8534
-8485
-8568
-8422
-8527
-8535
-8540
-8482
-8457
-8631
-8480
-8541
-8636
-8460
-8472
-8593
-8574
-8500
-8466
-8513
-8561
-8496
-8595
-8583
-8544
-8570
-8554
-8625
-8466
-8467
-8531
-8590
-8723
-8458
-8410
-8584
-8571
-8695
-8654
-8552
-8591
-8605
-8604
-8472
-8548
-8438
-8601
-8488
-8447
-8488
-8463
-8385
-8639
-8622
-8424
-8543
-8558
-8577
-8491
-8454
-8538
-8597
-8598
-8514
-8540
-8507
-8574
-8462
-8513
-8524
-8594
-8558
-8549
-8379
-8702
-8444
-8654
-8445
-8489
-8554
-8674
-8507
-8636
-8593
-8570
-8643
-8457
-8592
-8466
-8448
-8574
-8491
-8445
-8496
-8463
-8465
-8442
-8462
-8445
-8715
-8617
-8301
-8467
-8583
-8496
-8611
-8410
-8560
-8579
-8448
-8598
-8610
-8477
-8441
-8524
-8527
-8492
-8665
-8583
-8516
-8578
-8474
-8478
-8520
-8535
-8487
-8412
-8437
-8669
-8606
-8565
-8472
-8706
-8381
-8466
-8452
-8602
-8548
-8407
-8507
-8551
-8526
-8440
-8521
-8553
-8623
-8422
-8589
-8490
-8466
-8492
-8591
-8545
-8568
-8562
-8646
-8714
-8536
-8610
-8394
-8516
-8387
-8565
-8605
-8507
-8549
-8356
-8518
-8553
-8417
-8468
-8552

-8661
-8515
-8452
-8621
-8611
-8520
-8526
-8480
-8637
-8505
-8526
-8556
-8562
-8632
-8661
-8404
-8582
-8469
-8582
-8578
-8527
-8594
-8470
-8433
-8415
-8571
-8600
-8567
-8489
-8578
-8475
-8606
-8516
-8675
-8656
-8652
-8501
-8450
-8597
-8573
-8558
-8631
-8484
-8484
-8656
-8468
-8440
-8478
-8533
-8528
-8578
-8610
-8831
-8631
-8594
-8582
-8715
-8535
-8643
-8470
-8436
-8584
-8492
-8557
-8568
-8570
-8709
-8459
-8539
-8701
-8448
-8580
-8587
-8479
-8703
-8545
-8588
-8432
-8528
-8549
-8680
-8554
-8533
-8563
-8564
-8575
-8661
-8485
-8565
-8528
-8517
-8568
-8630
-8543
-8740
-8563
-8528
-8544
-8515
-8747
-8712
-8557
-8455
-8639
-8514
-8650
-8602
-8534
-8693
-8631
-8723
-8574
-8516
-8451
-8568
-8560
-8661
-8597
-8650
-8490
-8549
-8647
-8380
-8583
-8604
-8526
-8518
-8724
-8600
-8680
-8749
-8543
-8568
-8648
-8719
-8598
-8535
-8444
-8558
-8594
-8532
-8658
-8635
-8509
-8496
-8658
-8501
-8703
-8718
-8497
-8708
-8540
-8441
-8505
-8621
-8467
-8576
-8690
-8515
-8510
-8536
-8635
-8589
-8491
-8597
-8492
-8574
-8529
-8568
-8475
-8488
-8587
-8690
-8639
-8608
-8620
-8492
-8416
-8455
-8501
-8562
-8553
-8549
-8490
-8665
-8613
-8502
-8502
-8598
-8519
-8535
-8721
-8585
-8532
-8519
-8688
-8578
-8531
-8503
-8641
-8551
-8427
-8505
-8583
-8496
-8538
-8517
-8501
-8518
-8442
-8576
-8599
-8541
-8511
-8574
-8518
-8666
-8483
-8457
-8569
-8607
-8572
-8483
-8736
-8538
-8642
-8513
-8549
-8520
-8593
-8531
-8548
-8522
-8444
-8643
-8648
-8576
-8380
-8486
-8575
-8552
-8456
-8719
-8652
-8423
-8715
-8715
-8585
-8523
-8562
-8587
-8549
-8550
-8581
-8621
-8515
-8505
-8779
-8676
-8521
-8585
-8577
-8588
-8551
-8588
-8520
-8458
-8519
-8506
-8542
-8672
-8496

-8529
-8582
-8556
-8771
-8679
-8511
-8708
-8564
-8588
-8496
-8543
-8534
-8691
-8518
-8529
-8464
-8410
-8578
-8545
-8677
-8601
-8590
-8645
-8668
-8573
-8542
-8542
-8646
-8533
-8523
-8539
-8519
-8486
-8604
-8690
-8577
-8472
-8521
-8615
-8663
-8494
-8457
-8483
-8540
-8617
-8584
-8630
-8593
-8523
-8604
-8548
-8545
-8592
-8599
-8501
-8594
-8543
-8526
-8499
-8514
-8578
-8578
-8555
-8456
-8575
-8658
-8567
-8640
-8579
-8576
-8608
-8618
-8531
-8559
-8538
-8656
-8533
-8593
-8457
-8707

-8575
-8578
-8566
-8584
-8632
-8518
-8614
-8445
-8541
-8521
-8565
-8441
-8410

-8667
-8391
-8542
-8472
-8493
-8567
-8510
-8548
-8493
-8571
-8524
-8551
-8551
-8616
-8585
-8482
-8538
-8583
-8549
-8487
-8516
-8357
-8465
-8552
-8480
-8467
-8572
-8523
-8526
-8424
-8551
-8595
-8639

-8494
-8491
-8654
-8632
-8574
-8518
-8586
-8630
-8528
-8429
-8708
-8567
-8478
-8527
-8542
-8506
-8583
-8505
-8608
-8621
-8413
-8515
-8593
-8411
-8577
-8400
-8418
-8571
-8564
-8545
-8475
-8438
-8520
-8507
-8382
-8471
-8398
-8519
-8500
-8564
-8537
-8563
-8577
-8620
-8480
-8467
-8592
-8556
-8621
-8465
-8604
-8605
-8532
-8492
-8436
-8407
-8461
-8506
-8462
-8403
-8583
-8390
-8544
-8444
-8648
-8678
-8551
-8520
-8524
-8481
-8409
-8638
-8493
-8618
-8445
-8420
-8481
-8451
-8552
-8547
-8666
-8483
-8433
-8435
-8496
-8653
-8575
-8650
-8452
-8602
-8555
-8637
-8442
-8449
-8683
-8543
-8539
-8677
-8566
-8360
-8537
-8688
-8596
-8506
-8422
-8611
-8630
-8512
-8470
-8558
-8625
-8460
-8591
-8561
-8449
-8501
-8505
-8586
-8479
-8473
-8491
-8535
-8640
-8575
-8548
-8500
-8438
-8440
-8447
-8516
-8568
-8678
-8489
-8588
-8488
-8543
-8473
-8601
-8479
-8578
-8357
-8513
-8524
-8653
-8446
-8505
-8541
-8666
-8654
-8594
-8431
-8672
-8405
-8562
-8521
-8456
-8599
-8566
-8667
-8664
-8606
-8478
-8576
-8593
-8656
-8535
-8546
-8636
-8550
-8421
-8393
-8594
-8555
-8507
-8510
-8589
-8581
-8496
-8551
-8669
-8596
-8442
-8670
-8511
-8352
-8512
-8656
-8570
-8525
-8438
-8496
-8455
-8607
-8387
-8374
-8426
-8468
-8521
-8566
-8623
-8407
-8568
-8562
-8706
-8505
-8516
-8677
-8606
-8535
-8539
-8574
-8503
-8643
-8616
-8623
-8577
-8426
-8595
-8449
-8481
-8361
-8490
-8561
-8345
-8537
-8570
-8538
-8650
-8474
-8420
-8568
-8412
-8564
-8496
-8649
-8684
-8535
-8639
-8674
-8761
-8588
-8606
-8518
-8677
-8503
-8684
-8472
-8655
-8549
-8570
-8466
-8441
-8542
-8433
-8602
-8551
-8617
-8555
-8645
-8605
-8576
-8531
-8576
-8565
-8643
-8481
-8624
-8726
-8660
-8562
-8475
-8477
-8451
-8744
-8526
-8667
-8511
-8693
-8487
-8669
-8414
-8579
-8475
-8662
-8705
-8613
-8468
-8411
-8728
-8562
-8655
-8598
-8502
-8544
-8499
-8545
-8502
-8606
-8646
-8525

-8713
-8551
-8680
-8439
-8552
-8482
-8509
-8522
-8739
-8665
-8523
-8480
-8586
-8453
-8584
-8543
-8583
-8467
-8643
-8474
-8553
-8672
-8509
-8632
-8669
-8645
-8495
-8658
-8384
-8480
-8587
-8576
-8590
-8653
-8562
-8590
-8522
-8441
-8578
-8662
-8655
-8559
-8632
-8488
-8558
-8598
-8669
-8435
-8669
-8666
-8601
-8525
-8492
-8518
-8509
-8513
-8564
-8578
-8592
-8573
-8613
-8462
-8606
-8566
-8568
-8490
-8439
-8504
-8490
-8514
-8526
-8595
-8488
-8514
-8533
-8449
-8503
-8436
-8481
-8587
-8499
-8464
-8607
-8371
-8502
-8395
-8556
-8669
-8411
-8507
-8541
-8442
-8563
-8596
-8356
-8519
-8464
-8475
-8398
-8501
-8587
-8532
-8433
-8512
-8552
-8561
-8508
-8495
-8594
-8587
-8591
-8569
-8455
-8560
-8435
-8457
-8461
-8604
-8438
-8465
-8570
-8477
-8674
-8611
-8493
-8492
-8525
-8598
-8533
-8615
-8520
-8604
-8568
-8577
-8657
-8755
-8464
-8574
-8455
-8548
-8452
-8644
-8464
-8636
-8529
-8650
-8556
-8615
-8633
-8519
-8384
-8566
-8500
-8421
-8523
-8633
-8531
-8508
-8415
-8432
-8488
-8415
-8617
-8603
-8735
-8759
-8672
-8684
-8520
-8589
-8677
-8517
-8562
-8623
-8651
-8600
-8573
-8630
-8598
-8466
-8707
-8485
-8567
-8492
-8483
-8455
-8586
-8553
-8535
-8624
-8622
-8572
-8373
-8571
-8580
-8608
-8679
-8497
-8587
-8629
-8588
-8594
-8573
-8433
-8732
-8496
-8571
-8490
-8520
-8379
-8551
-8503
-8507
-8572
-8588
-8527
-8504
-8550
-8490
-8556
-8523
-8487
-8507
-8551
-8549
-8453
-8504
-8491
-8561
-8460
-8565
-8624
-8522
-8568
-8615
-8511
-8474
-8580
-8527
-8556
-8622
-8494
-8600
-8590
-8494
-8489
-8471
-8597
-8505
-8613
-8415
-8624
-8355
-8543
-8574
-8574
-8583
-8602
-8677
-8593
-8509
-8664
-8638
-8660
-8648
-8584
-8601
-8568
-8474
-8497
-8366
-8632
-8722
-8599
-8466
-8593
-8684
-8617
-8488
-8746
-8472
-8489
-8645
-8455
-8354
-8644
-8434
-8471
-8475
-8490
-8498
-8545
-8574
-8551
-8535
-8522
-8389
-8366
-8600
-8624
-8584
-8549
-8512
-8666
-8666
-8588
-8596
-8523
-8619
-8541
-8480
-8502
-8637
-8531
-8581
-8447
-8674

-8531
-8444
-8422
-8602
-8499
-8540
-8439
-8552
-8579
-8620
-8579
-8590
-8537
-8623
-8530
-8470
-8461
-8504
-8530
-8549
-8398
-8573
-8446
-8590
-8616
-8500
-8575
-8449
-8500
-8531
-8367
-8553
-8622
-8550
-8581
-8380
-8601
-8583
-8563
-8505
-8572
-8502
-8579
-8495
-8525
-8573
-8349
-8496
-8519
-8395
-8583
-8431
-8530
-8551
-8538
-8558
-8441
-8374
-8588
-8512
-8552
-8400
-8526
-8387
-8569
-8614
-8471
-8438
-8634
-8639
-8715
-8435
-8655
-8508
-8428
-8545
-8507
-8649
-8644
-8530
-8475
-8502
-8466
-8512
-8394
-8409
-8489
-8558
-8578
-8562
-8578
-8549
-8680
-8647
-8493
-8526
-8610
-8542
-8520
-8634
-8522
-8428
-8350
-8603
-8558
-8463
-8500
-8426
-8507
-8523
-8390
-8558
-8619
-8465
-8377
-8597
-8718
-8564
-8464
-8459
-8419
-8607
-8509
-8422
-8549
-8552
-8502
-8445
-8521
-8531
-8396
-8653
-8574
-8515
-8449
-8478
-8388
-8480
-8680
-8521
-8577
-8506
-8522
-8413
-8738
-8426
-8492
-8482
-8536
-8564
-8655
-8543
-8586
-8424
-8539
-8636
-8542
-8485

-8549
-8554
-8584
-8565
-8521
-8601
-8505
-8429
-8597
-8602
-8596
-8548
-8624
-8527
-8687
-8549
-8549
-8461
-8646
-8652
-8678
-8619
-8444
-8521
-8514
-8716
-8661
-8596
-8598
-8654
-8565
-8579
-8494
-8687
-8561
-8742
-8561
-8563
-8596
-8552
-8492
-8615
-8459
-8718
-8574
-8586
-8577
-8572
-8624
-8647
-8578
-8502
-8472
-8569
-8569
-8517
-8617
-8561
-8597
-8584
-8529
-8722
-8532
-8452
-8544
-8756
-8495
-8716
-8548
-8636
-8547
-8641
-8653
-8583
-8538
-8672
-8647
-8549
-8588
-8526
-8574
-8740
-8593
-8565
-8516
-8507
-8632
-8544
-8579
-8614
-8530
-8518
-8561
-8685
-8541
-8607
-8661
-8644
-8547
-8730
-8692
-8545
-8521
-8557
-8640
-8569
-8599
-8755
-8648
-8606
-8511
-8656
-8481
-8669
-8665
-8733
-8460
-8614
-8725
-8650
-8496
-8576
-8430
-8577
-8611
-8624
-8545
-8537
-8641
-8540
-8598
-8557
-8476
-8668
-8542
-8742
-8688
-8663
-8541
-8521
-8639
-8603
-8521
-8576
-8639
-8675
-8623
-8431
-8519
-8679
-8570
-8637
-8556
-8550
-8627
-8597
-8624



-8614
-8477
-8645
-8502
-8543
-8574
-8689
-8579
-8680
-8515
-8645
-8735
-8504
-8489
-8588
-8433
-8531
-8608
-8643
-8583
-8421
-8584
-8539
-8639
-8564
-8571
-8537
-8478
-8666
-8496
-8557
-8491
-8452
-8648
-8453
-8447
-8617
-8586
-8638
-8423
-8589
-8462
-8441
-8570
-8528
-8473
-8613
-8464
-8527
-8610
-8438
-8530
-8721
-8641
-8538
-8494
-8576
-8531
-8487
-8579
-8572
-8630
-8558
-8558
-8580
-8612
-8672
-8717
-8624

-8403
-8438
-8626
-8542
-8515
-8509
-8464
-8547
-8451
-8525
-8401
-8597
-8501
-8580
-8556
-8556
-8613
-8633
-8473
-8545
-8653
-8664
-8617
-8648
-8615
-8552
-8626

-8640
-8535
-8637
-8506
-8637
-8602
-8578
-8577
-8438
-8632
-8587
-8646
-8556
-8651
-8630
-8420
-8603
-8534
-8673
-8654
-8540
-8596
-8548
-8567
-8556
-8514
-8535
-8574
-8678
-8552
-8515
-8490
-8615
-8611
-8591
-8590
-8545
-8578
-8683
-8529
-8705
-8537
-8702
-8594
-8655
-8669
-8589
-8557
-8644
-8683
-8443
-8400
-8558
-8581
-8588
-8708
-8414
-8645
-8612
-8536
-8616
-8574
-8658
-8656
-8478
-8483
-8562
-8459
-8614
-8565
-8494
-8578
-8593
-8673
-8530
-8628
-8440
-8428
-8478
-8466
-8622
-8575
-8614
-8580
-8448
-8578
-8519
-8559
-8650
-8710
-8692
-8730
-8604
-8543
-8789
-8536
-8594
-8496
-8459
-8411
-8531
-8588
-8698
-8598
-8635
-8543
-8581
-8595
-8690
-8382
-8544
-8580
-8446
-8377
-8705
-8575
-8587
-8550
-8577
-8552
-8508
-8571
-8572
-8551
-8527
-8534
-8460
-8623
-8418
-8585
-8578
-8469
-8586
-8590
-8592
-8545
-8583
-8470
-8599
-8586
-8428
-8456
-8585
-8651
-8527
-8580
-8592
-8558
-8662
-8486
-8420
-8566
-8650
-8543
-8644
-8608
-8508
-8502
-8595
-8589
-8392
-8483
-8486
-8756
-8555
-8475
-8461
-8636
-8554
-8624
-8618
-8541
-8545
-8555
-8549
-8498
-8661
-8637
-8630
-8408
-8584
-8627
-8487
-8589
-8570
-8581
-8478
-8702
-8560
-8521
-8468
-8607
-8476
-8496
-8606
-8665
-8311
-8535
-8599
-8645
-8375
-8470

-8558
-8554
-8540
-8616
-8549
-8618
-8378
-8525
-8686
-8431
-8547
-8464
-8583
-8466
-8485
-8512
-8532
-8380
-8551
-8415
-8567
-8615
-8526
-8576
-8419
-8465
-8674
-8507
-8574
-8676
-8519
-8640
-8528
-8672
-8563
-8561
-8584
-8437
-8676
-8434
-8569
-8565
-8471
-8555
-8628
-8564
-8549
-8441
-8461
-8432
-8552
-8660
-8543
-8487
-8525
-8711
-8516
-8538
-8486
-8321
-8531
-8600
-8412
-8380
-8597
-8468
-8677
-8629
-8567
-8536
-8439
-8462
-8624
-8512
-8566
-8710
-8487
-8391
-8427
-8493
-8598
-8422
-8547
-8517
-8616
-8551
-8532
-8615



-8519
-8537
-8490
-8495
-8586
-8452
-8570
-8635
-8556
-8570
-8624
-8511
-8645
-8540
-8459
-8496
-8620
-8549
-8519
-8570
-8448
-8581
-8502
-8451
-8574
-8501
-8408
-8513
-8438
-8559
-8600
-8657
-8507
-8601
-8641
-8457
-8436
-8437
-8608
-8647
-8344
-8474
-8617
-8632
-8502
-8525
-8520
-8553
-8526
-8540
-8554
-8589
-8567
-8404
-8482
-8537
-8552
-8313
-8624
-8366
-8502
-8426
-8339
-8501
-8608
-8567
-8806
-8434
-8546
-8411
-8574
-8528
-8558
-8519
-8572
-8503
-8562
-8525
-8405
-8610
-8549
-8572
-8641
-8576
-8588
-8623
-8703
-8545
-8667
-8635
-8562
-8564
-8530
-8607
-8658
-8521
-8543
-8445
-8568
-8537
-8417
-8501
-8592
-8561
-8515
-8616
-8512
-8673
-8500
-8482
-8487
-8511
-8599
-8585
-8637
-8476
-8490
-8609
-8545
-8640
-8576
-8468
-8492
-8456
-8603
-8480
-8611
-8464
-8651
-8458
-8569
-8637
-8610
-8514
-8604
-8423
-8400
-8441
-8642
-8517
-8517
-8604
-8521
-8608
-8547
-8458
-8584
-8624
-8615
-8603
-8411
-8388
-8521
-8533
-8461
-8591
-8531
-8579
-8667
-8476
-8593
-8401
-8679
-8571
-8580
-8611
-8492
-8486
-8455
-8412
-8623
-8678
-8630
-8509
-8470
-8514
-8617
-8640
-8746
-8502
-8750
-8468
-8570
-8617
-8648
-8345
-8480
-8401
-8539
-8631
-8504
-8424
-8565
-8502
-8522
-8608
-8589
-8540
-8555
-8463
-8584
-8482
-8587
-8539
-8401
-8544
-8622
-8483
-8467
-8544
-8523
-8513
-8548
-8676
-8542
-8548
-8502
-8643
-8644
-8574
-8516
-8479
-8632
-8594
-8509
-8681
-8475
-8557
-8470
-8492
-8688
-8517
-8469
-8484
-8362
-8439
-8549
-8457
-8515
-8558
-8529
-8342
-8598
-8456
-8583
-8532
-8496
-8474
-8569
-8560
-8424
-8541
-8568
-8553
-8482
-8492
-8452
-8623
-8554
-8350
-8661
-8612
-8609
-8489
-8568
-8410
-8517
-8476
-8585
-8541
-8300
-8427
-8275
-8668
-8582
-8580
-8650
-8408
-8577
-8594
-8475
-8642
-8439
-8599
-8677
-8663
-8425
-8495
-8569
-8504
-8639
-8589
-8506
-8531
-8438
-8663
-8693
-8611
-8668
-8538
-8624
-8536
-8516
-8392
-8702
-8596
-8589
-8523
-8592
-8630
-8304
-8507
-8617
-8617
-8524
-8516
-8542
-8594
-8580
-8553
-8762
-8673
-8610
-8702
-8478
-8531
-8426
-8418
-8498
-8576
-8609
-8585
-8515
-8464
-8501
-8637
-8440
-8441
-8492
-8506
-8571
-8416
-8426
-8492
-8513
-8488
-8520
-8570
-8475
-8466
-8500

-8508
-8502
-8597
-8678
-8388
-8540
-8554
-8640
-8645
-8403
-8599
-8422
-8601
-8669
-8513
-8648
-8699
-8551
-8466
-8486
-8476
-8447
-8571
-8715
-8584
-8602
-8493
-8556
-8544
-8543
-8536
-8652
-8488
-8611
-8536
-8569
-8679
-8696
-8670
-8519
-8596
-8329
-8583
-8552
-8614
-8414
-8686
-8551
-8511
-8585
-8581

-8673
-8496
-8511
-8585
-8444
-8367
-8629
-8465
-8441
-8632
-8613
-8354
-8632
-8456
-8592
-8502
-8396
-8479
-8605
-8550
-8581
-8434
-8635
-8426
-8595
-8579
-8530
-8353
-8535
-8580
-8612
-8522
-8463
-8480
-8492
-8678
-8502
-8429
-8484
-8569
-8418
-8557
-8738
-8480
-8549
-8495
-8515
-8468
-8515
-8532
-8536
-8573
-8600
-8467
-8633
-8509
-8430
-8587
-8561
-8568
-8502
-8467
-8367
-8711
-8499
-8557
-8568
-8669
-8655
-8626
-8526
-8627
-8687
-8559
-8449
-8569
-8581
-8573
-8411
-8718

-8538
-8514
-8505
-8689
-8487
-8432

-8562
-8610
-8564
-8454
-8374
-8624
-8677
-8577
-8469
-8529
-8619
-8460
-8579
-8544
-8490
-8515
-8440
-8449
-8651
-8590
-8552
-8556
-8466
-8521
-8547
-8586
-8702
-8541
-8559
-8388
-8600
-8484
-8510
-8610
-8525
-8576
-8572
-8495
-8570
-8433
-8558
-8596
-8531
-8581
-8561
-8621
-8562
-8567
-8685
-8532

-8537
-8646
-8562
-8571
-8550
-8577
-8586
-8566
-8592
-8571
-8753
-8619

-8480
-8513
-8546
-8502
-8472
-8527
-8525
-8423
-8723
-8549
-8476
-8488
-8626
-8664
-8559
-8500
-8346
-8478
-8494
-8468
-8591
-8382
-8431
-8538
-8525
-8614
-8575
-8508
-8516
-8554
-8579
-8509
-8370
-8591
-8469
-8636
-8609
-8537
-8533
-8576

-8619
-8612
-8597
-8680
-8670
-8517
-8606
-8440
-8546
-8387
-8589
-8582
-8470
-8527
-8561
-8525
-8473
-8421
-8523
-8599
-8522
-8453
-8480
-8512
-8472
-8464
-8644
-8397
-8578
-8532
-8500
-8559
-8585
-8495
-8526
-8551
-8517
-8398
-8515
-8460
-8635
-8536
-8613
-8664
-8429
-8528
-8688
-8630
-8521
-8507
-8581
-8528
-8549
-8700
-8530
-8538
-8414
-8588
-8378
-8459
-8593
-8458
-8578
-8503
-8392

-8465
-8705
-8610

-8491
-8581
-8480
-8441
-8616
-8659
-8795
-8761
-8596
-8606
-8473
-8383
-8458
-8651
-8685
-8479
-8575
-8454
-8528
-8618
-8534
-8624
-8616
-8589
-8517
-8450
-8486
-8627
-8495
-8700
-8495
-8567
-8448
-8546
-8591
-8605
-8583
-8527
-8452
-8622
-8645
-8533
-8529
-8513
-8573
-8584
-8444
-8587
-8705
-8586
-8470
-8524
-8612
-8635
-8619
-8538
-8523
-8635
-8568
-8516
-8535
-8675
-8595
-8563
-8684

-8526
-8480
-8506
-8627
-8461
-8501
-8597
-8699
-8515
-8565
-8814
-8808
-8550
-8617
-8403
-8576
-8666
-8430
-8631
-8619
-8587
-8640
-8736
-8867
-8536
-8490
-8572
-8431
-8706
-8545
-8501
-8624
-8568
-8557
-8534
-8608
-8707
-8563
-8524
-8529
-8647
-8615
-8621
-8550
-8572
-8541
-8632
-8629
-8620
-8669
-8569
-8622
-8519
-8619
-8549
-8662
-8481
-8715
-8583
-8553
-8400
-8364
-8707
-8496
-8500
-8606
-8578
-8607
-8430
-8516
-8618
-8535
-8435
-8698
-8621
-8436
-8422
-8514
-8443
-8432
-8530
-8680
-8720
-8551
-8611
-8412
-8623
-8545
-8635
-8537
-8618
-8501
-8562
-8576
-8357
-8475
-8582
-8579
-8550
-8582
-8556
-8603
-8525
-8490
-8600
-8623
-8420
-8573
-8542
-8547
-8541
-8462
-8693
-8611
-8563
-8483
-8505
-8629
-8507
-8641
-8575
-8505
-8580
-8642
-8547
-8480
-8691
-8600
-8426
-8477
-8717
-8503
-8312
-8464
-8536
-8525
-8613
-8702
-8701
-8510
-8596
-8591
-8510
-8474
-8507
-8510
-8682
-8705
-8666
-8653
-8664
-8515
-8654
-8493
-8634
-8616
-8499
-8565
-8600
-8391
-8599
-8612
-8637
-8533
-8593
-8499
-8557
-8532
-8535
-8624
-8595
-8714
-8516
-8513
-8549
-8506
-8486
-8525
-8488
-8604
-8687
-8534
-8496
-8620
-8818
-8674
-8548
-8645
-8506
-8597
-8746
-8696
-8405
-8617
-8607
-8618
-8596
-8410
-8644
-8551
-8539
-8632
-8622
-8582
-8631
-8499
-8517
-8465
-8471
-8550
-8552
-8591
-8550
-8594
-8630
-8664
-8575
-8654
-8595
-8777
-8556
-8583
-8537
-8671
-8598
-8641
-8643
-8448
-8556
-8595
-8490
-8506
-8724
-8546
-8681
-8541
-8590
-8552
-8690
-8578
-8653
-8704
-8559
-8607
-8513
-8442
-8751
-8497
-8640
-8612
-8556
-8499
-8556
-8666
-8553
-8635
-8560
-8553
-8635
-8548
-8544
-8620
-8529
-8634
-8532
-8495
-8690
-8615
-8547
-8663
-8628
-8482
-8700
-8559
-8693
-8581
-8716
-8447
-8502
-8528
-8603
-8462
-8608
-8488
-8459
-8639
-8556
-8675
-8410
-8487
-8452
-8555
-8592
-8343
-8587
-8694
-8492
-8595
-8725
-8522
-8429
-8562
-8529
-8473
-8642
-8552
-8586
-8610
-8717
-8532
-8557
-8371
-8623
-8503
-8512
-8612
-8551
-8570
-8442
-8572
-8485
-8663
-8605
-8721
-8551
-8598
-8555
-8576
-8722
-8579
-8592
-8480
-8537
-8527
-8562
-8551
-8471
-8524
-8467
-8482
-8426
-8598
-8606
-8502
-8508
-8404
-8577
-8639
-8624
-8531
-8475
-8511
-8649
-8541
-8566
-8609
-8493
-8487
-8585
-8528
-8594
-8669
-8724
-8587

-8644
-8589
-8572
-8582
-8495
-8471
-8744
-8580
-8614
-8574
-8682
-8475
-8623
-8554
-8586
-8611
-8502
-8486
-8443
-8603
-8594
-8567
-8587
-8506
-8569
-8543
-8465
-8505
-8550
-8562
-8588
-8553
-8291
-8555
-8457
-8496
-8393
-8454
-8334
-8544
-8509
-8614
-8572
-8585
-8543
-8624
-8566
-8517
-8583
-8650
-8564
-8610
-8573
-8455
-8445
-8275
-8583
-8536
-8442
-8498
-8478
-8599
-8601
-8538
-8503
-8502
-8467
-8545
-8698
-8432
-8600
-8478
-8460
-8488
-8468
-8469
-8547
-8405
-8549
-8511
-8487
-8361
-8630
-8574
-8603
-8453
-8575
-8443
-8593
-8535
-8653
-8459
-8573
-8575
-8577
-8600
-8593
-8549
-8387
-8559
-8626
-8684
-8609
-8518
-8538
-8527
-8594
-8458
-8505
-8517
-8514
-8582
-8567
-8528
-8405
-8583
-8405
-8588
-8446
-8674
-8601
-8589
-8564
-8661
-8515
-8627
-8649
-8545
-8665
-8538
-8487
-8614
-8580
-8541
-8450
-8589
-8510
-8595
-8584
-8512
-8637
-8698
-8576
-8670
-8571
-8583
-8607
-8487
-8475
-8528
-8528
-8595
-8639
-8688
-8445
-8479
-8467
-8486
-8598
-8479
-8477
-8682
-8520
-8605
-8476
-8570
-8637
-8537
-8581
-8613
-8477
-8514
-8698
-8492
-8444
-8458
-8560
-8735
-8472
-8511
-8452
-8499
-8610
-8557
-8611
-8563
-8632
-8532
-8520
-8636
-8442
-8528
-8524
-8528
-8393
-8517
-8671
-8619
-8660
-8519
-8421
-8601
-8611
-8413
-8466
-8702
-8571
-8305
-8548
-8630
-8563
-8628
-8521
-8674
-8583
-8518
-8585
-8520
-8635
-8684
-8663
-8544
-8495
-8518
-8641
-8584
-8511
-8555
-8654
-8474
-8598
-8582
-8694
-8514
-8696
-8510
-8583
-8629
-8711
-8544
-8768
-8538
-8562
-8499
-8627
-8397
-8613
-8491
-8425
-8576
-8421
-8473
-8551
-8537
-8545
-8316
-8561
-8590
-8600
-8543
-8574
-8541
-8577
-8521
-8652
-8459
-8452
-8790
-8554
-8467
-8698
-8548
-8491
-8645
-8575
-8578
-8504
-8595
-8481
-8638
-8725
-8497
-8505
-8593
-8507
-8577
-8692
-8619
-8547
-8573
-8545
-8527
-8530
-8582
-8568
-8556
-8556
-8590
-8512
-8686
-8559
-8502
-8574
-8399
-8556
-8546
-8442
-8510
-8511
-8478
-8561
-8413
-8641
-8448
-8472
-8554
-8497
-8569
-8604
-8463
-8573
-8596
-8476
-8413
-8568
-8664
-8532
-8476
-8685
-8546
-8650
-8380
-8553
-8639
-8581
-8611
-8350
-8536
-8558
-8572
-8615
-8538
-8495
-8476
-8636
-8699
-8543
-8544
-8534
-8573
-8472
-8418
-8527
-8594
-8412
-8579
-8537
-8543
-8453
-8609
-8397
-8571
-8523
-8592
-8715
-8652
-8568
-8520
-8510
-8749
-8733
-8516
-8612
-8631
-8533
-8638
-8565
-8378
-8628
-8497
-8594
-8663
-8607
-8547
-8503
-8632
-8453
-8464
-8564
-8510
-8356
-8409
-8419
-8554
-8555
-8523
-8619
-8620
-8403
-8547
-8506
-8427
-8304
-8528
-8636
-8649
-8546
-8665
-8551
-8773
-8615
-8563
-8611
-8624
-8408
-8571
-8537
-8638
-8428
-8485
-8522
-8465
-8526
-8443
-8572
-8650
-8508
-8649
-8508
-8522
-8545
-8638
-8471
-8434
-8402
-8685
-8479
-8534
-8511
-8580
-8722
-8629
-8599
-8412
-8495
-8638
-8600
-8536
-8591
-8471
-8529
-8587
-8628
-8685
-8501
-8613
-8628
-8624
-8592
-8368
-8610
-8606
-8549
-8584
-8611
-8529
-8421
-8523
-8606
-8468
-8599
-8541
-8582
-8598
-8466
-8601
-8682
-8614
-8673
-8683
-8530
-8495
-8573
-8633
-8669
-8535

-8504
-8448
-8531
-8681
-8632
-8554
-8434
-8394
-8664
-8538
-8505
-8546
-8478
-8545
-8748
-8665
-8529
-8420
-8517
-8398
-8636
-8473
-8422
-8548
-8543
-8514
-8570
-8471
-8666
-8653
-8517
-8530
-8416
-8459
-8444
-8571
-8577
-8539
-8527
-8526
-8490
-8549
-8686
-8535
-8512
-8472
-8667
-8476
-8639
-8577
-8394
-8520
-8693
-8576
-8567
-8551
-8674
-8709
-8598
-8416
-8460
-8498
-8492
-8488
-8518
-8525
-8521
-8494
-8472
-8615
-8661
-8579
-8574
-8451
-8506
-8477
-8478
-8589
-8550
-8608
-8445
-8464
-8554
-8587
-8580
-8542
-8673
-8634
-8552
-8591
-8390
-8462
-8538
-8454
-8539
-8489
-8511
-8502
-8574
-8661
-8601
-8593
-8459
-8488
-8524
-8567
-8642
-8380
-8458
-8643
-8583
-8431
-8501
-8502
-8598
-8517
-8567
-8590
-8683
-8573
-8452
-8452
-8517
-8527
-8460
-8573
-8547
-8514
-8693
-8383
-8655
-8599
-8648
-8562
-8455
-8602
-8512
-8415
-8435
-8349
-8530
-8490
-8582
-8628
-8669
-8521
-8549
-8608
-8548
-8555
-8604
-8490
-8650
-8669
-8512
-8496
-8603
-8433
-8442
-8454
-8425
-8587
-8657
-8554
-8500
-8581
-8593
-8617
-8602
-8536
-8542
-8393
-8497
-8617
-8490
-8547
-8549
-8660
-8529
-8548
-8645
-8467
-8577
-8529
-8407
-8630
-8538
-8537
-8645
-8503
-8564
-8583
-8516
-8610
-8456
-8532
-8674
-8532
-8445
-8617
-8644
-8503
-8669
-8716
-8406
-8424
-8344
-8429
-8459
-8395
-8621
-8540
-8557
-8608
-8545
-8546
-8515
-8603
-8510
-8553
-8478
-8503
-8608
-8541
-8600
-8440
-8519
-8591
-8569
-8674
-8528
-8570
-8494
-8490
-8454
-8568
-8519
-8580
-8597
-8510
-8583
-8632
-8548
-8580
-8623
-8534
-8568
-8569
-8670
-8530
-8641
-8538
-8504
-8729
-8518
-8514
-8551
-8658
-8602
-8476
-8615
-8382
-8392
-8587
-8575
-8535
-8526
-8619
-8682
-8476
-8632
-8464
-8540
-8669
-8593
-8520
-8600
-8569
-8631
-8688
-8511
-8427
-8531
-8596
-8477
-8732
-8567
-8408
-8498
-8524
-8493
-8484
-8505
-8496
-8572
-8479
-8573
-8631
-8597
-8679
-8633
-8586
-8430
-8610
-8485
-8539
-8760
-8547
-8516
-8482
-8469
-8515
-8581
-8410
-8676
-8432
-8515
-8639
-8609
-8527
-8512
-8567
-8579
-8608
-8597
-8507
-8669
-8450
-8519
-8552
-8546
-8496
-8628
-8654
-8478
-8673
-8437
-8634
-8536
-8601
-8597
-8592
-8510
-8519
-8501
-8730
-8487
-8637
-8615
-8555
-8668
-8522
-8532
-8583
-8434
-8613

-8591
-8493
-8545
-8477
-8571
-8557
-8545
-8496
-8519
-8381
-8617
-8404
-8617
-8488
-8568
-8606
-8496
-8666
-8580
-8483
-8454
-8725
-8487
-8570
-8602
-8548
-8507
-8614
-8505
-8571
-8645
-8595
-8608
-8599
-8570
-8481
-8673
-8383
-8594
-8511
-8511
-8477
-8583
-8511
-8638
-8489
-8507
-8553
-8594
-8611
-8582
-8527
-8569
-8667
-8489
-8598
-8542
-8551
-8448
-8514
-8652
-8525
-8500
-8466
-8644
-8600
-8497
-8675
-8613
-8480
-8519
-8651
-8562
-8576
-8668
-8480
-8577
-8607
-8439
-8481
-8512
-8464
-8489
-8545
-8472
-8409
-8578
-8522
-8612
-8659
-8447
-8452
-8551
-8583
-8398
-8728
-8582
-8444
-8689
-8587
-8560
-8523
-8563
-8537
-8700
-8563
-8667
-8560
-8544
-8520
-8555
-8724
-8637
-8627
-8470
-8553
-8529
-8562
-8571
-8502
-8525
-8523
-8491
-8520
-8546
-8563
-8680
-8587
-8499
-8726
-8588
-8491
-8577
-8658
-8668
-8530
-8480
-8615
-8496
-8604
-8630
-8558
-8525
-8559
-8523
-8501
-8751
-8583
-8555
-8537
-8508
-8648
-8514
-8590
-8439
-8537
-8513
-8732
-8575
-8620
-8484
-8541
-8526
-8489
-8521
-8617
-8476
-8543
-8672
-8639
-8552
-8582
-8605
-8635
-8580
-8560
-8500
-8512
-8643
-8612
-8589
-8596
-8554
-8761
-8526
-8511
-8601
-8401
-8461
-8543
-8739
-8361
-8572
-8527
-8664
-8551
-8555
-8506
-8573
-8618
-8529
-8549
-8583
-8511

-8711
-8549
-8431
-8613
-8553
-8578
-8496
-8659
-8609
-8521
-8652
-8487
-8478
-8630
-8543
-8687
-8487
-8581
-8465
-8567
-8607
-8475
-8540
-8548
-8614
-8540
-8522
-8546
-8537
-8669
-8580
-8498
-8553
-8596
-8520
-8521
-8521
-8532
-8547
-8498
-8582
-8542
-8624
-8597
-8687
-8601
-8632
-8437
-8520
-8431
-8545
-8549
-8530
-8607
-8503
-8539
-8651
-8476
-8529
-8447
-8426
-8442
-8588
-8492
-8542
-8512
-8444
-8566
-8649
-8669
-8458
-8474
-8525
-8628
-8535
-8529
-8577
-8666
-8495
-8396
-8624
-8385
-8566
-8404
-8616
-8557
-8432
-8533
-8600
-8616
-8633
-8564
-8476
-8569
-8624
-8534
-8428
-8570
-8308
-8523
-8717
-8565
-8644
-8449
-8549
-8467
-8584
-8616
-8607
-8467
-8602
-8523
-8490
-8482
-8584
-8449
-8586
-8696
-8496
-8505
-8604
-8470
-8532
-8567
-8601
-8625
-8554
-8565
-8396
-8478
-8681
-8633
-8528

-8443
-8529
-8536
-8435
-8339
-8533
-8457
-8480
-8573
-8441
-8378
-8418
-8502
-8661
-8490
-8644
-8624
-8469
-8587
-8634
-8576
-8497
-8494
-8557
-8447
-8574
-8498
-8427
-8579
-8557
-8518
-8559
-8496
-8632
-8386
-8577
-8496
-8643
-8426
-8312
-8476
-8554
-8417
-8684
-8421
-8558
-8581
-8563
-8552
-8413
-8656
-8436
-8548
-8396
-8572
-8581
-8528
-8594
-8526
-8378
-8438
-8641
-8456
-8624
-8522
-8607
-8505
-8537
-8543
-8582
-8608
-8433
-8553
-8466
-8430
-8564
-8604
-8530
-8567
-8481
-8578
-8532
-8432
-8581
-8616
-8470
-8609
-8617
-8585
-8502
-8479
-8557
-8609
-8428
-8666
-8691
-8546
-8574
-8489
-8547
-8529
-8435
-8614
-8578
-8413
-8617
-8690
-8647
-8624
-8561
-8528
-8599
-8506
-8633
-8471
-8578
-8496
-8643
-8392
-8557
-8460
-8439
-8468
-8558
-8563
-8665
-8593
-8525
-8514
-8502
-8579
-8515
-8555
-8575
-8698
-8556
-8642
-8640
-8505
-8681
-8630
-8636
-8624
-8580
-8517
-8701
-8583
-8604
-8660
-8548
-8534
-8496
-8659
-8530
-8570
-8468
-8488
-8615
-8519
-8597
-8441
-8562
-8606
-8675
-8506
-8516
-8582
-8525
-8540
-8521
-8358
-8573
-8704
-8525
-8461
-8486
-8611
-8530
-8479
-8509
-8522
-8548
-8545
-8625
-8599
-8524
-8555
-8703
-8739
-8616
-8599
-8495
-8585
-8672
-8499
-8480
-8476
-8616
-8530
-8452
-8457
-8748
-8490
-8567
-8512
-8537
-8477
-8551
-8512
-8509
-8524
-8549
-8483
-8595
-8514
-8569
-8444
-8510
-8511
-8668
-8532
-8721
-8576
-8486
-8551
-8551
-8633
-8538
-8590
-8568
-8463
-8609
-8441
-8526
-8485
-8526
-8495
-8558
-8576
-8589
-8526
-8784
-8447
-8544
-8575
-8544
-8649
-8599
-8572
-8456
-8605
-8515
-8746
-8579
-8467
-8654
-8567
-8490
-8503
-8530
-8551
-8516
-8583
-8492
-8592
-8586
-8542
-8476
-8584
-8453
-8533
-8595
-8580
-8634
-8557
-8509
-8677
-8579
-8494
-8504
-8574
-8459
-8681
-8515
-8694
-8515
-8445
-8455
-8465
-8565
-8526
-8568
-8716
-8510
-8620
-8431
-8557
-8556
-8594
-8412
-8537
-8437
-8558
-8541
-8597
-8549
-8528
-8557
-8654
-8608
-8595
-8492
-8571
-8642
-8569
-8628
-8507
-8427
-8497
-8506
-8539
-8513
-8487
-8437
-8651
-8672
-8632
-8563
-8420
-8464
-8605
-8469
-8552
-8567
-8568
-8458
-8602
-8574
-8505
-8580
-8524
-8580
-8543
-8510
-8604
-8548
-8598
-8496
-8466
-8521
-8643
-8584
-8519
-8483
-8550
-8441
-8592
-8516
-8538
-8482
-8477
-8585
-8494
-8451
-8552
-8572
-8496
-8561
-8527
-8467
-8564
-8396
-8565
-8485
-8520
-8591
-8571
-8525
-8562
-8511
-8614
-8616
-8585
-8670
-8619
-8442
-8671
-8642
-8490
-8656
-8496
-8599
-8430
-8608
-8550
-8722
-8590
-8528
-8608
-8546
-8704
-8526
-8664
-8556
-8513
-8548
-8541
-8407
-8457
-8502
-8552
-8429
-8754
-8563
-8591
-8550
-8591
-8567
-8590
-8669
-8631
-8630
-8505
-8560
-8471
-8504
-8489
-8600
-8673
-8640
-8416
-8568
-8684
-8492
-8534
-8495
-8523
-8533
-8656
-8457
-8496
-8584
-8541
-8588
-8520
-8597
-8574
-8490
-8361
-8500
-8592
-8582
-8436
-8569
-8615
-8501
-8443
-8570
-8541
-8522
-8611
-8667
-8614
-8668
-8682
-8524
-8538
-8470
-8585
-8638
-8540
-8448
-8493
-8512
-8409
-8577
-8477
-8477
-8542
-8596
-8525
-8477
-8633
-8538
-8617
-8475
-8396
-8517
-8422
-8542
-8616
-8720
-8392
-8444
-8645
-8524
-8447
-8682
-8468
-8488
-8393
-8602
-8466
-8619
-8565
-8517
-8521
-8534
-8537
-8539
-8549
-8507
-8620
-8401
-8567
-8408
-8589
-8724
-8418
-8487
-8633
-8563
-8523
-8671
-8592
-8469
-8597
-8458
-8629
-8561
-8511
-8617
-8488
-8519
-8507
-8479
-8677
-8503
-8516
-8551
-8517
-8471
-8527
-8509
-8683
-8471
-8517
-8542
-8404
-8537
-8490
-8515
-8524
-8591
-8553
-8584
-8431
-8680
-8473
-8646
-8582
-8430
-8481
-8650
-8557
-8660
-8645
-8513
-8622
-8549
-8558
-8523
-8542
-8437
-8594
-8536
-8450
-8480
-8619
-8683
-8592
-8545
-8459
-8573
-8565
-8721
-8636
-8627
-8549
-8612
-8537
-8644
-8512
-8500
-8571
-8642
-8482
-8518
-8468
-8565
-8665
-8471
-8589
-8586
-8459
-8652
-8462
-8491
-8578
-8613
-8463
-8557
-8612
-8543
-8575
-8500
-8509
-8620
-8569
-8582
-8536
-8449
-8624
-8601
-8546
-8466
-8476
-8486
-8637
-8502
-8479
-8634
-8571
-8511
-8538
-8499
-8698
-8658
-8444
-8611
-8465
-8664
-8671
-8526
-8448
-8598
-8432
-8594
-8617
-8617
-8650
-8571
-8460
-8404
-8666
-8405
-8549
-8652
-8515
-8486
-8586
-8493
-8527
-8580
-8611
-8618
-8615
-8588
-8544
-8709
-8562
-8515
-8480
-8529
-8596
-8656
-8617
-8653
-8629
-8585
-8718
-8554
-8386
-8490
-8609
-8565
-8514
-8424
-8562
-8614
-8712
-8578
-8516
-8570
-8533
-8572
-8490
-8514
-8508
-8601
-8554
-8469
-8570
-8564
-8519
-8615
-8642
-8553




-8554
-8645
-8564
-8685
-8549
-8331
-8591
-8604
-8466
-8642
-8483
-8636
-8699
-8667
-8575
-8595
-8567
-8688
-8579
-8577
-8524
-8679
-8613
-8419
-8600
-8599
-8620
-8578
-8791
-8419
-8518
-8589
-8562
-8618
-8550
-8614
-8639
-8652
-8490
-8494
-8724
-8495
-8453
-8598
-8622
-8583
-8528
-8477
-8648
-8516
-8578
-8569
-8496
-8547
-8608
-8528
-8495
-8703
-8483
-8552
-8542
-8646
-8632
-8496
-8595
-8484
-8539
-8697
-8598
-8564
-8621
-8582
-8403
-8659
-8542
-8489
-8411
-8591
-8385
-8561
-8501
-8566
-8641
-8546
-8658
-8480
-8565
-8643
-8586
-8624
-8561
-8502
-8578
-8594
-8631
-8383
-8487
-8463
-8477
-8687
-8488
-8584
-8441
-8496
-8600
-8631
-8544
-8591
-8535
-8521
-8578
-8522
-8668
-8579
-8615
-8501
-8549
-8630
-8452
-8630
-8526
-8465
-8703
-8499
-8512
-8618
-8554
-8629
-8573
-8370
-8562
-8580
-8579
-8519
-8538
-8537
-8613
-8612
-8575
-8582
-8465
-8454
-8569
-8533
-8679
-8496
-8490
-8589
-8568
-8546
-8558
-8745
-8520
-8638
-8537
-8520
-8644
-8555
-8546
-8543
-8401
-8600
-8607
-8558
-8562
-8513
-8370
-8506
-8604
-8762
-8561
-8691
-8526
-8502
-8615
-8528
-8604
-8538
-8608
-8553
-8640
-8608
-8494
-8406
-8531
-8567
-8614
-8692
-8508
-8468
-8497
-8579
-8481
-8646
-8543
-8790
-8512
-8455
-8550
-8507
-8589
-8632
-8501
-8589
-8798
-8485
-8649
-8555
-8503
-8640
-8439
-8616
-8581
-8615
-8538
-8481
-8539
-8569
-8567
-8504
-8531
-8572
-8745
-8476
-8477
-8577
-8519
-8594
-8708
-8567
-8491
-8485
-8528
-8576
-8688
-8549
-8577
-8576
-8513
-8652
-8431
-8697
-8551
-8530
-8608
-8632
-8544
-8516
-8551
-8511
-8532
-8595
-8492
-8615
-8685
-8674
-8620
-8482
-8766
-8537
-8518
-8428

-8420
-8579
-8666
-8540
-8506
-8601
-8499
-8518
-8472
-8593
-8665
-8546
-8615
-8815
-8596
-8548
-8630
-8608
-8561
-8564
-8737
-8652
-8475
-8414
-8355
-8581
-8530
-8647
-8636
-8455
-8605
-8464
-8594
-8535
-8419
-8497
-8552
-8772
-8722
-8494
-8669
-8506
-8539
-8513
-8630
-8472
-8508
-8630
-8469
-8608
-8515
-8502
-8368
-8484
-8455
-8518
-8632
-8408
-8534
-8504
-8638
-8648
-8700
-8541
-8743
-8512
-8578
-8505
-8563
-8651
-8543
-8507
-8602
-8482
-8598
-8479
-8505
-8749
-8668
-8542
-8683
-8516
-8615
-8488
-8684
-8568
-8621
-8548
-8514
-8576
-8745
-8623
-8499
-8640
-8548
-8498
-8634
-8551
-8547
-8642
-8653
-8459
-8523
-8524
-8569
-8703
-8622
-8480
-8624
-8559
-8649
-8680
-8506
-8622
-8491
-8429
-8498
-8612
-8504
-8607
-8523
-8441
-8481
-8678
-8597
-8436
-8528
-8693
-8540
-8506
-8477
-8396
-8447
-8513
-8591
-8698
-8562
-8496
-8555
-8472
-8558
-8525
-8496
-8479
-8616
-8464
-8725
-8543
-8535
-8650
-8435
-8431
-8589
-8644
-8436
-8539
-8633
-8610
-8426
-8532
-8499
-8443
-8375
-8582
-8608
-8635
-8455
-8548
-8542

-8395

-8541
-8616
-8529
-8580
-8386
-8606
-8604
-8619
-8561
-8443
-8424
-8680
-8624
-8597
-8543
-8428
-8408
-8779
-8443
-8545
-8617
-8467
-8480
-8517
-8739
-8492
-8523
-8493
-8621
-8636
-8607
-8574
-8670
-8661
-8655
-8474
-8595
-8607
-8659
-8444
-8451
-8590
-8644
-8592
-8580
-8524
-8577
-8598
-8480
-8636
-8551
-8613
-8569
-8651
-8683
-8452
-8484
-8541
-8813
-8535
-8640
-8491
-8533
-8552
-8512
-8453
-8577
-8414
-8624
-8457
-8438
-8460
-8551
-8504
-8565
-8402
-8650
-8595
-8637
-8519
-8518
-8556
-8527
-8580
-8544
-8449
-8419
-8624
-8512
-8451
-8418
-8549
-8593
-8568
-8617
-8637
-8514
-8461
-8629
-8668
-8510
-8586
-8421
-8419
-8561
-8496
-8541
-8533
-8587
-8457
-8543
-8531
-8548
-8500
-8476
-8560
-8620
-8652
-8568
-8644
-8484
-8515
-8692
-8621
-8622
-8620
-8526
-8471
-8630
-8692
-8457
-8554
-8570
-8619
-8551
-8519
-8550
-8576
-8460
-8667
-8633
-8496
-8542
-8555
-8618

-8570
-8496
-8447
-8448
-8466
-8524
-8773
-8559
-8472
-8593
-8676
-8499
-8502
-8513
-8592
-8376
-8451
-8525
-8452
-8616
-8614
-8465
-8473
-8571
-8396
-8515
-8586
-8624
-8517
-8573
-8530
-8463
-8465
-8427
-8535
-8560
-8565
-8499
-8555
-8555
-8624
-8501
-8436
-8549
-8496
-8467
-8487
-8521
-8575
-8421
-8439
-8605
-8393
-8505
-8512
-8459
-8575
-8548
-8378
-8660
-8453
-8485
-8417
-8578
-8582
-8583
-8547
-8468
-8522
-8549
-8606
-8503
-8594
-8524
-8455
-8434
-8363
-8505
-8522
-8445
-8546
-8493
-8505
-8617
-8607
-8551
-8546
-8636
-8636
-8579
-8575
-8560
-8509
-8526
-8431
-8577
-8536
-8527
-8473
-8482
-8595
-8484
-8480
-8449
-8367
-8570
-8516
-8649
-8517
-8554
-8419
-8618
-8385
-8368
-8344
-8602
-8596
-8475
-8518
-8596
-8492
-8579
-8500
-8618
-8514

-8512
-8553
-8442
-8601
-8504
-8459
-8576
-8482
-8598
-8547
-8573
-8676
-8519
-8484
-8446
-8534
-8572
-8447
-8624
-8649
-8575
-8487
-8451
-8416
-8614
-8552
-8509
-8537

-8465
-8635
-8654
-8486
-8433
-8659
-8489
-8597
-8496
-8556
-8584
-8644
-8553
-8435
-8732
-8484
-8489
-8571
-8457
-8625
-8471
-8632
-8631
-8748
-8519
-8694
-8413
-8609
-8639
-8310
-8401
-8615
-8427
-8381
-8399
-8639
-8364
-8487
-8599
-8551
-8591
-8631
-8510
-8512
-8559
-8547
-8544
-8557
-8531
-8489
-8561
-8476
-8702
-8486
-8537
-8470
-8492
-8708
-8439
-8511
-8407
-8601
-8582
-8421
-8669
-8563
-8518
-8529
-8585
-8415
-8511
-8588
-8699
-8730
-8653
-8684
-8469
-8617
-8641
-8672
-8553
-8789
-8637
-8574
-8437
-8468
-8476
-8505
-8517
-8626
-8487
-8621
-8506
-8521
-8587
-8549
-8635
-8583
-8624
-8742
-8537
-8641
-8617
-8573
-8669
-8482
-8403
-8523
-8601
-8494
-8595
-8459
-8581
-8541
-8737
-8538
-8469
-8608
-8559
-8707
-8535
-8529
-8515
-8652
-8514
-8602
-8530
-8615
-8479
-8543
-8614
-8678
-8670
-8574
-8654
-8589
-8635
-8567
-8610
-8391
-8622
-8452
-8433
-8492
-8657
-8539
-8542
-8520
-8561
-8683
-8603
-8502
-8511
-8440
-8581
-8483
-8424
-8624
-8528
-8535
-8565
-8505
-8497
-8499
-8619
-8474
-8585
-8643
-8600
-8691
-8421
-8565
-8567
-8530
-8505
-8540
-8490
-8513
-8567
-8538
-8545
-8516
-8540
-8600
-8557
-8501
-8506
-8507
-8539
-8514
-8512
-8624
-8616
-8547
-8471
-8579
-8517
-8651
-8697
-8492
-8630
-8365
-8538
-8661
-8621
-8537
-8656
-8685
-8615
-8604
-8567
-8742
-8454
-8507
-8580
-8610
-8569
-8499
-8595
-8583
-8460
-8674
-8763
-8676
-8495
-8505
-8548
-8554
-8486
-8550
-8432
-8584
-8481
-8461
-8673
-8496
-8618
-8449
-8566
-8611
-8548
-8577
-8672
-8600
-8393
-8602
-8500
-8510
-8579
-8515
-8507
-8577
-8470
-8529
-8673
-8638
-8565
-8678
-8561
-8752
-8732
-8593
-8290
-8700
-8555
-8422
-8607
-8574
-8657
-8668
-8490
-8532
-8429
-8532
-8634
-8624
-8603
-8624
-8553
-8407
-8639
-8757
-8495
-8674
-8446
-8555
-8608
-8650
-8520
-8574
-8584
-8586
-8760
-8555
-8479
-8630
-8547
-8497
-8562
-8588
-8610
-8496
-8521
-8575
-8528
-8495
-8608
-8514
-8418
-8490
-8442
-8631
-8515
-8701
-8518
-8623
-8557
-8652
-8567
-8591
-8696
-8605
-8584
-8710
-8608
-8606
-8508
-8607
-8675
-8680
-8643
-8496
-8520
-8479
-8594
-8553
-8778
-8493
-8548
-8623
-8530
-8531
-8616
-8379
-8587
-8460
-8531
-8301
-8533
-8544
-8587
-8677
-8710
-8536
-8573
-8660
-8632
-8471
-8511
-8525
-8549
-8461
-8528
-8667
-8489
-8419
-8569
-8515
-8445
-8521
-8446
-8371
-8599
-8495
-8552
-8632
-8482
-8512
-8510
-8544
-8539
-8470
-8578
-8716
-8537
-8538
-8507
-8606
-8694
-8446
-8406
-8659
-8530
-8522
-8511
-8455
-8646
-8487
-8577
-8637
-8680
-8568
-8486
-8501
-8572
-8696
-8505
-8580
-8640
-8588
-8636
-8695
-8473
-8565
-8514
-8624
-8608
-8423
-8560
-8510
-8596
-8407
-8614
-8593
-8524
-8504
-8549
-8708
-8652
-8558
-8490
-8478
-8606
-8572
-8325
-8560
-8595
-8456
-8492
-8461
-8525
-8630
-8634
-8406
-8458
-8680
-8733
-8557
-8562
-8548
-8452
-8628
-8526
-8646
-8591
-8698
-8657
-8623
-8595
-8632
-8599
-8490
-8535
-8486
-8529
-8559
-8584
-8379
-8553
-8443
-8580
-8422
-8636
-8524
-8500
-8580
-8687
-8596
-8627
-8504
-8586
-8641
-8620
-8563
-8589
-8580
-8610
-8780
-8557
-8606
-8501
-8519
-8468
-8524
-8614
-8592
-8659
-8650
-8560
-8536
-8406
-8624
-8669
-8395
-8530
-8540
-8569
-8615
-8522
-8724
-8512
-8647
-8610
-8699
-8659
-8659
-8613
-8603
-8637
-8684
-8478
-8553
-8662
-8509
-8459
-8627
-8436
-8626
-8542
-8782
-8595
-8579
-8606
-8691
-8572
-8578
-8525
-8443
-8547
-8495
-8552
-8545
-8637
-8422
-8520
-8605
-8686
-8542
-8575
-8595
-8606
-8544
-8358
-8673
-8659
-8500
-8505
-8440
-8669
-8653
-8517
-8462
-8704
-8588
-8534
-8518
-8717
-8500
-8628
-8616
-8540
-8614
-8492
-8555
-8704
-8531
-8541
-8623
-8616
-8653
-8598
-8603
-8650
-8556
-8575
-8651
-8489
-8456
-8496
-8616
-8599
-8634
-8657
-8614
-8652
-8717
-8663
-8510
-8393
-8619
-8639
-8458
-8654
-8789
-8457
-8554
-8675
-8556
-8604
-8475
-8621
-8612
-8504
-8664
-8579
-8650
-8650
-8640
-8529
-8569
-8506
-8655
-8538
-8537
-8579
-8761
-8608
-8485
-8621
-8653
-8477
-8457
-8777
-8600
-8605
-8560
-8510
-8650
-8667
-8594
-8492
-8624
-8487
-8723
-8671
-8602
-8624
-8592
-8499
-8551
-8547
-8567
-8445
-8486
-8456
-8349
-8538
-8546
-8538
-8582
-8747
-8549
-8633
-8626
-8606
-8596
-8519
-8563
-8660
-8433
-8567
-8629
-8601
-8693
-8654
-8586
-8549
-8568
-8587
-8502
-8612
-8608
-8612
-8523
-8582
-8460
-8550
-8549
-8576
-8512
-8660
-8591
-8564
-8580
-8639
-8508
-8615
-8467
-8460
-8601
-8531
-8579
-8522

-8542
-8472
-8611
-8508
-8581
-8428
-8466
-8594
-8551
-8569
-8553
-8605
-8577
-8529
-8597
-8550
-8520
-8633
-8523
-8540
-8607
-8699
-8494
-8583
-8516
-8475
-8642
-8545
-8668
-8491
-8480
-8439
-8567
-8641
-8590
-8448
-8563
-8592
-8365
-8546
-8513
-8541
-8602
-8446
-8551
-8591
-8583
-8612
-8604
-8370
-8481
-8587
-8636
-8645
-8634
-8503
-8711
-8614
-8481
-8530
-8644
-8510
-8557
-8643
-8447
-8589
-8564
-8613
-8405
-8500
-8666
-8581
-8461
-8500
-8701
-8519
-8555
-8505
-8680
-8728
-8564
-8649
-8487
-8603
-8656
-8607
-8592
-8507
-8620
-8637
-8527
-8599
-8546
-8545
-8408
-8618
-8585
-8529
-8608
-8601
-8489
-8637
-8444
-8563
-8580
-8587
-8456
-8590
-8516
-8501
-8735
-8660
-8642
-8531
-8488
-8564
-8527
-8583
-8695
-8480
-8690
-8623
-8551
-8569
-8731
-8507
-8496
-8528
-8508
-8657
-8459
-8424
-8376
-8535
-8604
-8419
-8635
-8569
-8598
-8397
-8582
-8606
-8608
-8508
-8555
-8542
-8522
-8593
-8545
-8544
-8612
-8710
-8557
-8504
-8647
-8642

-8468
-8386
-8548
-8471
-8595
-8580
-8520
-8579
-8678
-8510
-8678
-8461
-8571
-8557
-8232
-8392
-8476
-8539
-8453
-8490
-8527
-8469
-8501
-8574
-8444
-8534
-8558
-8374
-8438
-8342
-8401
-8417
-8543
-8489
-8511
-8558
-8365
-8533
-8549
-8403
-8672
-8450
-8439
-8470
-8534


-8618
-8749
-8545
-8566
-8600
-8282
-8580
-8668
-8620
-8429
-8373
-8385
-8552
-8560
-8418
-8515
-8574
-8545
-8622
-8419
-8418
-8522
-8516
-8644
-8374
-8618
-8386
-8405
-8511
-8466
-8525
-8597
-8480
-8545
-8373
-8605
-8530
-8472
-8527
-8554
-8495
-8581
-8484
-8566
-8741
-8521
-8593

-8582
-8615
-8553
-8624
-8532
-8496
-8454
-8610
-8416
-8479
-8426
-8472
-8498
-8545
-8468
-8683
-8517
-8664
-8672
-8395
-8706
-8582
-8732
-8501
-8484
-8532
-8625
-8539
-8509
-8446
-8580
-8495
-8308
-8447
-8618
-8735
-8487
-8521
-8708
-8563
-8516
-8611
-8555
-8696
-8595
-8674
-8736
-8663
-8457
-8453
-8497
-8550
-8584
-8600
-8532
-8445
-8425
-8531
-8522
-8448
-8496
-8525
-8615
-8664
-8629
-8368
-8510
-8500
-8440
-8700
-8583
-8679
-8636
-8614
-8609
-8576
-8499
-8527
-8581
-8553
-8523
-8602
-8516
-8590
-8457
-8669
-8650
-8560
-8510
-8572
-8682
-8726
-8664
-8511
-8496
-8538
-8558
-8669
-8394
-8467
-8671
-8600
-8606
-8440
-8504
-8497
-8436
-8353
-8567
-8591
-8609
-8584
-8481
-8689
-8873
-8501
-8447
-8549
-8631
-8627
-8592
-8614
-8625
-8523
-8457
-8663
-8515
-8606
-8516
-8637
-8608
-8656
-8702
-8614
-8651
-8485
-8508
-8494
-8574
-8598
-8653
-8397
-8579
-8539
-8639
-8658
-8550
-8609
-8554
-8579
-8486
-8531
-8583
-8451
-8554
-8628
-8515
-8424
-8618
-8557
-8486
-8453
-8466
-8652
-8512
-8602
-8547
-8792
-8443
-8671
-8672
-8598
-8649
-8535
-8596
-8344
-8633
-8600
-8585
-8675
-8526
-8558
-8537
-8547
-8601
-8647
-8490
-8599
-8648
-8612
-8569
-8438
-8564
-8467
-8710
-8601
-8637
-8551
-8573
-8555
-8521
-8543
-8585
-8483
-8511
-8527
-8368
-8465
-8505
-8583
-8492
-8572
-8495
-8634
-8533
-8593
-8541
-8602
-8610
-8545
-8577
-8494
-8596
-8729
-8469
-8577
-8458
-8514
-8580
-8581
-8624
-8579
-8433
-8499
-8552
-8537
-8589
-8543
-8630
-8554
-8651
-8549
-8591
-8541
-8431
-8489
-8585
-8688
-8456
-8687
-8650
-8503
-8708
-8566
-8590
-8522
-8624
-8641
-8713
-8668
-8593
-8724
-8479
-8621
-8526
-8532
-8600
-8555
-8495
-8570
-8492
-8431
-8615
-8602
-8540
-8488
-8433
-8638
-8653
-8533
-8563
-8607
-8539
-8513
-8549
-8475
-8546
-8617
-8572
-8500
-8645
-8539
-8604
-8386
-8524
-8632
-8712
-8646
-8397
-8538
-8506
-8516
-8570
-8443
-8561
-8617
-8593
-8665
-8502
-8457
-8555
-8367
-8635
-8538
-8670
-8664
-8501
-8507
-8751
-8578
-8515
-8589
-8703
-8577
-8597
-8481
-8406
-8626
-8561
-8458
-8505
-8558
-8499
-8586
-8655
-8583
-8589
-8631
-8577
-8687
-8571
-8428
-8540
-8606
-8530
-8483
-8453
-8495
-8621
-8572
-8608
-8427
-8586
-8567
-8697
-8639
-8507
-8618
-8544
-8434
-8623
-8617
-8632
-8461
-8529
-8574
-8510
-8596
-8506
-8431
-8588
-8393
-8455
-8502
-8425
-8688
-8470
-8675
-8458
-8522
-8681
-8559
-8600
-8373
-8536
-8578
-8379
-8482
-8430
-8623
-8720
-8616
-8582
-8663
-8504
-8520
-8435
-8387
-8572

-8555
-8539
-8539
-8530
-8500
-8479
-8553
-8546
-8594
-8501
-8502
-8533
-8531
-8531
-8547
-8456
-8539
-8514
-8637
-8573
-8648
-8500
-8506
-8493
-8590
-8635
-8495
-8432
-8591
-8448
-8444
-8559
-8638
-8478
-8541
-8605
-8465
-8485
-8530
-8523
-8519
-8599
-8464
-8472
-8611
-8424
-8492
-8495
-8485
-8485
-8585
-8550
-8450
-8433
-8481
-8731
-8585
-8588
-8430
-8432
-8533
-8633
-8462
-8524
-8627
-8433
-8604
-8524
-8619
-8522
-8524
-8435
-8590
-8447
-8529
-8583
-8783
-8501
-8639
-8870
-8631
-8547
-8591
-8632
-8434
-8611
-8563
-8519
-8491
-8596
-8723
-8573
-8686
-8649
-8524
-8483
-8594
-8563
-8516
-8624
-8605
-8569
-8639
-8580
-8712
-8470
-8534
-8589
-8620
-8636
-8640
-8588
-8630
-8725
-8549
-8583
-8521
-8612
-8645
-8459
-8566
-8565
-8590
-8756
-8590
-8556
-8567
-8514
-8539
-8502
-8586
-8546
-8716
-8520
-8482
-8569
-8721
-8671
-8621
-8671
-8558
-8585
-8470
-8608
-8529
-8576
-8448
-8556
-8533
-8628
-8583
-8686
-8581
-8534
-8586
-8535
-8653
-8515
-8462
-8603
-8605
-8503
-8616
-8685
-8618
-8601
-8627
-8566
-8544
-8569
-8615
-8595
-8585
-8719
-8678
-8533
-8466
-8532
-8467
-8581
-8516
-8482
-8655
-8504
-8628
-8690
-8540
-8646
-8630
-8426
-8434
-8689
-8559
-8429
-8526
-8704
-8691
-8695
-8675
-8651
-8576
-8481
-8577
-8699
-8492
-8625
-8591
-8575
-8539
-8546
-8756
-8544
-8657
-8528
-8458
-8741
-8440
-8640
-8566
-8564
-8502
-8571
-8571
-8541
-8603
-8617
-8530
-8574
-8558
-8509
-8379
-8540
-8582
-8667
-8543

-8497

-8600
-8513
-8752
-8510
-8682
-8652
-8574
-8414
-8750
-8620
-8562
-8502

-8800
-8644
-8747
-8408
-8484
-8573
-8634
-8674
-8711
-8582
-8584
-8394
-8521
-8610
-8542
-8606
-8495
-8551
-8396
-8574
-8544
-8585
-8523
-8653
-8601
-8526
-8609
-8480
-8590
-8478
-8565
-8659
-8645
-8616
-8493
-8644
-8508
-8542
-8429
-8454
-8503
-8602
-8566

-8665
-8539
-8438
-8469
-8583
-8570
-8548
-8575
-8531
-8552
-8537
-8611
-8397
-8566
-8631
-8610
-8575
-8649
-8627
-8602
-8523
-8611
-8479
-8669
-8521
-8583
-8583
-8398
-8402
-8572
-8575
-8427
-8752
-8650
-8533
-8679
-8547
-8550
-8586
-8479
-8551
-8742
-8515
-8500
-8506
-8593
-8680
-8616
-8551
-8524
-8432
-8503
-8609
-8549
-8600
-8429
-8536
-8465
-8422
-8485
-8586
-8480
-8593
-8515
-8554
-8603
-8550
-8600
-8589
-8596
-8413
-8602
-8514
-8454
-8516
-8582
-8535
-8556
-8540
-8496
-8647
-8530
-8447
-8586
-8412
-8675
-8528
-8403
-8439
-8560
-8449
-8376
-8476
-8563
-8540
-8506
-8509
-8694
-8636
-8601
-8456
-8527
-8618
-8529
-8564
-8652
-8558
-8586
-8377
-8554
-8499
-8524
-8602
-8632
-8341
-8518
-8452
-8676
-8546
-8491
-8473
-8480
-8472
-8446
-8644
-8490
-8576
-8559
-8678
-8492
-8516
-8502
-8543
-8598
-8551
-8393
-8566
-8476
-8488
-8334
-8490
-8498
-8530
-8577
-8563
-8482
-8548
-8438
-8585
-8609
-8372
-8464
-8443
-8391
-8452
-8582


-8513
-8484
-8601
-8524
-8397
-8487
-8480
-8547
-8447
-8424
-8461
-8532
-8389
-8400
-8244
-8388
-8451
-8650
-8440
-8426
-8368
-8453
-8551
-8480
-8510
-8340
-8477
-8624
-8589
-8506
-8465
-8595
-8644
-8466
-8490


-8583
-8567
-8490
-8464
-8416
-8605
-8454
-8464
-8579
-8535
-8495
-8508
-8482
-8394
-8470
-8584
-8470
-8476
-8528
-8600
-8449
-8555
-8562
-8569
-8586
-8487
-8532
-8534
-8487
-8801
-8438
-8486
-8442
-8702
-8405
-8440
-8530
-8416
-8624
-8644
-8249
-8455
-8516
-8649
-8551
-8531
-8415
-8588
-8563
-8465
-8621
-8441
-8557
-8499
-8517
-8571
-8493
-8630
-8591
-8500
-8574
-8446
-8378
-8527
-8602
-8716
-8605
-8624
-8496
-8645
-8561
-8471
-8654
-8422
-8530
-8577
-8522
-8505
-8515
-8430
-8509
-8520
-8493
-8669
-8437
-8648
-8526
-8586
-8500
-8654
-8524
-8586
-8448
-8624
-8641
-8517
-8519
-8488
-8669
-8465
-8520
-8463
-8554
-8621
-8573
-8606
-8591
-8482
-8576
-8514
-8652
-8519
-8584
-8560
-8614
-8483
-8444
-8583
-8490
-8442
-8599
-8654
-8447
-8530
-8568
-8504
-8456
-8714
-8619
-8682
-8441
-8517
-8422
-8584
-8463
-8574
-8713
-8581
-8582
-8561
-8726
-8519
-8613
-8621
-8536
-8538
-8559
-8536
-8505
-8640
-8577
-8428
-8624
-8465
-8644
-8464
-8494
-8478
-8516
-8513
-8454
-8622
-8774
-8566
-8539
-8604
-8689
-8467
-8470
-8524
-8623
-8596
-8568
-8576
-8492
-8602
-8489
-8630
-8701
-8596
-8604
-8492
-8370
-8466
-8487
-8642
-8580
-8554
-8538
-8537
-8517
-8551
-8490
-8585
-8509
-8537
-8547
-8609
-8514
-8564
-8458
-8542
-8748
-8519
-8669
-8545
-8663
-8722
-8561
-8659
-8539
-8332
-8618
-8632
-8486
-8595
-8562
-8526
-8529
-8453
-8706
-8615
-8663
-8596
-8582
-8537
-8511
-8540
-8470
-8602
-8530
-8653
-8391
-8624
-8711
-8516
-8737
-8551
-8568
-8647
-8687
-8624
-8573
-8589
-8653
-8724
-8663
-8658
-8704
-8781
-8755
-8542
-8607
-8639
-8691
-8567
-8624
-8495
-8451
-8533
-8689
-8554
-8543
-8595
-8596
-8552
-8662
-8483
-8475
-8496
-8600
-8535
-8515
-8576
-8642
-8472
-8603
-8656
-8542
-8658
-8458
-8585
-8507
-8730
-8597
-8647
-8459
-8562
-8609
-8477
-8441
-8506
-8602
-8654
-8544
-8555
-8693
-8459
-8737
-8586
-8558
-8546
-8640
-8477
-8476
-8550
-8737
-8616
-8693
-8446
-8494
-8491
-8439
-8512
-8564
-8574
-8568
-8479
-8458
-8457
-8483
-8572
-8572
-8677
-8440
-8510
-8495
-8542
-8451
-8467
-8622
-8530
-8558
-8507
-8542
-8561
-8448
-8539
-8492
-8555
-8583
-8512
-8537
-8291
-8469
-8647
-8412
-8448
-8614
-8399
-8521
-8582
-8475
-8591
-8579
-8528
-8504
-8509
-8469
-8491
-8569
-8525
-8564
-8472
-8624
-8453
-8442
-8570
-8338
-8492
-8609
-8561
-8608
-8631
-8556
-8421
-8473
-8315
-8475
-8693
-8538
-8411
-8552
-8538
-8548

-8617
-8477
-8650
-8533
-8570
-8656
-8559
-8481

-8651
-8418
-8631
-8615
-8558
-8503
-8578
-8549
-8607
-8655
-8584
-8390
-8489
-8529
-8649
-8496
-8458
-8426
-8477
-8529
-8471
-8425
-8592
-8583
-8658
-8468
-8355
-8624
-8669
-8541
-8525
-8632
-8650
-8512
-8515
-8538
-8550
-8526
-8581
-8508
-8606
-8568
-8473
-8527
-8623
-8638
-8549
-8472
-8624
-8672
-8624
-8496
-8496
-8552
-8560
-8621
-8641
-8574
-8510
-8551
-8645
-8358
-8544
-8506
-8528
-8660
-8498
-8457
-8621
-8409
-8545
-8652
-8630
-8469
-8573
-8512
-8549
-8583
-8410
-8485
-8479
-8665
-8564
-8606
-8612
-8549
-8492
-8568
-8537
-8579
-8786
-8472
-8565
-8565
-8492
-8626
-8591
-8663
-8491
-8711
-8498
-8530
-8543
-8598
-8481
-8550
-8606
-8624
-8660
-8529
-8490
-8655
-8502
-8569
-8601
-8456
-8636
-8595
-8511
-8496
-8469
-8644
-8561
-8504
-8623
-8621
-8558
-8585
-8498
-8439
-8696
-8661
-8625
-8492
-8567
-8598
-8563
-8461
-8509
-8687
-8677
-8410
-8657
-8662
-8612
-8530
-8545
-8559
-8577
-8408
-8578
-8569
-8587
-8603
-8616
-8516
-8705
-8536
-8740
-8536
-8498
-8597
-8478
-8541
-8532
-8611
-8485
-8503
-8571
-8484
-8520
-8588
-8677
-8473
-8496
-8597
-8531
-8666
-8494
-8538
-8605
-8444
-8479
-8541
-8616
-8710
-8529
-8639
-8518
-8545
-8623
-8554
-8565
-8613
-8511
-8611
-8576
-8516
-8441
-8410
-8623
-8714
-8559
-8604
-8616
-8553
-8552
-8492
-8437
-8446
-8578
-8574
-8519
-8531
-8546
-8549
-8602
-8501
-8530
-8530
-8534
-8511
-8535
-8595
-8496
-8579
-8515
-8421
-8490
-8631
-8452
-8521
-8508
-8553
-8737
-8374
-8653
-8464
-8529
-8465
-8653
-8617
-8335
-8851
-8660
-8450
-8642
-8620
-8508
-8562
-8537
-8491
-8426
-8543
-8657
-8535
-8329
-8451
-8478
-8544
-8588
-8403
-8644
-8508
-8428
-8518
-8657
-8636
-8382
-8652
-8642
-8571
-8550
-8484
-8443
-8597
-8617
-8532
-8655
-8560
-8607
-8516
-8585
-8629
-8501
-8461
-8465
-8579
-8514
-8496
-8582
-8466
-8495
-8571
-8520
-8719
-8568
-8429
-8408
-8414
-8579
-8487
-8476
-8433
-8559
-8484
-8585
-8554
-8426
-8541
-8561
-8401
-8483
-8484
-8367
-8609
-8426
-8419
-8519
-8572
-8592
-8426
-8471
-8502
-8514
-8601
-8551
-8439
-8390
-8549
-8571
-8375
-8468
-8564
-8567
-8443
-8472
-8412
-8499
-8510
-8631
-8428
-8661
-8470
-8395
-8469
-8442
-8536
-8452
-8668
-8679
-8534
-8400
-8416
-8407
-8477
-8377
-8615
-8678
-8389
-8494
-8396
-8407
-8389
-8475
-8573
-8559
-8448
-8375
-8366
-8590
-8372
-8542
-8592
-8596
-8534
-8491
-8636
-8467
-8371
-8323
-8539
-8548
-8522
-8337
-8540
-8639
-8482
-8534
-8491
-8515
-8495
-8582
-8487
-8599
-8585
-8494
-8695
-8582
-8484
-8389
-8514
-8547
-8467
-8492
-8863
-8657
-8696
-8522
-8518
-8558
-8633
-8441
-8592
-8441
-8473
-8455
-8608
-8528
-8559
-8546
-8602
-8522
-8605
-8572
-8588
-8547
-8623
-8533
-8691
-8516
-8476
-8515
-8632
-8570
-8606
-8603
-8551
-8498
-8475
-8362
-8614
-8574
-8535
-8583
-8495
-8570
-8414
-8449
-8453
-8631
-8558
-8539
-8427
-8517
-8451
-8412
-8512
-8583
-8559
-8603
-8526
-8550
-8538
-8649
-8543
-8354
-8558
-8461
-8539
-8533
-8561
-8441
-8534
-8599
-8335
-8538
-8597
-8712
-8598
-8580
-8553
-8588
-8680
-8519
-8647
-8689
-8563
-8692
-8581
-8580
-8487
-8551
-8489
-8473
-8610
-8503
-8556
-8396
-8568
-8523
-8483
-8635
-8681
-8637
-8543
-8553
-8676
-8418
-8447
-8501
-8566
-8491
-8449
-8703
-8684
-8416
-8577
-8601
-8583
-8595
-8493
-8540
-8609
-8548
-8605
-8641
-8477
-8590
-8442
-8558
-8552
-8582
-8450
-8568
-8398
-8615
-8411
-8651

-8574
-8462
-8592
-8588
-8445
-8765
-8613
-8436
-8702
-8587
-8468
-8525
-8544
-8576
-8578
-8495
-8707
-8622
-8617
-8473
-8470
-8568
-8687
-8505

-8578
-8526
-8690
-8477
-8687
-8624
-8522
-8597
-8496
-8512
-8503
-8694
-8565
-8597
-8556
-8493
-8457
-8425
-8575
-8687
-8581
-8554
-8474
-8474
-8641
-8458
-8559
-8474
-8473
-8597
-8520
-8567

-8529
-8603
-8696
-8612
-8653
-8485
-8569
-8530
-8402
-8505
-8508
-8700
-8603
-8378
-8563
-8547
-8487
-8522
-8624
-8558
-8524
-8541
-8501
-8489
-8451
-8460
-8568
-8395
-8483
-8561
-8485
-8520
-8703
-8403
-8490
-8502
-8566
-8509
-8602
-8192
-8506
-8446
-8498
-8624
-8413
-8545
-8417
-8598
-8447
-8441
-8475
-8631
-8570
-8395
-8595
-8619
-8545
-8366
-8573
-8539
-8603
-8513
-8655
-8530
-8491
-8390
-8436
-8497
-8542
-8468
-8580
-8370
-8516
-8476
-8449
-8568

-8433
-8584
-8412
-8450
-8564
-8507
-8475
-8536
-8439
-8478
-8414
-8515
-8518
-8560
-8465
-8502
-8398
-8532
-8348
-8471
-8496
-8553
-8514
-8554
-8349
-8536
-8333
-8495
-8365
-8459
-8569
-8479
-8422
-8615
-8462
-8502
-8660
-8578
-8536
-8502
-8470

-8471
-8647
-8410
-8622
-8524
-8499
-8552
-8591
-8494
-8600
-8557
-8536
-8524
-8368
-8469
-8581
-8482
-8542
-8609
-8508
-8411
-8553
-8443
-8579
-8549
-8351
-8553
-8523
-8603
-8504
-8474
-8589
-8553
-8586
-8543
-8570
-8424
-8441
-8443
-8373
-8500
-8426
-8515
-8569
-8432
-8522
-8594
-8523
-8546
-8599
-8557

-8469
-8435
-8530
-8498
-8545
-8397
-8508
-8651
-8503
-8478
-8588
-8526
-8700
-8510
-8444
-8604
-8513
-8586
-8465
-8357
-8651
-8429
-8438
-8733
-8544
-8589
-8500
-8466
-8426
-8403
-8580
-8606
-8523
-8391
-8533
-8491
-8654
-8567
-8518
-8422
-8450
-8568
-8416
-8545
-8444
-8600
-8574
-8518
-8438
-8562
-8425
-8620
-8473
-8532
-8458
-8417
-8397
-8538
-8512
-8302
-8546
-8499
-8529
-8427
-8600
-8426
-8446
-8685
-8616
-8573
-8645
-8644
-8585
-8511
-8503
-8526
-8504
-8450
-8550
-8551
-8551
-8425
-8460
-8558
-8606
-8338
-8376
-8726
-8452
-8492
-8561
-8466
-8431
-8589
-8529
-8544
-8456
-8553
-8649
-8571
-8511
-8532
-8572
-8635
-8586
-8463
-8542
-8557
-8587
-8614
-8530
-8419
-8621
-8496
-8410
-8522
-8441
-8587
-8508
-8423
-8337
-8551
-8461
-8554
-8508
-8540
-8456
-8530
-8463
-8525
-8425
-8520
-8461
-8468

-8520
-8651
-8449
-8540
-8639
-8475
-8421
-8441
-8513
-8618
-8549
-8590
-8570
-8671
-8584
-8458
-8532
-8511
-8525



-8448
-8490
-8448
-8619
-8539
-8593
-8552
-8578

-8440
-8507
-8550
-8524





