3.12537E-05
3.03687E-05
3.10155E-05
3.03522E-05
2.99435E-05
3.09539E-05
3.06373E-05
3.17122E-05
2.98632E-05
3.0276E-05
3.0409E-05
3.13007E-05
3.05344E-05
2.99317E-05
3.04544E-05
3.12315E-05
3.05011E-05
3.09301E-05
3.06792E-05
3.13359E-05
3.03531E-05
3.11117E-05
3.15328E-05
3.11003E-05
3.07869E-05
3.08768E-05
3.08352E-05
3.12165E-05
3.11511E-05
3.00692E-05
3.05122E-05
3.20504E-05
2.97241E-05
3.10886E-05
3.03823E-05
3.13337E-05
3.00921E-05
3.10273E-05
3.15011E-05
3.00121E-05
3.04062E-05
3.06259E-05
3.02626E-05
3.17437E-05
3.08587E-05
3.03617E-05
3.20069E-05
3.14118E-05
3.13004E-05
2.96367E-05
3.05916E-05
3.12597E-05
3.16376E-05
3.10216E-05
3.10816E-05
3.11978E-05
3.15481E-05
3.02423E-05
3.03528E-05
3.0784E-05
3.20301E-05
3.12365E-05
3.10127E-05
3.1166E-05
3.07907E-05
3.05849E-05
3.0395E-05
3.19625E-05
3.063E-05
3.04852E-05
2.97536E-05
3.09755E-05
3.12981E-05
3.10829E-05
3.05151E-05
3.13458E-05
3.11702E-05
3.02013E-05
3.08834E-05
2.96679E-05
3.1201E-05
3.18304E-05
3.19482E-05
3.05611E-05
3.00143E-05
3.08815E-05
3.09574E-05
3.05119E-05
3.03715E-05
3.09765E-05
3.09581E-05
3.04512E-05
3.11873E-05
3.05532E-05
3.03436E-05
3.10454E-05
3.1603E-05
3.08361E-05
2.99175E-05
3.11956E-05
3.03601E-05
3.14395E-05
3.08431E-05
3.22759E-05
3.10889E-05
3.1194E-05
2.98641E-05
3.14064E-05
3.09419E-05
3.07262E-05
3.24356E-05
3.14347E-05
3.0462E-05
3.14172E-05
3.12384E-05
3.08228E-05
3.07602E-05
3.06202E-05
3.16875E-05
3.08469E-05
3.06637E-05
3.03792E-05
3.09085E-05
3.01289E-05
3.07532E-05
3.0645E-05
3.08596E-05
3.15557E-05
3.04662E-05
3.11543E-05
3.11432E-05
3.12816E-05
3.23896E-05
3.11816E-05
3.14112E-05
3.15141E-05
3.09898E-05
3.28535E-05
2.98219E-05
3.13759E-05
3.20615E-05
3.04217E-05
3.02198E-05
3.18132E-05
3.08907E-05
3.07898E-05
3.05764E-05
3.0839E-05
3.15481E-05
3.15868E-05
3.13652E-05
3.16116E-05
3.05459E-05
3.10635E-05
3.15388E-05
3.04331E-05
3.05179E-05

3.1904E-05
2.99892E-05






